id,tier,type
00000000-0000-0000-0000-000000000000,L3,Root
00000000-0000-0000-0000-000000000000,L1,Root
00000000-0000-0000-0000-000000000000,L1,Root
00000000-0000-0000-0000-000000000000,L1,Root
f31008dd-afcb-46e9-82e8-19485e39c3b0,L3,Root
f31008dd-afcb-46e9-82e8-19485e39c3b0,L1,Root
c7410223-40ee-4909-ad05-b4c7f668ed1f,L1,Root
e200b9c2-e069-4143-92f0-ee1f8cb9e874,L1,Root
9fe02092-5c55-4999-80f5-a3bfb228346b,L1,Root
d853dc16-1368-4b37-96a4-7c1dc5af20d5,L1,Root
35afb417-6274-4506-83b8-de7ea1b2c51f,L1,Root
1da6a006-9cdd-4d48-98ef-acd9eef79468,L1,Root
3986dc37-ecbd-40ff-affa-a433bc3f3e47,L1,Root
4449bd59-40ea-4577-a4db-ed358bad2359,L1,Root
3cbbcb74-7418-419d-9b25-62712dd5e5fe,L1,Root
b015cfa4-a22f-4541-b4a5-5ad0ba36f176,L1,Root
0658da79-1d2d-44de-af81-567ac5241db5,L1,Root
d25a45c6-980e-4710-b968-56a3d3ec21b6,L1,Root
b96e6dc4-3031-4f4c-a147-9169cd8dfa28,L1,Root
b5ec9c07-bbeb-4893-a1c5-08e5b602582e,L1,Root
1e5a012b-443f-4c8c-bf4a-d124c999e39a,L1,Root
6931e9cd-2227-42cd-8304-006f4bf1c681,L1,Root
1078daad-3037-4f0d-b9f4-9935da52d6a6,L1,Root
4b40a68f-8215-4084-a720-bb5e60274123,L1,Root
28b54d1f-96c5-44ae-b56f-600f52402055,L1,Root
7d1fc3b0-2c08-465e-8e6d-f03b4dd0a912,L1,Root
e0b3721a-fb36-46bd-a460-27988708339d,L1,Root
ab536481-28aa-4f85-8f7d-49dc32bfcbfe,L1,Root
4afbaf03-2711-40f8-ab43-05a4c5d31772,L1,Root
d5ce0df9-32cc-4c61-b509-e46c821999d5,L1,Root
59467bd8-042f-4485-8a21-9b95a0b9b828,L1,Root
400589f4-7b8a-4ed9-bdd7-66931f4768d4,L1,Root
3bb71bc7-41d9-4a3c-94f9-ed658ae49007,L1,Root
9fefc320-14d2-49f4-815b-4b1e1b1bb931,L1,Root
9cddeedd-b3a1-4bb1-9723-fd6eba1322ec,L1,Root
8ea342ca-03b8-4b9e-95b0-51c21494f31e,L1,Root
dcf2e960-ee4a-42e7-b793-ace3da1324ed,L1,Root
657b57c5-eb50-4aa5-8220-aa14cbc106f8,L1,Root
3670e7ba-e387-4bbc-be74-d5e288acad9b,L1,Root
1b6f9fee-8940-414c-9af0-2f3529cae574,L1,Root
51c89521-ac6d-4706-bbd5-346f2bf6d551,L1,Root
ca414d21-f86f-43a8-ac0f-f5e4ee447749,L1,Root
4094ae00-143e-4edc-8307-6698d8900a84,L1,Root
31f1daef-3bda-40fd-9442-8228d2ed3b0f,L1,Root
051d9c88-b6ad-4ee2-b90e-d7d039ffd29a,L1,Root
bfc16ca7-ce08-4e95-9839-4932a93d217e,L1,Root
393b84ae-b268-42b0-9f0f-ffcf5f4d4d5d,L1,Root
e11fcd64-1033-4592-a556-4a303ea11070,L1,Root
0f437143-939e-4b90-be80-35470b0f7296,L1,Root
a1e749f1-b59c-4142-b2d8-dcb1475ea841,L1,Root
0338a806-61d6-4a82-938b-6e433feeb18e,L1,Root
bdc37e8c-9f67-4603-aecf-af2e6db59682,L1,Root
a2abd84c-c3c6-47ed-847f-b7bff638e4d3,L1,Root
aa2a8cae-ed9b-469c-b5d9-7569678d97fa,L1,Root
e0cba3a3-4f76-430c-8541-8539e3a7f3a5,L1,Root
3d16eb90-9fa7-471d-9713-e0f9621d128b,L1,Root
916cbb50-7d22-4c0a-9169-8acfb8baaa19,L3,Profile
f31008dd-afcb-46e9-82e8-19485e39c3b0,L1,Root
2e088bb1-8f09-4ce9-baf3-3e7d02050dd6,L1,Tweet
0591b2fb-e70d-4f8e-8374-d0ce62d4299a,L1,Tweet
69e6f631-9779-4bc0-8451-c3777f6473c2,L1,Tweet
0b2ff432-6816-4971-ab49-e3ccdeca8b6a,L1,Tweet
efb6906b-85a4-4480-89de-16ef92217c43,L1,Tweet
a9d62224-dfdc-4d65-a7e0-05a5f40f45af,L1,Tweet
b8a2b80b-3300-4961-a57c-6394808e34e1,L1,Tweet
b6dce01e-d1ba-4f6c-9500-e815d091d18d,L1,Tweet
60bd4dcb-00e1-4fd8-b3fe-592c35e1bd6c,L1,Tweet
20150a26-0910-4ed5-9f4a-eeebe4dd7308,L1,Tweet
0646002d-dacf-46c7-94ed-31e6f76b1cef,L1,Tweet
0059f214-424e-4887-a337-f457e849d4aa,L1,Tweet
563f5a81-9b08-4bad-9f74-c657ad2ec0ae,L1,Tweet
0ee5eb08-554d-4a39-a6e4-78fbd527b7e2,L1,Tweet
dbe07e86-fac6-415d-b44b-3906e8cfec41,L1,Tweet
abc11776-f2ff-4c00-aa5b-ed81d8aca729,L1,Tweet
0c022d99-c302-4b60-9d0c-ae0ecb335eab,L1,Tweet
fb8a873a-a024-4ee0-8018-17c198ea4a65,L1,Tweet
ebca1530-e4b9-4d77-b77c-efaf12b7d059,L1,Tweet
85d44d3a-2155-4f8f-a21b-67653b3cb512,L1,Tweet
3702994c-01ce-431f-bab2-1c9694c460af,L1,Tweet
995c5d20-efec-402d-a1af-2cfeb621b99b,L1,Tweet
e7706326-c400-40d8-b71c-300f6b2bbcc6,L1,Tweet
70822213-1f92-4c97-9549-efcdb93b245f,L1,Tweet
18b8fbb8-0b05-491d-9b2e-da9d070d5305,L1,Tweet
5c4731f1-9191-4e15-bb73-a37beb42995c,L1,Tweet
7d12bad4-4398-4a3a-8007-bec9152a5eb6,L1,Tweet
56967c33-63fb-4d85-b748-008b88dfcce0,L1,Tweet
92ce6ad7-f27f-4e5f-b774-e8aa9381c1da,L1,Tweet
96e4c23f-0054-4726-8f4b-526f7df62097,L1,Tweet
770e25f4-80bd-47c6-951e-3c1a77a4c8a3,L1,Tweet
e4f06aae-4dd1-461b-a412-bb361436503f,L1,Tweet
49e31bd6-8a44-4f03-a13c-5191334ad601,L1,Tweet
baa0a11d-36b9-4168-87cf-49ee6d5bbbd2,L1,Tweet
6405f512-ba38-4ce5-b7ec-d1acae1b9518,L1,Tweet
183d4d2d-79f6-4d68-952f-dcbab569d77c,L1,Tweet
05f1fe4e-36f7-4579-8924-bace7492f324,L1,Tweet
79c2c478-e6bb-459b-bb05-cb663b4649a0,L1,Tweet
a9fd4dc7-1c82-403b-972c-224d15351be4,L1,Tweet
19990f79-8e33-42a8-b88e-0b14f367155d,L1,Tweet
259144c9-bf63-4873-a0a4-1a79db867038,L1,Tweet
296fc7f4-bcf3-4529-aba9-0e966898d4cf,L1,Tweet
0a12b1d2-1e4b-46fa-bed5-27396c196246,L1,Tweet
4851bfac-63a5-437f-a8f6-155b908f88fd,L1,Tweet
cc2cbef7-ca84-46ea-8b4c-45d044f9ded7,L1,Tweet
beeb5f66-8d9c-4615-88c3-1dc2e524b98b,L1,Tweet
864a7afb-5207-4e82-8b48-f09b1de1b680,L1,Tweet
2239544a-a626-417c-9cb0-fb5a12976db4,L1,Tweet
02f74bff-7a7e-4c40-985f-a1de02ac492a,L1,Tweet
d2953467-0cf3-4598-88c2-20b0a26dc016,L1,Tweet
ddb457b2-3477-4aab-b324-7220e447015d,L1,Tweet
d9cfb1eb-efa7-4568-920c-1f5ab505693b,L1,Tweet
54b1bbc0-3389-44d7-af99-9257dc027663,L1,Tweet
e69a2c6a-c80e-4ed2-aee9-9a2ef7220da0,L1,Tweet
0e7d1f27-2aff-4078-a966-5ce7215475e3,L1,Tweet
efe8438d-4325-4926-9b02-0f960d7696f1,L1,Tweet
f2bd630f-aff6-4df3-b24c-d6cfd87f3bf1,L1,Tweet
f43c6440-c663-4db0-8f0e-5770629a6a06,L1,Tweet
f7844cc2-b658-4441-894e-89009a597f07,L1,Tweet
0ab4cb9a-2916-438e-b1dd-c1e74a59a76c,L1,Tweet
e8624fc0-cfa1-4670-9bc0-e9af37655616,L1,Tweet
5777307c-fb2e-4ab3-902f-d4df052dab5d,L1,Tweet
38de0330-f99e-4d4f-abc0-8dfc30d6ebbd,L1,Tweet
52037dc9-619f-448f-a381-f802dabca338,L1,Tweet
5fc7e07f-4a99-4b4b-bce7-2e4307450c39,L1,Tweet
3c74c15d-2b68-4e1a-b615-20a864baeebc,L1,Tweet
ea924063-5649-4039-a3b7-bdd31468cc6c,L1,Tweet
fd3b9d03-5734-449c-8b9d-6274a8d2a491,L1,Tweet
45cd970a-64a2-4674-89ae-9d3053d57c1d,L1,Tweet
69e6161a-9c0f-40ae-ba1d-4d18904bab4f,L1,Tweet
4e1893ba-f156-497e-a8e4-bf45aac78fc4,L1,Tweet
a66cee82-2fae-4fad-a08e-229604a4635c,L1,Tweet
db9b649c-9ec5-40fb-84e1-d7c147fcc115,L1,Tweet
9a7c3395-71c2-4528-b4cb-1e5fcc7109ca,L1,Tweet
bdf5fed5-0b55-4eda-ac6b-0de7476550e3,L1,Tweet
feba46cc-42a6-4fa2-8781-b3fcca3d15af,L1,Tweet
81ce9027-f54c-45fa-9aa1-afddb76146cc,L1,Tweet
2ad89704-cd9c-42a7-8323-075435de7f9e,L1,Tweet
c77483ac-ce6c-4318-9183-b5672b1278a5,L1,Tweet
8413b9c6-17ed-4bc8-a68b-bea708c4eefe,L1,Tweet
463296d6-e2e6-4efc-baf1-f8be058dfb8b,L1,Tweet
1c046d7b-87fa-42c3-b6e7-818b0fe29089,L1,Tweet
bcdebcbe-d040-4567-a077-0cfe35536851,L1,Tweet
1239b940-8815-4d68-a8f2-21a8bc1b4f13,L1,Tweet
1b0020cc-6c21-43fd-9f0c-0c29120fd68d,L1,Tweet
a02e3154-906a-4532-849a-1223738c5e5e,L1,Tweet
cd7b2e97-86f9-4b4b-9daf-942679907c30,L1,Tweet
757dd6e3-ef74-4d2d-9f46-a80506047688,L1,Tweet
3e2ec057-b4a4-4b88-92aa-9ec3a69ca255,L1,Tweet
f01a1305-531d-4b08-ba36-08fc2c75b48c,L1,Tweet
e920b042-57df-4ff5-9025-21a71646f43f,L1,Tweet
47fde0f3-e303-4280-a24c-8df32a754c58,L1,Tweet
21ed64e5-db28-453c-9ba9-779ad1d59a1c,L1,Tweet
342b852e-cf0e-4b0e-9fb1-db7db44e9a3a,L1,Tweet
76ca0ae8-8edf-42cd-8a61-c67829614276,L1,Tweet
67acdb5e-7272-44a4-8cb6-0541a18be95d,L1,Tweet
6a958da9-9126-4a45-989f-f722e1ce1bb2,L1,Tweet
55a114a5-dac1-4423-b454-ae6ca7c86dfc,L1,Tweet
54d9de53-7701-4190-b6e4-25c3551c104b,L1,Tweet
247d69a7-af83-4551-963a-9869d1e15b4b,L1,Tweet
6f29a473-8b44-423c-a560-6af66bc9caae,L1,Tweet
d93ceedd-663a-48f4-a23a-ae1d8cac2e35,L1,Tweet
50ce32ea-936a-4e2b-aae6-eb432c43b4c1,L1,Tweet
07f5ddb5-c24c-4706-843f-a9d3d44493b3,L1,Tweet
6a5aa789-767f-4574-9009-725a36ce91fa,L1,Tweet
766d30e9-d97e-4470-9eaf-f3f665249a26,L1,Tweet
5752dba9-a7b4-462e-a6af-c94752263477,L1,Tweet
91869e3e-5067-4e96-ac37-a4ab848badfb,L1,Tweet
a36dc3bd-3ae2-437b-897c-2f4be97f84ba,L1,Tweet
1abfc64b-1dad-4692-89ce-1f8faf409bbc,L1,Tweet
ca54128c-950e-4573-8ddb-8238f5a7a952,L1,Tweet
4238a833-f7ab-48a0-a53a-d36d68dc1532,L1,Tweet
a7d43302-0a63-46dd-80cf-d4ef504dafde,L1,Tweet
b1afa4bc-64ee-4b2c-abc8-96f0bafe2fd9,L1,Tweet
c77626d0-ce98-453e-b970-e67437fe44eb,L1,Tweet
cfe0557c-2220-4f3f-ba50-c728c8eccda7,L1,Tweet
6a0bc271-1260-45db-9f17-cee07b7fefd8,L1,Tweet
34d9fa12-4187-4f70-89f9-d381440945b3,L1,Tweet
6d885da5-912c-42cd-8acf-9f71fcc126b0,L1,Tweet
511d239c-8cc7-4759-b39d-f1af9bf89544,L1,Tweet
6276509b-26aa-4a24-b5cb-78ccd7d5627d,L1,Tweet
7bf94efa-56b7-4e0c-a8c5-0b2f1c315390,L1,Tweet
a99229e7-c88d-4853-a282-945156bce70a,L1,Tweet
044506d7-fd76-4b8f-a137-4c3c36729512,L1,Tweet
4be3acdc-297a-4bde-bb6b-adf7f3a72cd4,L1,Tweet
4f16bb7f-39af-4f41-92fc-5e7464124aef,L1,Tweet
a17ad98b-df80-4f6a-a63c-971d5f7a1be9,L1,Tweet
b743c0e7-88f8-4037-ad33-e5b919a3165f,L1,Tweet
191c0206-bacc-4bb0-9b3b-076469fb48f2,L1,Tweet
ace84a5e-cc67-4380-ba63-1223a5fd454c,L1,Tweet
065555b0-7def-4799-bb07-39c8de66f8db,L1,Tweet
9e6ba005-0ea3-439c-82e2-a69d4eab4905,L1,Tweet
2a70737e-2a58-43ab-a2f1-38fa6ea46c09,L1,Tweet
a79c258d-2bf4-4a24-89b4-daf1092e516a,L1,Tweet
e330324b-e966-4757-ad0c-773116c2b94a,L1,Tweet
2962a692-c2ab-4ff8-9636-2bddd117c478,L1,Tweet
84255b25-6de1-4851-8029-71539124a883,L1,Tweet
9d6ce45f-efb6-485d-a649-af038ad60bee,L1,Tweet
ab5d66cd-8f3d-4ebe-b694-a12dab3f6a39,L1,Tweet
0bb7f119-332d-47e9-ad0c-076ca1011968,L1,Tweet
b7ff44bc-dd1d-4db6-aff3-2140322ac20c,L1,Tweet
f8ea0824-406d-489b-81e7-da5f69e4db7d,L1,Tweet
8bfae1fb-7a63-4d67-b016-173dcf120ba4,L1,Tweet
f0073750-f11d-47ee-b4e5-f58cfb77f201,L1,Tweet
718e32ab-69b5-4350-a258-7a0628f14175,L1,Tweet
b485e38a-c7dc-41e7-9792-394542cf9fce,L1,Tweet
167e7bc1-c2dd-49cd-adf9-9b31877ce346,L1,Tweet
40b2b358-c827-45c6-ad11-d91f65a234ae,L1,Tweet
477dd9b2-d1ca-4125-8f6b-435f0d2b7b06,L1,Tweet
b0b78c9f-21c0-4629-9bf3-0475cfc7917e,L1,Tweet
7a35c737-e411-400c-88c1-8928fca9dbdb,L1,Tweet
87f1727f-b980-4d47-8b65-8b41cc22293d,L1,Tweet
c9345e8e-74bb-470a-97a9-47d9b82820dc,L1,Tweet
873a3177-b3d4-4d72-a908-6992644366cf,L1,Tweet
38957f4f-4b54-4a35-826b-f856e73d230a,L1,Tweet
b9b5932c-e3c8-48b1-a523-611ace2da79a,L1,Tweet
3250d83b-9b82-48c3-83ce-ccbf50334f79,L1,Tweet
afba8b80-89d2-467d-974f-392a70f95bf3,L1,Tweet
a902d8c1-1ad0-480d-82fd-bcbbd1f07bd1,L1,Tweet
45a14b4c-e239-48ba-b5f0-50b9d327e8e3,L1,Tweet
60cba5b9-4781-4478-b73b-9179f9683b1b,L1,Tweet
eeea67f6-d018-41b8-8b10-469e9b8a382f,L1,Tweet
06b4298a-d716-460e-a8ef-81ed7ea39e79,L1,Tweet
cbe53720-d429-4721-abae-064aa91746c5,L1,Tweet
00a6d15c-a964-41b9-b8ca-4cb72dd984a8,L1,Tweet
97c2e913-57b5-46e5-b4eb-dbef54bef61e,L1,Tweet
1a3b639a-d4e6-4eed-ad4b-f257fa96dca7,L1,Tweet
c20091eb-2f29-442f-a147-4028b573da2c,L1,Tweet
569d9d5c-6fd2-43e3-ac56-7f164c965b66,L1,Tweet
f04f8118-99bd-4776-9bff-4bf11145a51f,L1,Tweet
e6c47c82-c5c1-4dfb-9dea-50f00ba5e245,L1,Tweet
57598c32-05c3-4a3f-8844-2e11ec7653ae,L1,Tweet
2611d406-a3da-4334-a6b5-10e58d2c2354,L1,Tweet
108ee056-10ae-4784-a4ac-0d2d9eddfa7e,L1,Tweet
0a6f46ff-f2fd-4cbe-b4ed-acad8d0a9e8d,L1,Tweet
c6a62526-c3fb-4cf3-8c94-4c0f2f570934,L1,Tweet
823e6450-a1ea-49f1-9821-d5359ca5e506,L1,Tweet
a6d3ab62-1eb0-4646-8745-ccf9e9e228b3,L1,Tweet
858e2863-408f-4a83-9af2-e218761cfa33,L1,Tweet
8707d2ac-3873-41fd-974b-74b6c66bb3f5,L1,Tweet
52b0c479-2ad1-4a0c-8f9c-744daa5f8623,L2,Tweet
7c9c62e0-9d10-412d-8a28-7f87e4a9db57,L2,Tweet
e3a349ef-bee8-4abb-bdf2-1c2f62140071,L2,Tweet
91e07794-cdf5-4862-ae8e-57fcc81cd843,L2,Tweet
cde8a346-9ff4-4bbd-be36-b187471f4d6a,L2,Tweet
bc8dc7ea-c8fd-4eb3-92c4-ab17e632560d,L2,Tweet
a837d3fe-146c-4b5d-9154-d80ef442f320,L2,Tweet
eb527df2-e671-4051-9dcf-1525b6ecfe22,L2,Tweet
c0ece209-1ce1-4f63-b322-5dd2438b0014,L2,Tweet
f1627d3f-e77a-4a3e-9be1-5300f4104ff4,L2,Tweet
46113aa4-7ca9-40c2-81ef-c7c8a4ab5987,L3,Tweet
75668697-bb71-4715-90cd-044077cd3d80,L3,Tweet
92a2a935-8431-48f7-8e83-61c77af2fac1,L3,Tweet
92e97e9b-542e-48a8-b9d5-1af61c3f2d49,L3,Tweet
976f8085-f253-40bf-8e45-43f7b9d34b5d,L3,Tweet
b3c51524-b4d1-4014-b842-412b47dcca07,L3,Tweet
b7077303-036b-48e5-b630-4547daaef2ac,L3,Tweet
c27e64da-4638-4521-9804-338d6e5e5b7b,L3,Tweet
d9fdab8e-f9c8-4f1d-ac5c-44587a9eeb3a,L3,Tweet
fa3df02c-d853-40c5-8e40-efde5661980e,L3,Tweet
f31008dd-afcb-46e9-82e8-19485e39c3b0,L1,Root
c7410223-40ee-4909-ad05-b4c7f668ed1f,L1,Root
e200b9c2-e069-4143-92f0-ee1f8cb9e874,L1,Root
9fe02092-5c55-4999-80f5-a3bfb228346b,L1,Root
d853dc16-1368-4b37-96a4-7c1dc5af20d5,L1,Root
35afb417-6274-4506-83b8-de7ea1b2c51f,L1,Root
1da6a006-9cdd-4d48-98ef-acd9eef79468,L1,Root
3986dc37-ecbd-40ff-affa-a433bc3f3e47,L1,Root
4449bd59-40ea-4577-a4db-ed358bad2359,L1,Root
3cbbcb74-7418-419d-9b25-62712dd5e5fe,L1,Root
b015cfa4-a22f-4541-b4a5-5ad0ba36f176,L1,Root
0658da79-1d2d-44de-af81-567ac5241db5,L1,Root
d25a45c6-980e-4710-b968-56a3d3ec21b6,L1,Root
b96e6dc4-3031-4f4c-a147-9169cd8dfa28,L1,Root
b5ec9c07-bbeb-4893-a1c5-08e5b602582e,L1,Root
1e5a012b-443f-4c8c-bf4a-d124c999e39a,L1,Root
6931e9cd-2227-42cd-8304-006f4bf1c681,L1,Root
1078daad-3037-4f0d-b9f4-9935da52d6a6,L1,Root
4b40a68f-8215-4084-a720-bb5e60274123,L1,Root
28b54d1f-96c5-44ae-b56f-600f52402055,L1,Root
7d1fc3b0-2c08-465e-8e6d-f03b4dd0a912,L1,Root
e0b3721a-fb36-46bd-a460-27988708339d,L1,Root
ab536481-28aa-4f85-8f7d-49dc32bfcbfe,L1,Root
4afbaf03-2711-40f8-ab43-05a4c5d31772,L1,Root
d5ce0df9-32cc-4c61-b509-e46c821999d5,L1,Root
59467bd8-042f-4485-8a21-9b95a0b9b828,L1,Root
400589f4-7b8a-4ed9-bdd7-66931f4768d4,L1,Root
3bb71bc7-41d9-4a3c-94f9-ed658ae49007,L1,Root
9fefc320-14d2-49f4-815b-4b1e1b1bb931,L1,Root
9cddeedd-b3a1-4bb1-9723-fd6eba1322ec,L1,Root
8ea342ca-03b8-4b9e-95b0-51c21494f31e,L1,Root
dcf2e960-ee4a-42e7-b793-ace3da1324ed,L1,Root
657b57c5-eb50-4aa5-8220-aa14cbc106f8,L1,Root
3670e7ba-e387-4bbc-be74-d5e288acad9b,L1,Root
1b6f9fee-8940-414c-9af0-2f3529cae574,L1,Root
51c89521-ac6d-4706-bbd5-346f2bf6d551,L1,Root
ca414d21-f86f-43a8-ac0f-f5e4ee447749,L1,Root
4094ae00-143e-4edc-8307-6698d8900a84,L1,Root
31f1daef-3bda-40fd-9442-8228d2ed3b0f,L1,Root
051d9c88-b6ad-4ee2-b90e-d7d039ffd29a,L1,Root
bfc16ca7-ce08-4e95-9839-4932a93d217e,L1,Root
393b84ae-b268-42b0-9f0f-ffcf5f4d4d5d,L1,Root
e11fcd64-1033-4592-a556-4a303ea11070,L1,Root
0f437143-939e-4b90-be80-35470b0f7296,L1,Root
a1e749f1-b59c-4142-b2d8-dcb1475ea841,L1,Root
0338a806-61d6-4a82-938b-6e433feeb18e,L1,Root
bdc37e8c-9f67-4603-aecf-af2e6db59682,L1,Root
a2abd84c-c3c6-47ed-847f-b7bff638e4d3,L1,Root
aa2a8cae-ed9b-469c-b5d9-7569678d97fa,L1,Root
e0cba3a3-4f76-430c-8541-8539e3a7f3a5,L1,Root
3d16eb90-9fa7-471d-9713-e0f9621d128b,L1,Root
87d13c53-fa7a-4e6d-af0a-5cb320200c7c,L1,Tweet
0e6cf037-caea-48ca-aa25-663a756539b4,L1,Tweet
c714e6ec-1832-4c01-a185-ff118dc09fd0,L1,Tweet
c40bb025-699d-4ca7-a6a3-4042b0141aa6,L1,Tweet
985c34e2-a6b8-4be0-9806-01619ed5a0ed,L1,Tweet
862217c1-85da-4040-aef6-e9e1f8087df5,L1,Tweet
3e4ed103-1837-49a3-8120-f3a2dcc4b2f2,L1,Tweet
d101082a-1c72-438f-bd8b-8edba441636c,L1,Tweet
155882ab-2f6a-488d-b4c7-37c4f61cbbab,L1,Tweet
4276f542-f383-4b2f-aa88-e9809935a699,L1,Tweet
80b6e2b1-dc19-4bec-8d59-69b8c20f20a5,L1,Tweet
dabdd955-a282-4aaa-bf7b-f55f59aa2a9e,L1,Tweet
33c626a0-b201-47fd-8b5d-52fb45b74034,L1,Tweet
bf75986a-adf6-446a-b6c1-729f31a45ca9,L1,Tweet
279deb21-0051-4b3f-8a76-e8e4f5772629,L1,Tweet
73f6fc3b-b877-4721-b9d9-159a1e7bc707,L1,Tweet
6f64debd-ecf6-4725-9c9f-f9052592c6f0,L1,Tweet
00733c19-0e8a-4e6c-a3a1-83e0ad968cd4,L1,Tweet
1dbebda3-c712-4067-9d61-0e13a4807cf5,L1,Tweet
97045d71-8716-4d2a-8bf2-9e2ef07196bf,L1,Tweet
3b878072-9b4e-4d23-8685-c966509c1713,L1,Tweet
56e0c34c-64ba-4534-b58e-bc1aa0135685,L1,Tweet
677fd1c0-d72d-4504-b61b-f7faf1cfd806,L1,Tweet
567cea21-9a6e-4e60-b2c3-17d5b1400d2c,L1,Tweet
57ee8e15-5622-4e63-8e9a-a861477e0d15,L1,Tweet
fd2c4a53-cfb7-4a87-bd0e-77a7286a2bce,L1,Tweet
c39aa3a8-d4d2-425c-b54b-e18f3ac46d36,L1,Tweet
6fb0c9c2-970a-4e32-a400-3dff2d220e9b,L1,Tweet
d3a0d2b8-61a4-4030-9428-f88632eafe96,L1,Tweet
f66eed73-41bf-4252-9561-1c425e01ed81,L1,Tweet
2eddd143-2382-4d13-b3cb-b30e3e5697ac,L1,Tweet
c74c07f8-f5d6-46f1-ab73-2b73b76dc897,L1,Tweet
8400de0b-410d-4a7d-97db-845c7b5bac49,L1,Tweet
f5867de2-0e57-4113-828b-b1ac040e777f,L1,Tweet
83586053-4131-4b74-aa03-b754c0592496,L1,Tweet
5c068467-2ba1-468a-b38d-1e46e7fccbf2,L1,Tweet
322d891b-dbf0-45f8-9c30-ca004c27d092,L1,Tweet
dc3d8665-bbff-4155-be81-72dd33047587,L1,Tweet
c74f0277-df9a-4f81-a249-55d6f4db842e,L1,Tweet
87b357bd-8008-4f7b-83bb-cbb359010471,L1,Tweet
59222f6c-3445-48b3-81a8-d665de573abf,L1,Tweet
fc2d11ba-33e0-4e4c-9d92-0cddd4238dce,L1,Tweet
0b921832-eaf5-4031-9747-1228731e7ee9,L1,Tweet
a423d71c-dfd2-460b-822f-16c690d04ffc,L1,Tweet
0be36b30-8c6c-426d-b81b-b5b29068ed14,L1,Tweet
2b672c6a-5f2a-48d0-a1c3-7e0047fd39fc,L1,Tweet
83631cef-1608-4899-8a68-ae9e2e46bba1,L1,Tweet
d99a62fa-77cd-43d9-a4e9-4141099ae192,L1,Tweet
74a7ef56-39e8-4ed5-b36a-d04f720a89cb,L1,Tweet
edbe36a3-504f-4007-a776-e6748f908021,L1,Tweet
781835bd-8b9e-4e02-bb9c-0333f6281068,L1,Tweet
785fa9a4-4592-480c-9023-c9e364cb401a,L1,Tweet
7bc88c38-1ec4-4ebc-8e8e-f14ed57f8a99,L1,Tweet
14c197e1-c5af-46b8-b2fb-128929c54af0,L1,Tweet
9ea21247-8276-4a6a-98e8-df75ab322d3f,L1,Tweet
a3f73d9b-2cfc-4a45-906d-6e3792cd2e68,L1,Tweet
aabd8215-2c10-45c6-b582-d84027de5266,L1,Tweet
c6cea4a9-2ac4-4438-beb5-43b1d05cded0,L1,Tweet
01b62074-55fc-4195-84d7-402e4748f41d,L1,Tweet
38633eb8-da89-429c-b5d3-9a9ce3006bd7,L1,Tweet
ff225afd-0697-4878-8d93-6772cf0e3cc8,L1,Tweet
fddfb117-2e84-4178-b314-d7ff46f3f4c8,L1,Tweet
b4d70175-c881-43d2-9c10-0a0aef9f620c,L1,Tweet
4634cc0c-9347-4b67-b912-40f88049257e,L1,Tweet
e56fa030-2b9d-4501-bc67-06110e945889,L1,Tweet
7ac69dd9-cb7e-4705-960b-64ae582b4892,L1,Tweet
4541ca67-17ae-4a57-91f2-90e39b972e10,L1,Tweet
e937963a-19c3-4192-9a94-886c19d0f411,L1,Tweet
08bec723-d6ce-42c4-9388-f478ef51eabb,L1,Tweet
1e4e02ce-284f-4cb8-aa22-b283edd01b16,L1,Tweet
76e19491-80e2-4eb1-9941-aacc7fb48b37,L1,Tweet
97be081a-1054-4288-9c8d-6d3f1b1a6c7b,L1,Tweet
c1c075bd-0023-4b93-862f-f58b2464241d,L1,Tweet
e609622c-baf6-4662-96b8-8e4192264d9c,L1,Tweet
4224d7d2-c65a-4479-9743-abbfb83a5d0f,L1,Tweet
670153b8-02cd-4667-9591-105b24854d9c,L1,Tweet
3000ceba-508c-4ed1-bd1c-25ff140e0a5c,L1,Tweet
0e0e68ce-4cdf-4565-b558-a00cb6c0d5c4,L1,Tweet
782c7052-2ebd-4f68-88c7-b11594328596,L1,Tweet
80fe7b0e-4d63-43dd-8882-e596193b61ec,L1,Tweet
61fb5aae-41f7-434a-90ee-6f9df803e690,L1,Tweet
36ccf638-0a41-4bde-b536-de1fd3ab21fb,L1,Tweet
28759ca7-d2e0-4bc2-84c5-38b0e0a9a2e2,L1,Tweet
8e1363aa-c30b-4020-a278-1c4c4bac7fd8,L1,Tweet
edfad8cd-c398-4ed9-83af-8083d38389fe,L1,Tweet
828381c0-8d15-4065-ba63-dba8d4a1fdbb,L1,Tweet
17eb796e-0ef0-4268-af69-8d94f0b7edc9,L1,Tweet
fc6a492c-e973-4a22-af54-08132e8bafca,L1,Tweet
6746b276-ff99-42d2-939a-0b26dcd9ea72,L1,Tweet
082f0ea9-15f8-4492-b0e3-f162fac8dc8a,L1,Tweet
68e381f9-ff36-49bd-816c-31fa374cb320,L1,Tweet
decd9d56-cc84-42d4-8e29-01ec0a7cea4d,L1,Tweet
bec28309-9311-4c66-8f00-305b9bbb9dcf,L1,Tweet
3885b235-7358-4c1c-b98f-83de5e2ea041,L1,Tweet
1b3ccef9-d781-4b9f-8a9a-89c3db562432,L1,Tweet
072502d0-72e6-4b04-b815-8cc4b72b290c,L1,Tweet
dbb13132-44e2-4031-8b99-00c2f8b27f73,L1,Tweet
541a8ed9-d7b1-46e9-9186-66d29c0149d7,L1,Tweet
09146e03-a3d3-4d3a-aff1-9653d6f89772,L1,Tweet
d29ebe1a-8f36-41d1-841b-f146ab19728c,L1,Tweet
f169d065-1720-46fa-a7f4-96055cc5493c,L1,Tweet
d59939fa-f75a-49dc-8cc5-7c92a953b233,L1,Tweet
00c6283b-656e-4f84-8f76-ad8a4cde852c,L1,Tweet
9c43fd13-237b-46e1-87dc-456126624a1f,L1,Tweet
d9dc0e05-f352-4d6d-985c-67de05ae95af,L1,Tweet
4c313977-fb71-4e3c-a9a5-0cfee2188f5c,L1,Tweet
1d712ff4-5746-42a8-9fe3-a5d338fdec08,L1,Tweet
d9730286-6743-4b65-8747-c470bd7f25fc,L1,Tweet
e2d6a69c-1703-42ae-afd4-aa7bd7946bb2,L1,Tweet
d8962b9d-a01b-493a-a6ec-84e529b5b756,L1,Tweet
72962177-7873-458a-9428-4512d7f654f3,L1,Tweet
77d96830-83f5-4005-92d4-c0a372570122,L1,Tweet
3becb56b-104f-4f5e-96a7-4030b0948671,L1,Tweet
badfb211-2c9f-45f0-a163-0d141a8f51c1,L1,Tweet
18408631-9523-49b1-8d41-b93144bc33e2,L1,Tweet
e886aade-e742-4ee6-a76f-286411c70a05,L1,Tweet
ea886efc-2720-4171-b8bc-a358a010f5ad,L1,Tweet
f7ecb7ae-fcda-4b6e-9cb2-ab699fb9a5c7,L1,Tweet
d2372818-7c14-4bed-b339-5cd73ffb21df,L1,Tweet
4f11666d-8e09-43eb-abe3-0ce59306e211,L1,Tweet
fa471a52-b1ee-4759-b956-7ec1c4eb4677,L1,Tweet
d0badc05-e81f-4452-b7de-e4eca9cadebb,L1,Tweet
4841930c-8ae2-44c4-a293-7e56653e5b4d,L1,Tweet
7d4b3dd4-6304-4613-a026-674fda0cd0c8,L1,Tweet
fda14d5f-b4ef-40bb-b416-49a4daed7b6b,L1,Tweet
2da7d6a7-890b-4bf1-ada3-5455547721f1,L1,Tweet
56effd0e-5940-4c91-8817-790e70269cec,L1,Tweet
96f1b4d9-b0b1-4a33-8a10-e5f4b4052fcc,L1,Tweet
018214bc-28fe-4081-b5d7-4a2d9b067d87,L1,Tweet
a2388d56-3042-44fe-9288-d2bbf05dd97d,L1,Tweet
e2787996-503b-4099-9226-1c82601e7c9b,L1,Tweet
cbb67bae-9f00-4f2d-bd2a-42e175a60801,L1,Tweet
e6ec27e6-f4f2-456e-aaf5-9c2794aad5f4,L1,Tweet
1f92145e-2af9-4f7b-b2bf-c0ccf20505c7,L1,Tweet
de2b820d-dc10-4d04-a17a-ef1fcb219951,L1,Tweet
64c281cc-1d47-43b7-a66e-4d1b9a04e3d6,L1,Tweet
76dd14a8-7ccf-43b5-a2a3-a46aabca63e5,L1,Tweet
5b5053a3-6dcc-4778-bb0b-f50d239b45d5,L1,Tweet
758f7ab1-8c5f-4ce9-a214-9f0623881a49,L1,Tweet
9326ee65-5658-45ab-ae6c-85def5a65434,L1,Tweet
701e2f44-5e98-4d38-bdac-16052f3197d8,L1,Tweet
bf672b7c-8a37-4092-a5b5-69014937fcf6,L1,Tweet
d074c5ca-76c3-4d4b-a5ca-bffcf5e8172f,L1,Tweet
d37c2051-6367-4e9b-b848-04b3060f8cbc,L1,Tweet
876c8f54-90c5-49e6-9714-7d35d8763279,L1,Tweet
123265c7-ba60-4fc3-856f-d123750703ae,L1,Tweet
2f15100d-65b4-4370-871d-1fffa0966643,L1,Tweet
8314ee62-5433-417f-818a-5af93fc875b8,L1,Tweet
29a2ee10-be13-4aac-8f04-a74162182c67,L1,Tweet
e1545e05-fb27-4c2c-a658-0d5e7857a039,L1,Tweet
4f0153c2-b648-4146-9893-5447e9ec7791,L1,Tweet
f3908213-ecd4-4791-b16e-38aa886c450f,L1,Tweet
ff597cd7-3515-46a2-b0a1-11363a6f4c88,L1,Tweet
70c753ff-79dd-4c6b-99d3-5d4db5849e68,L1,Tweet
7f5725e6-cba5-4b5a-913d-0c315492a6ef,L1,Tweet
d333ea0e-b52e-4aae-9ca5-68aa1f89ac3a,L1,Tweet
13b447d2-496f-4960-9e2e-a37ccf6236dc,L1,Tweet
94146b57-1cf7-4cd8-badf-e2fe97b21afc,L1,Tweet
a260bea8-fab6-453b-ad41-cbc50c44d7e1,L1,Tweet
c91bfb92-8476-41c8-97d6-5ba662fdf374,L1,Tweet
3ba8587b-8005-4884-b0ae-cdbc9ec9bdb8,L1,Tweet
5930d81c-d14d-4328-87a3-29a408b56893,L1,Tweet
b7c9af9e-a4db-437b-9227-04e2e46c65e5,L1,Tweet
55ceb34f-8b2c-4e07-a967-42afeeca11a0,L1,Tweet
796cbcff-b2b9-46bf-a9bf-ab854bd24bd9,L1,Tweet
1a4738c4-9a6f-4b47-bf9c-f8170614a7b0,L1,Tweet
36726b97-35cd-413a-95f5-5a826d61f814,L1,Tweet
4a5cf256-010a-4ceb-b566-783de95d9a87,L1,Tweet
c5fbfc2a-0102-4b6e-a2c9-9225c6e4a65e,L1,Tweet
a154323f-3965-4859-8eae-f9031ecb3f10,L1,Tweet
ebf4752a-9b67-49de-8b75-f06b00e7b2d6,L1,Tweet
27281f2c-3867-499e-9991-3b7fe2b4350a,L1,Tweet
edb68f10-40d4-41ce-8e8a-5e0454d3f359,L1,Tweet
cec716d3-626c-46d6-8e8a-facbb9484b23,L1,Tweet
b5dfdccb-72a0-433b-b92c-23673f29e803,L1,Tweet
123ac801-674d-46c9-9cc1-5e6532e24bc3,L1,Tweet
1f7563a1-1f74-41ba-b898-fbd20098743c,L1,Tweet
4bdc0d59-18a2-4758-a340-c04510e4c743,L1,Tweet
a1c834bd-280c-42b5-af87-3d8ea12e6c49,L1,Tweet
d7d882b2-3bbd-44d4-8316-836b564bdb45,L1,Tweet
4d3be793-aef9-4bb9-81dc-ee6bba2f2448,L1,Tweet
0b6942c6-f46e-403d-9c71-ff680f63803e,L1,Tweet
2e5bb305-9ed0-49d7-818b-8e7ba82db366,L1,Tweet
4a0d18bd-6cdf-4a02-b20b-18a140aa3207,L1,Tweet
65d8bb06-3055-45c9-9af8-f1abcd1cd3cb,L1,Tweet
c6e63850-c1c0-4aed-8bd4-23524b542a99,L1,Tweet
1e2ab3bc-30a5-420e-b2cb-7c339160f1bb,L1,Tweet
dea8f6f9-28e3-441a-a39b-6987445de130,L1,Tweet
af8ce95c-3ccb-4b9e-b1a8-9b00eb0d2524,L1,Tweet
ea3e0cae-1491-4df2-bad0-0a1439ce1276,L1,Tweet
ed4c3501-2ace-4085-9959-f466505f7ddf,L1,Tweet
f100c7a2-6ba4-4e5b-ab40-8cf34bbf0f33,L1,Tweet
3fbd813d-1805-4031-85d6-62a7082c00ba,L1,Tweet
4d989eaa-2b9c-4c91-b581-021d3ba69db5,L1,Tweet
c1f811c3-0d73-4cfe-8d86-466e1a121a34,L1,Tweet
e9904628-0534-4997-a0f3-8944bbac355f,L1,Tweet
ee2a94b7-efa1-425c-8c88-7efea6b9ef41,L1,Tweet
400448f9-2728-48dc-8582-ef7f89013b6e,L1,Tweet
148d9d53-d5d4-443b-978f-22fb73956083,L1,Tweet
105c290e-fa63-499e-8122-52bc0addb572,L1,Tweet
8e196542-bfbc-4cd5-af08-c5e8a6481b9a,L1,Tweet
42e6b572-0ccb-4490-832a-77f1b7ca5de1,L1,Tweet
412ab095-305d-4d0f-9e44-d12d599219e9,L1,Tweet
38b4ba57-eda3-45cb-a9cf-07cf6619d40c,L1,Tweet
5bfb7e27-2b8b-45b0-80f7-a552b94a54e0,L1,Tweet
e1591f15-3ca3-4b87-b144-33f9721ea607,L1,Tweet
08218351-e9b0-46e3-b237-f25efeffcb5e,L1,Tweet
5df4ee0b-cb01-4085-9e7c-3f32e3e3fe3d,L1,Tweet
800bc3f1-5ae4-4aab-94d9-a859f8582d0e,L1,Tweet
c1f6f04c-316a-4c8c-9790-f702dd7a9df8,L1,Tweet
d6665718-f9ef-4ef7-b007-31afaf488a9b,L1,Tweet
fb33ef4f-4868-41a8-a71d-6f351e7a750a,L1,Tweet
07c637f7-cbe7-4b5f-be6a-21d49a29a793,L1,Tweet
97c28823-618b-4caa-b190-39304dcf1d1f,L1,Tweet
33245974-097d-4406-b5e4-11e76e1ce25d,L1,Tweet
f26a7406-bc75-4b64-9b62-2117c3a1274c,L1,Tweet
02908559-25b5-417f-83ab-8a90ae77f6b2,L1,Tweet
38b20f04-b0e2-4c4d-9617-8d7a1ba42035,L1,Tweet
775276df-e43a-4677-9daf-1062a4a7ced4,L1,Tweet
2a6c9c3c-6eca-4001-9886-85f5d2ab8299,L1,Tweet
b0065aad-fd82-4bd7-8516-0c0c9d5e23ca,L1,Tweet
f2cbc204-edb4-4822-8fad-f0af83bfc162,L1,Tweet
fffb97e0-ff76-4493-bddb-301b4fdcddd8,L1,Tweet
ae7acfab-9a43-4f56-b9ed-03d19ce387d7,L1,Tweet
ef77cf88-3d3f-4484-a6c9-e428eba7de5d,L1,Tweet
8ca0c26e-5e4b-43a1-ad5f-61ddb065e593,L1,Tweet
1b0e979d-5c03-40bf-886d-5e6c699dfcc1,L1,Tweet
c5499e2a-90bd-48f3-b00c-5085255e3af7,L1,Tweet
eb5f520b-c594-4c03-80b3-9d74fdfba272,L1,Tweet
d4ad5e55-bb93-4077-b8ae-93122c53fed7,L1,Tweet
8757975c-496b-4c5c-9c5d-a06be6121fc7,L1,Tweet
d6ff933b-e06e-4f45-83eb-340512b38873,L1,Tweet
487379d3-f8a2-4d45-a2ae-d70be30b9897,L1,Tweet
22ee391d-9531-417b-9ead-9df9ecc9f6f5,L1,Tweet
fbb5b9b3-9ee7-4bff-8fbe-e275416ba2a3,L1,Tweet
25cafcbd-e690-4011-9b47-3cf7be43024a,L1,Tweet
eccc1bb8-ab6c-4106-8d45-709d88b3fa72,L1,Tweet
e0a9e5ce-1c56-4f70-8214-7655da798728,L1,Tweet
9d945d97-cc11-4c29-a7f9-78c5aaa52172,L1,Tweet
09552177-a340-48de-a2bb-d05dae60bbf0,L1,Tweet
5ba843ce-de85-49be-afb3-ab79e8acb4e4,L1,Tweet
6e466914-9962-47bd-8589-d6f99fbbc4ea,L1,Tweet
140229d1-5855-4483-b02a-ad131c0c5ed0,L1,Tweet
0f624f5a-4237-4f07-8897-9805dc650ab3,L1,Tweet
58dde4a9-233e-43ea-b7ba-b7cd1cc1e387,L1,Tweet
1328b3c5-bc93-4de8-a1a9-7a06fe9c13bb,L1,Tweet
d46b90bf-ef8b-42d4-9b9d-78ac8f156c2e,L1,Tweet
01f92df0-ac2c-44f2-b46f-45c884fb5b75,L1,Tweet
cf65b1f6-ade6-4a35-9bdc-dd68e293b12c,L1,Tweet
6f55d31d-5fcb-4d2f-8bf6-1ce3cdf91977,L1,Tweet
c533b3ec-1db8-4dde-a32f-6c29c68c93ea,L1,Tweet
b74aa9d8-b7f9-48e5-a1ba-78d8e3febbb9,L1,Tweet
5d87ff33-11fe-49fd-8877-4875e3d13315,L1,Tweet
f0f25142-1f5b-45e9-8b85-04a026d95391,L1,Tweet
c2f6a60d-89bd-4850-af30-b40068d14069,L1,Tweet
5756f587-b4bc-4031-89d3-6ec4819e017d,L1,Tweet
0e77a51e-9a7f-446b-bf14-0f430eb1dfc4,L1,Tweet
ded42a70-7575-41ce-b6c2-837d4d73f47c,L1,Tweet
8c2f2d90-77d2-48e7-b75e-b369714a3bc9,L1,Tweet
6fb551a8-5ed6-475d-84bd-19275d864823,L1,Tweet
b7988504-c38c-419d-9c3d-e15e0afdf60f,L1,Tweet
d4e034e8-ae4c-45b7-a011-83c5a88ed53a,L1,Tweet
51b87022-aae2-43ba-aca5-08453ac36549,L1,Tweet
a1d3b062-0b14-4cdc-9afd-d86fbaf71c2e,L1,Tweet
d86e470c-8484-4824-9c8b-4192211a41e4,L1,Tweet
bcd706e1-2e1f-45aa-a5cf-e8d7d839d5c1,L1,Tweet
2ed77b87-66e0-462b-ae22-fc6311b4d1ef,L1,Tweet
6d06e1c1-81ec-4acd-b8b1-231af5522cd0,L1,Tweet
3c954208-d7ac-4be2-a068-8eff121ca436,L1,Tweet
b2265d97-4183-4c20-b8fa-427f73b5a228,L1,Tweet
f167ca47-ab4e-408e-9ac9-874bc1067ead,L1,Tweet
1edcc985-2d53-4b46-8732-2f022e062924,L1,Tweet
2baa91d2-59e1-420a-b07f-35d39e18f303,L1,Tweet
7d1f7f90-1502-46be-acad-e5833710cd4f,L1,Tweet
9aa6036c-373a-4064-ab2d-f8111fed0019,L1,Tweet
780386ae-682b-4aee-9468-595d5c17abd5,L1,Tweet
57cdedf6-cdfb-436d-b408-a22392f9e7e5,L1,Tweet
53320c68-f27b-4e1a-a656-8daf8e461281,L1,Tweet
d51a0bb4-9de8-4e8b-b5e5-90c874240ed9,L1,Tweet
9640bf61-bf91-429c-bc91-5ff3e305ee68,L1,Tweet
d1ec8ca6-b609-4c0a-b4c5-5ef42c00a2f2,L1,Tweet
f3fe4a0c-25fa-4c14-ba60-be33e452229a,L1,Tweet
bcc719ca-3d5c-4726-aef5-d7e276b3ca21,L1,Tweet
c88ccb5c-a7d8-40c6-adc3-2826ebd27d22,L1,Tweet
bfccfa98-402b-4280-8382-e4fdd3636f56,L1,Tweet
c81599ed-9ff8-4e19-8f4b-be2e460e928c,L1,Tweet
72a63e55-9cca-4173-b1b0-7f79c6b7f7d2,L1,Tweet
bdb62ebe-82f8-4e30-805f-f04b801811dd,L1,Tweet
ea42ead0-1e68-43a6-8905-60d0aec76623,L1,Tweet
179ec090-5802-408d-8428-f473db4f7f23,L1,Tweet
2d1cacf5-868b-4d79-936b-f2a9fbb397c0,L1,Tweet
a7f25c04-53cf-4639-a942-5df8671d51a5,L1,Tweet
ede683b8-abdd-4283-997a-89c1b088ef47,L1,Tweet
f913822a-ca3b-470a-b7ab-03f76779cb12,L1,Tweet
03f0e79b-7ffd-4654-a196-7189dfecd107,L1,Tweet
f94d9d68-af05-4e9b-8174-035ef6090e9a,L1,Tweet
91598783-08fe-48f6-b3b5-faf3b3c13bdb,L1,Tweet
17900255-a89b-46a6-b4c8-41cc47884e80,L1,Tweet
105a74f8-3c42-46bd-8555-9ecc075bcdce,L1,Tweet
55f01c53-d2ab-4197-aa41-621b4d13f6f0,L1,Tweet
1bbb40b9-ff6c-4d9a-bb1a-a85b002016e8,L1,Tweet
ae603417-4a4f-4c4d-abce-a8d4ccdf212d,L1,Tweet
723fbc8e-4468-4927-bd91-c09544753a6c,L1,Tweet
784ecd94-dfe5-4de6-b818-3e939f2f9474,L1,Tweet
6a0a30fa-e885-480b-9072-8b3e7a1c4351,L1,Tweet
daa275ec-f1b6-44fb-991a-03b29665dbb5,L1,Tweet
69d1dedf-1ebc-4916-a141-4eaeb004bafc,L1,Tweet
fcc3d38f-f3a4-427e-8a1b-5e6a0538ef99,L1,Tweet
9da7c3f6-1c8e-4b8b-8079-18748af3274a,L1,Tweet
fbd493fe-dd43-4140-b7db-076c62d3798b,L1,Tweet
718090a4-ffb7-4497-b613-14dc480edef8,L1,Tweet
4b845b6b-afb1-4db9-946a-9ec920a915f5,L1,Tweet
12e5eb2e-5181-4247-9e2b-96e7ea147196,L1,Tweet
901a6bf6-f3b1-4346-9410-7e658919e981,L1,Tweet
7735d8de-7613-4146-a406-f4ba5181f987,L1,Tweet
8f62397c-1e43-40f0-b126-e2977a157c32,L1,Tweet
83109479-3aad-48a4-a683-36547fc1bea1,L1,Tweet
4d0836d0-4d70-47da-bbba-da9a87c6c505,L1,Tweet
4febad00-7f84-40be-8ce8-353783e17de8,L1,Tweet
12fadd07-700d-49ac-b03d-12343555b688,L1,Tweet
ec6aa6a2-27c7-4388-a6f3-54813904e773,L1,Tweet
09c04acc-5411-4821-bf53-4280142542e3,L1,Tweet
c0c90c6f-7bb8-46ae-9719-976e8fae4e5f,L1,Tweet
5fdbf02d-2fcd-4520-9aa8-eb73a008dae8,L1,Tweet
ccd84345-487c-4ef1-8c03-e6348d640c49,L1,Tweet
01976884-e499-44f6-b44e-f3b45b78dc55,L1,Tweet
5208d98d-7a03-4b69-a5a3-74d3161d28ac,L1,Tweet
7bb2b9e5-3f71-4422-84f0-59659d3162db,L1,Tweet
199c8dc2-7758-46b0-b73c-0b38cf274e83,L1,Tweet
2c03a40f-4388-4eca-98d0-180d6b390db4,L1,Tweet
102b7770-39e0-4dc1-8fab-68cc3ae31609,L1,Tweet
76dc7042-8238-4e18-ab27-3eadcc269337,L1,Tweet
7a2d8719-c4da-4616-8118-faa45a825349,L1,Tweet
e012eb83-0967-4418-80a7-a1c348b9e320,L1,Tweet
c239624f-b2ff-4237-9abb-caf8e6c3f22e,L1,Tweet
01a4324c-764c-4ab0-a421-e2efa49f2e99,L1,Tweet
6ee27294-d7e1-4985-b1f6-8d800879b7d6,L1,Tweet
d9726a22-ff62-46c0-b61e-f21e8c8b4ded,L1,Tweet
8c021433-442b-4044-831b-e3a38ba881e7,L1,Tweet
a4cd3995-711f-4f55-8b70-dd9d9fc08961,L1,Tweet
83267827-79c3-48fa-a537-9a57e6d8bc42,L1,Tweet
e7426d45-720d-447c-88c5-edac0fa9e01c,L1,Tweet
c4d97eb0-6335-47db-a5ae-5173b1c3c532,L1,Tweet
7c9f6b0b-15f2-4e6d-9159-7538ae4090b8,L1,Tweet
a59148de-5d56-4e4d-8fab-a2fe747f11b2,L1,Tweet
f4897ac5-31c2-4799-8649-c7fae2fac740,L1,Tweet
cd2f5eb6-d0a0-4955-9fc6-ec327b9bb96b,L1,Tweet
e9c20584-2133-4743-b2bb-d49318e949f4,L1,Tweet
d0da4c8a-305a-441e-9f9b-13f6d5066323,L1,Tweet
95e29d7f-c2bc-4777-a756-ae390a6cc870,L1,Tweet
2566787d-f38e-47a7-87e7-9b4dbc3ac710,L1,Tweet
038401f5-ecca-4c36-b550-337a0a71a2af,L1,Tweet
68883851-4e65-4692-a6ce-13c5e8f94fb7,L1,Tweet
ef72a8ac-0e12-4e32-a4e9-59bc4a5f1295,L1,Tweet
9465f70a-affa-461f-94d2-0cb9718b534a,L1,Tweet
d1c46d3e-c1de-4ef9-bf96-d5f36e380c71,L1,Tweet
164b5b45-b749-4a84-9d13-aaafb329b04c,L1,Tweet
8ac384c1-dad8-4201-814a-2e2ec5ee7449,L1,Tweet
e1683e1c-b95c-4152-be99-1c984ada79a9,L1,Tweet
72a462f6-f142-411b-81bf-614e07ac7b81,L1,Tweet
83a3a330-4207-4adf-87fe-75190389ad5d,L1,Tweet
7250ffa0-d4de-432c-ae21-31d676066af6,L1,Tweet
48e192ef-3e4e-463d-8c9f-95ca102cd27b,L1,Tweet
142d22ab-8c53-4b23-82d3-247f247bab5d,L1,Tweet
fba03d78-6539-48c0-91b4-5e86e236be3c,L1,Tweet
24e12a02-2289-4102-a2b2-5d946611fc64,L1,Tweet
b4305af7-de3e-482d-861e-a526d1c542eb,L1,Tweet
a6f1ee38-4264-48d1-a2c4-741bf85b3dd1,L1,Tweet
9e44b41e-ca67-441c-9b74-edfeb312e37c,L1,Tweet
ea3b72e6-f041-46a0-a9c7-d2ac99864f48,L1,Tweet
92701df1-90dc-49b3-bb95-1a2a3c5cb6c5,L1,Tweet
598a8c86-1cf7-4955-acdd-65ed11cd39ca,L1,Tweet
53698eeb-dc63-4c9f-af84-dd9f784c9f7e,L1,Tweet
779df6ad-04b6-4037-b9d2-1df572fa02b7,L1,Tweet
f6166ff6-df49-4a0e-b68a-bf1c975ab3e6,L1,Tweet
c56a58ac-a70f-49aa-bbad-259a404f3715,L1,Tweet
e4d27327-0410-4318-86f7-2956f2a86ba0,L1,Tweet
1cbb7e0c-89ae-4599-b69d-f79c6e23d7ce,L1,Tweet
ebdd4718-f9ce-4c32-aa43-edbd7f3522d6,L1,Tweet
8b8096b0-b9a0-4e35-aaae-d640876912d8,L1,Tweet
632d387c-07cc-44e5-a6c7-60ff8d2bdd70,L1,Tweet
cd88f1a7-e8f0-469c-ac51-4b305b1ccf9f,L1,Tweet
ec204a25-0fc1-4b0c-a1d3-0b8614812c1e,L1,Tweet
2078f7d3-cfa6-4af7-8052-611f8da3acfd,L1,Tweet
238b28b4-bb4a-43fb-8bb0-a29a8cb0e4df,L1,Tweet
afb0d17e-2673-4522-81b8-9bcb038a5b87,L1,Tweet
7e0b0c4e-27bd-4655-8ce3-cf14be8951fe,L1,Tweet
0ad2247f-da0a-4b44-91c8-60e9ada92ab1,L1,Tweet
83e1e7dc-30ac-4461-b860-d8ef7b5de1ab,L1,Tweet
b681f74f-8bbe-47f4-8cef-907a641e4508,L1,Tweet
5dce2512-3fbf-4839-8c91-0ccf03c042f8,L1,Tweet
4757f9d3-c41e-47c1-99d7-e74a0986c6be,L1,Tweet
8d7e0bd6-851b-46c3-b966-7e00ed5ace9b,L1,Tweet
9122edae-026d-4f97-94d5-599d2c510800,L1,Tweet
b6561bee-ffcd-47bd-9188-d5bb0e06c6c8,L1,Tweet
804fa4f8-34dc-4f2c-b5c4-b4038b428b5e,L1,Tweet
618b6b56-93af-44b4-becd-3438b84bdf29,L1,Tweet
01150dec-1a70-4532-a0b0-c64078295b54,L1,Tweet
275fb66f-0909-41dd-8c67-db3bb39d75f3,L1,Tweet
9d42702e-6685-4e79-8b21-7ac8613790fa,L1,Tweet
88eaa28a-ae09-4e17-91cd-8d5e6e191411,L1,Tweet
a77ca55b-62a6-41b6-ae57-1999ad217714,L1,Tweet
b8ab434d-7c33-4168-bdce-c54e0ab97984,L1,Tweet
552cacfa-8269-42cb-97df-2d75d3076e8c,L1,Tweet
e508d381-f343-44fa-adac-d8bfe04adcf1,L1,Tweet
6bb89654-dbe7-4bac-a619-1693a393a77f,L1,Tweet
9b8dd3f4-1135-474f-ac22-1d0dd5ea4a60,L1,Tweet
b8401410-3c84-4f47-acfc-7158f0f40a99,L1,Tweet
3cb0a4ac-2142-477d-a5bb-aaa0fc284911,L1,Tweet
e9b149e1-4e10-46b8-9ced-1b4e2a9ccf0e,L1,Tweet
13a70c3e-ef7d-445a-b50b-20818a07e236,L1,Tweet
448a8844-b9ba-44e4-9497-90a627bfdddd,L1,Tweet
7d7c201d-e7cc-4b61-bb69-4b1ae49b29e8,L1,Tweet
3af4d054-c2da-4ee9-8b47-7d8d3c248dbb,L1,Tweet
94490481-76a4-4862-bfac-43797dcb41e5,L1,Tweet
ac963077-805a-40c7-8e0e-58412154febd,L1,Tweet
4cf6cec2-9a02-4fc4-886a-fa6fcc0786ed,L1,Tweet
16d7a11f-0250-4c14-9ab2-49a85eed247d,L1,Tweet
3ef5a29f-fec3-437f-99f9-8a3b626ce91f,L1,Tweet
b76524f5-2dfe-429c-a592-021af8d7701d,L1,Tweet
fbccb453-7048-4627-a046-c15d56acd3b5,L1,Tweet
895e0a49-c206-4149-b36e-ea37f8a0fac6,L1,Tweet
85231914-dd19-447e-aebb-992c5785611f,L1,Tweet
5d1de330-3a3e-4224-a835-f76908f973fb,L1,Tweet
65fbdd56-e9f5-429f-bb9b-8fde51f17026,L1,Tweet
08d40931-60bf-48dd-9087-ef330dc8be6c,L1,Tweet
2fd97bf0-9c00-46f1-9886-07d2a14f4dc6,L1,Tweet
641a70a9-cb5b-414f-b84a-2678b3427ac9,L1,Tweet
9d6edba8-572d-4eed-b771-9caee11f0dd1,L1,Tweet
e83685b3-eb6e-4f61-978f-1049d1708a21,L1,Tweet
256596d2-9e69-4094-9906-242e79b300ba,L1,Tweet
692a366b-a194-47b3-848c-a190752fc7b8,L1,Tweet
8edd2b8b-b2f8-4121-80c3-ce232d1c7c40,L1,Tweet
513b4727-90f9-488a-8d03-3bf34ac14106,L1,Tweet
17f3b32b-68a4-45da-b458-6ec8e3695693,L1,Tweet
7df38a38-0d57-44f0-9fdf-fb62f1ecddd0,L1,Tweet
527b57ad-42f3-41d2-80b8-b2a0e274f6cd,L1,Tweet
e58598c7-d6a9-4ccc-8914-34ed1e511edb,L1,Tweet
80f08137-b260-4bed-81f3-72a13a1a25ec,L1,Tweet
32ce59f1-9e3c-47a8-bb58-dc809018c828,L1,Tweet
bbf257f3-2cb8-4520-80af-86467ed1dc48,L1,Tweet
c10f04b1-6e47-412b-997e-f3c02523fbf2,L1,Tweet
d1aaa446-b101-459b-945c-2ff348edd876,L1,Tweet
a22e807e-638b-4e4d-9a79-bf3ff94e92f8,L1,Tweet
d0784a0b-c937-4504-baae-2a869e2ddd38,L1,Tweet
3bdf5997-f4ad-4601-9c14-3c5c228ed577,L1,Tweet
28d07666-6911-4105-a9c2-f21b44dcfd66,L1,Tweet
66cfa7c4-1706-4196-8e33-e3b1e09b78d2,L1,Tweet
f82af803-dd80-495f-aa18-e961ebc73a68,L1,Tweet
05886619-39ab-43da-bc67-e1e9cadbe6cd,L1,Tweet
819a0376-315c-460c-9443-96566a6b551e,L1,Tweet
74eb6819-5d6d-4e98-beb7-d2a5b3c090c5,L1,Tweet
2c5c46e8-c8a3-4c81-8c84-565dd8f92193,L1,Tweet
1ba5a589-25a0-4e82-a97e-f4ec76ad1192,L1,Tweet
6b75b834-4d84-4f09-9b2b-88775da30d49,L1,Tweet
3643d0b3-71c3-4d62-99eb-fea54f8e1a99,L1,Tweet
f10266cf-7a7d-47fa-8698-7e927dd8c5ab,L1,Tweet
7b3a5799-a4aa-4bbf-a680-c976f94b27a4,L1,Tweet
26e8240a-b302-4efe-9ca8-30314d618dc9,L1,Tweet
e0b9cd16-6998-4e1d-aae8-ff36e60394ab,L1,Tweet
89717f40-2a6e-4657-ac5f-567517cb52f2,L1,Tweet
044daebd-b530-47e7-bd79-7ccab834c693,L1,Tweet
b242b96d-f830-492e-a170-ef4a98323c32,L1,Tweet
111dd0ef-85f0-4cf5-b06e-cdae408b1e22,L1,Tweet
25976990-d050-4ee0-bb6e-4d2736598ece,L1,Tweet
d2d8eaa8-28b8-4362-b366-ece1d334ea96,L1,Tweet
69fb4195-2845-42d8-9773-26b97603ef03,L1,Tweet
fbe0ecca-867c-4674-93c2-4eb7556d5200,L1,Tweet
50105a10-9610-409b-88fc-0b5cfa2c00f2,L1,Tweet
0d8c5134-1b6a-4f4c-a995-535f6e658b7e,L1,Tweet
64497ee7-7e75-4247-ab93-f3fed92bf392,L1,Tweet
5fe1f8a3-c2d5-4a6f-a99d-7c01c8893254,L1,Tweet
a937dca7-9e7a-4492-b70b-31f12cfee132,L1,Tweet
466f44c9-5a15-42ca-969f-44bc9462ef8d,L1,Tweet
ba40bfad-c1d5-42c0-9930-a4708204efc1,L1,Tweet
e3738200-6fc5-4740-8da7-3ec8049c4bb9,L1,Tweet
b9697d55-dbac-4242-a450-9a8ef1e173b5,L1,Tweet
6cd3f067-d518-4dd3-9b73-dee252ec9745,L1,Tweet
a1feef53-e83b-4be3-88ba-778fb1eaa6b9,L1,Tweet
43403836-1123-4c8c-b3bc-ed838e5f2189,L1,Tweet
ca0870ea-8d86-43d1-8f38-f784a85d6742,L1,Tweet
b6951d85-c18c-4478-8dbe-bc5dbf4d620c,L1,Tweet
087f5a07-1a7e-4b4b-bfdb-c6e92605aba8,L1,Tweet
5c4b53d8-4fd2-45a0-9c0c-29973c50d8f0,L1,Tweet
b35ced78-ca44-4e67-84c5-6df1b2a612a4,L1,Tweet
d84051b3-a250-4337-8619-2d0be6b96c19,L1,Tweet
8d56f82e-8b1c-4041-8528-6582ba4883df,L1,Tweet
207cf6ad-cc88-4570-a6ba-2fca2bf45a84,L1,Tweet
02ca59f6-17d5-4d18-816c-62767c6e1d4d,L1,Tweet
77ed0da4-d68d-4426-a478-463d71f0e4c3,L1,Tweet
aaaf50f8-0c4c-447d-8bb2-bbd2b4fa6200,L1,Tweet
4a6b5502-c206-4aa2-b7a0-9ba54a8130f5,L1,Tweet
ccc430d4-a293-4ca8-9f8f-bdb81be9a0a9,L1,Tweet
6d44878b-16a6-48cf-b57a-e6f31e643f96,L1,Tweet
66376cac-8260-42e5-b45c-00cb6ad46ef2,L1,Tweet
b1e95625-1148-4841-870e-ce782801c402,L1,Tweet
7d0cf085-1da8-436f-8096-b2087151ea9f,L1,Tweet
6d9ed5bf-4d63-4dd7-9b3b-bbf23e8c9769,L1,Tweet
ef80b18d-56d0-44d2-8bf7-f2d7c537df7b,L1,Tweet
5769c5d6-5cc6-4677-9287-944b036ed27c,L1,Tweet
bff3261c-aea1-4754-a8f3-e2cf5a164b7d,L1,Tweet
5289416d-c879-4e15-a9e4-a05ba5391598,L1,Tweet
4bf30a45-1244-417a-90a9-9976a2967a73,L1,Tweet
93f20eda-b4ff-405c-9f07-13fa09c40359,L1,Tweet
2b3999c6-0b8a-40a3-9210-e80aac99813f,L1,Tweet
2030e22b-fc52-4a07-86bc-f5c6e9213634,L1,Tweet
58cd5c92-83ca-4440-a4d2-2e522c53e45e,L1,Tweet
c436cb2b-d09e-43e7-a85b-00432d2a670c,L1,Tweet
8437765a-7998-466b-8f3d-df9eb94e52fe,L1,Tweet
f6177c3e-d632-4aab-804b-0cf5d46a30ed,L1,Tweet
4f4946e4-09bd-4e6a-aa7b-22b1cc291321,L1,Tweet
8e098ef2-ea2d-49c5-9d07-42bf3e95383a,L1,Tweet
38ccfaeb-d73b-4faa-a12c-60e7491c092b,L1,Tweet
9bde62d8-5468-4f33-b4e5-a708cb028ccb,L1,Tweet
b5e8b804-0089-47fc-aba2-c0eab6c1c67c,L1,Tweet
5022efe3-cb97-422c-8c83-067a982d751b,L1,Tweet
01476ee1-120b-45de-b87d-94d9c26dd7a0,L1,Tweet
4ead1e77-a3d7-4a8f-98d4-e25e4c4bb20c,L1,Tweet
66098ad2-78bc-4154-94e0-5587e4bc7be9,L1,Tweet
ef0e63ae-26d6-4c50-84be-fbe96dbea3f8,L1,Tweet
ef7d31bb-3bf0-453b-b986-3a5570c1dc9f,L1,Tweet
4015aecf-0b2c-4829-bbea-ce8dc33dc55f,L1,Tweet
e02d8fb4-a4e5-4a1a-abbc-7e779fa2b5b4,L1,Tweet
6bcd69d5-e67d-4ba7-bb5f-f7f36d8d2973,L1,Tweet
da53b441-4a17-4999-909f-e09acd44b9ca,L1,Tweet
b2b1329c-d12f-4f0d-8f35-c32ef8650e3b,L1,Tweet
687f0c13-cb0b-4155-93f4-7e94352f7c10,L1,Tweet
b9d6a1c2-c476-4b45-b4b7-7c0131032c7b,L1,Tweet
b2e042b7-303c-4537-9f05-a4b451a65cf2,L1,Tweet
bed5020a-415a-43b6-8b7f-aa05c39de906,L1,Tweet
9f20b80b-ad0c-4cfb-a667-b9dea3b21ee9,L1,Tweet
054f8740-d680-49f5-890e-b85fdc07b74c,L1,Tweet
73989b8c-8af5-40b9-8388-02d3a8ee0112,L1,Tweet
02762def-6b25-4bc5-861a-9fdbd593a8d3,L1,Tweet
437035eb-e244-418c-810c-7614b452fa8d,L1,Tweet
ba95ca8f-ee8f-47a0-b7c8-cda581c249ce,L1,Tweet
680f86f2-666c-47bc-891e-c132b100c905,L1,Tweet
fb2f9051-4358-46d5-8315-5302e47b5029,L1,Tweet
8b573e11-ded5-49c0-9161-9454645d38f3,L1,Tweet
8307582d-c549-46bc-a78b-d521198e511a,L1,Tweet
dab6939b-b679-4b03-bb67-f7755d3c2ecb,L1,Tweet
7c0f6ca7-de95-48b2-994f-0671787f416d,L1,Tweet
d70f7fc1-a606-4563-9303-d2d1c5e8dbcf,L1,Tweet
f0c12d83-487a-45c8-b0ec-f0cdac9a58a5,L1,Tweet
06930089-4572-497c-b74a-96c146b7bb44,L1,Tweet
2ee98dba-e595-4866-bc2f-8b488f30c3ec,L1,Tweet
f2f51f95-0357-4d8e-b3a8-3b75ba539a7b,L1,Tweet
2b125635-66bc-4bcd-b0a8-aab2cec4a8bb,L1,Tweet
13c1740f-d60f-43f2-82ed-9d509239679e,L1,Tweet
16331437-2238-44cd-aede-394ec736e0c5,L1,Tweet
481b50a9-0f4d-491c-989e-29d7d8cb3e45,L1,Tweet
ceb6125f-dcfe-48d2-8096-9ea8603ec076,L1,Tweet
33b81a67-cb37-4e32-a80b-2d062b7295a5,L1,Tweet
a49706e1-c9e1-4542-979c-7873c92ddd0b,L1,Tweet
8220799e-11bb-4bfa-8289-be0524e5275d,L1,Tweet
1e4c40de-0084-471b-91b4-c305ffc94e6d,L1,Tweet
e3d957dd-bb40-4226-82a0-2fd1919bf5e6,L1,Tweet
4dbc4f99-744e-4f3d-b703-d0c42d278d5f,L1,Tweet
67d1c796-4319-45bf-8278-253f71f5d955,L1,Tweet
871a7c55-e7a3-4852-b766-e7abd38ec4b8,L1,Tweet
b18b5bd1-45d4-40c1-8a2e-47f91112013b,L1,Tweet
76fef833-02de-4990-9d24-af76bb043ad3,L1,Tweet
27d6b111-7cde-458c-9f57-8040d2f85b0c,L1,Tweet
10000601-0d07-4fbb-ad9d-204ed8d7899c,L1,Tweet
2fac170b-3921-4a78-8596-96051c6633b3,L1,Tweet
a0255b50-1bde-41b1-be55-db3cbf6179cf,L1,Tweet
0ebb46df-bac0-4bdc-920a-92933a75289d,L1,Tweet
a746655f-9838-499c-8849-554935943a7a,L1,Tweet
31ae6847-b741-43ff-a756-09e8d6dfe78b,L1,Tweet
f2d39b0a-9493-439f-9692-ef3518926a5f,L1,Tweet
45061702-e472-4c0d-8d08-aa3804b2a71c,L1,Tweet
bd0767ee-92a7-4f39-961f-4796e5200d9f,L1,Tweet
853a8e1e-d8e6-4d85-969b-14b1a08f1b4c,L1,Tweet
2578ef15-da02-4320-b0a8-5e61a9366e97,L1,Tweet
8e7eea00-2a02-434b-938f-5a9058906d2a,L1,Tweet
63994540-a774-4aeb-bf04-646edda2b038,L1,Tweet
72344f3e-a6b6-402d-bb31-a7bb0f5d8626,L1,Tweet
404a94e4-0878-44e1-ba24-cf1ab87de094,L1,Tweet
922c23cf-ffc2-46b2-a27d-a84d7ab751fe,L1,Tweet
de9b82b7-e90d-4755-b745-8b5be5d04cd4,L1,Tweet
668d5212-2446-4cd5-aec4-9294fac520f2,L1,Tweet
022b142f-569d-4257-99d4-0abf70937500,L1,Tweet
a653f05d-1b05-47e8-b68d-625ffc014852,L1,Tweet
20c47b5d-dabd-4e2d-857d-12d96e84964e,L1,Tweet
4be14307-488d-4951-9814-09188e8f3d26,L1,Tweet
c71ab368-17be-4e62-9fc9-d9ccc3f49480,L1,Tweet
39de00da-965e-4592-9dc5-fb010b9a5b22,L1,Tweet
873980e3-5bad-492c-83d5-c96f90233e44,L1,Tweet
e262f6a0-9a4a-41de-a91c-72475930789f,L1,Tweet
e4c0710c-329b-4906-8558-614b6e593f63,L1,Tweet
22e14333-0d24-4815-a475-40496059c71c,L1,Tweet
6ddc947e-a813-450c-9bc0-6ffae28ddf52,L1,Tweet
9552192e-8317-4f93-a7be-4f2229960b10,L1,Tweet
111a6a5e-ab13-4d16-b3fd-02254e4b1f1b,L1,Tweet
a0be6b1f-7f6e-42e2-a518-491481057096,L1,Tweet
34e828b7-b0a7-49ba-9872-b713abc3b9f7,L1,Tweet
5addba89-e746-4ea4-9320-c08244c212a0,L1,Tweet
e2af82ec-cc0b-4f27-a2cb-4c7690bb0e67,L1,Tweet
f23c3da7-42d3-49aa-9c9d-9bea520a3a4c,L1,Tweet
599718dc-25f1-4c46-9a13-59d42ff42595,L1,Tweet
b09e98c4-ff25-4d4b-8a89-9a0cc3af1d5a,L1,Tweet
7544fbc7-25f9-4997-a229-98419a3ebb0a,L1,Tweet
a0c5a6a2-65f1-4213-9a1a-2764d6f37727,L1,Tweet
bfd68ccf-82ef-400f-830e-548612b00744,L1,Tweet
43e31910-aade-4e90-8b23-5a5b63c1135f,L1,Tweet
d9428976-11df-4ab0-9403-f57e02e6b23b,L1,Tweet
b1a9e586-b1e6-436b-a493-24951de46c78,L1,Tweet
1cf55e94-f214-4286-99de-806991edf3c6,L1,Tweet
25d4531f-bcc5-445c-9a25-ecc0e6706515,L1,Tweet
7f0454c3-b270-4e9b-95af-32312d891309,L1,Tweet
fab2481c-ac45-4033-9821-fe9e45820630,L1,Tweet
bd176dcc-399d-46d9-b606-2b48d4f3d116,L1,Tweet
3959f315-2203-438e-90ae-421344e2eb92,L1,Tweet
808839ee-d0e4-426a-9980-cb3891c9f4a1,L1,Tweet
88c25249-7444-4e4c-9f5b-7ccc4b38158d,L1,Tweet
49154dcc-95b9-452f-99d0-60e0837bde87,L1,Tweet
1c451d7e-6450-41a5-a083-2f068b9d7ae6,L1,Tweet
bfcbf778-24c7-4a06-941a-6816535837b6,L1,Tweet
3fa03be7-6e47-4a13-9f92-ec591702b777,L1,Tweet
dc315cde-1b85-4245-8e1a-c6285f3475c6,L1,Tweet
ee6a36ca-f3b3-4c7b-aacd-1f3be6a2a416,L1,Tweet
1cd3306d-7fe7-428d-9e9e-56653dc0f3bc,L1,Tweet
d83f675f-4a73-4927-a43c-3a507275bec2,L1,Tweet
563bf439-60ae-4039-9ceb-f73010048655,L1,Tweet
9b1f452c-4b71-44b1-beb3-3e681b7ee284,L1,Tweet
d8a28e86-9f71-4d3d-9ac7-45835a0d1e18,L1,Tweet
ff0fcd39-b4c8-4710-accc-cfb71dbf4f77,L1,Tweet
662a06a3-6581-4058-811d-3facae760560,L1,Tweet
97d7088f-5eb3-406d-aa6e-f05b6cf184ab,L1,Tweet
c6c5e3a1-dd3c-4fe6-a5d8-922aea4008d7,L1,Tweet
4fe66d7b-cb54-407b-9ddc-e694745a8450,L1,Tweet
4dddb003-dcfd-4c04-bdc7-87b4c2d5a808,L1,Tweet
4523c487-f69b-49c7-a0d0-fa2d48bcb9f8,L1,Tweet
a8550cfa-6766-459b-a131-7c46e8135b41,L1,Tweet
29ab91ad-5b6d-40ea-9f34-ebf8be8b80ea,L1,Tweet
6887f2da-c82a-4bf2-b16b-0019345e289c,L1,Tweet
11fc8067-e622-452c-8135-d182cbcfdee4,L1,Tweet
7bc18e52-5c44-4aca-b355-9a3fe981b1e5,L1,Tweet
977cb0fb-c1de-4188-adb7-d85e5e1efbef,L1,Tweet
a0381f75-0412-47cd-8038-0da5af5d49c9,L1,Tweet
685e624c-aa29-4178-9063-b78ee3b5fc80,L1,Tweet
c56753b8-ef55-45cf-ae39-8c1b47c959b0,L1,Tweet
486e573a-e004-40e5-ad93-50145fc38122,L1,Tweet
67fe1c75-e02f-4230-bdc0-b41e3134f6c3,L1,Tweet
a0391fbb-4314-4903-914c-3a88a8454022,L1,Tweet
7d9a2f58-5186-4592-b3d9-eff9adcadbb6,L1,Tweet
66afeff2-6467-4f84-bedc-f712fee78c2f,L1,Tweet
ce2c5975-9c12-43eb-acc2-2cb982b7e8e0,L1,Tweet
9cf4ee05-cf8a-4328-8270-8f7ceca36f06,L1,Tweet
3bd50430-9323-4e2c-ae56-956654a296fe,L1,Tweet
4bdfa223-c022-46bb-ac2f-b12b32e15288,L1,Tweet
6000814f-7c84-4a55-b8e5-326ba5aab5b3,L1,Tweet
a29b176e-5961-4fec-99bf-0890e5a388ec,L1,Tweet
7ad40f37-c6c9-4e3f-a096-836fe03e165e,L1,Tweet
b506b1c5-3df3-4f0d-ac38-76bcef020fe3,L1,Tweet
78186d9a-9648-41a9-85ed-027cb73ffb17,L1,Tweet
c4bdfd2c-11c6-46e1-b74a-bab46a8e5144,L1,Tweet
b05407d7-e75e-43a7-b846-51e335336b1c,L1,Tweet
28b44a4e-7a8f-4648-a7d3-7422ce7fd63c,L1,Tweet
c91a2003-8f4c-4271-9f8b-49b43ecbf4ce,L1,Tweet
dd755cfb-0d9b-49b0-8603-955858933ad6,L1,Tweet
3dda284e-b92a-4ccb-8ce2-a69ddb33222a,L1,Tweet
f5434429-48ab-443b-83c6-e3a9f7d5667c,L1,Tweet
0eb22752-25f8-4131-a313-b03b22a47f0e,L1,Tweet
e850e02f-0723-449c-a71d-cae9c867e385,L1,Tweet
e53033a3-308f-4204-8d59-e0be20f0f84d,L1,Tweet
d9d14b3b-33bf-421d-8aaa-f7bfc71d778c,L1,Tweet
fb254eb7-8a9f-4169-8b77-c6f3248f7d26,L1,Tweet
d3253e01-cba5-492d-8d27-07491e073f13,L1,Tweet
4c081a04-1825-4650-8080-53e7bd91d61d,L1,Tweet
2820fa81-8e44-4ec1-8674-7fc3bc4592a6,L1,Tweet
0ab42514-d20d-4892-9c4b-c80ca2814426,L1,Tweet
bbed9d0b-90b5-4cde-9f59-205b5889a19b,L1,Tweet
77b4591d-b767-4021-810c-6d3fa2d20794,L1,Tweet
3cd370c1-2b2b-4bc1-9b12-95ee44ee2aa7,L1,Tweet
a6ae285c-2135-4366-9e0b-625b46abed70,L1,Tweet
af236796-0ace-4f6c-a48b-a5c6664e0d3f,L1,Tweet
93acd39b-38e2-462b-91f8-ed9bf954574f,L1,Tweet
81dd3dd2-7c40-49e7-960e-224c5f2eb974,L1,Tweet
271d6675-6303-4383-9253-f2b2aa8d6cac,L1,Tweet
700e9bec-f06d-4cd3-9fe4-c0251ba8a21a,L1,Tweet
431786c9-45df-451c-9905-f0afac78dfdf,L1,Tweet
444b74ff-a8b1-4201-8dbd-aa51733ef8bb,L1,Tweet
339e78be-3d92-405a-b1f4-119fb68d05fa,L1,Tweet
742124aa-5b67-4c8e-bbe1-cf9d5aa0a44e,L1,Tweet
fc1f4bcc-7586-4b9c-b01e-f02f8b332bbe,L1,Tweet
262660ba-f672-49cc-95f4-7fc54ba1ba7a,L1,Tweet
5a42cf85-d565-4201-86d8-1faa68cdf8ca,L1,Tweet
0aaa0396-83e2-46dd-8ac5-fa70a0a051fe,L1,Tweet
7418f806-5c17-4614-8d24-e3b9232ed82c,L1,Tweet
d30cfcc2-6855-4f91-8388-519a08730c2f,L1,Tweet
253e43f7-17ff-497d-8fad-1ae795bc3cfb,L1,Tweet
69a4774a-7e97-407a-9608-a5a3320f0501,L1,Tweet
c8966fce-df88-4dd9-a2c1-fd759e1219f2,L1,Tweet
4f6e9fcf-194b-4b62-b465-6f6b8d2badd1,L1,Tweet
74f336d2-7c3d-4662-8246-62ba3771d5ce,L1,Tweet
08b8791d-a02c-4990-bb2f-67f11b81bc77,L1,Tweet
ec71eb4c-5fe0-4eee-8d39-2003cb429156,L1,Tweet
e7b3ebf4-df43-4d1b-a71a-76d8dd421ff0,L1,Tweet
49b08951-265e-481d-b043-fc1c5c23480a,L1,Tweet
b3927551-9f2f-4e4e-a931-a512dd63966c,L1,Tweet
1d5c6096-9215-4824-943b-938e5acd47e4,L1,Tweet
d6cacef7-40a5-4af8-b22b-9701c62eb116,L1,Tweet
e5c40eb5-8593-42b6-bf96-35961e92732a,L1,Tweet
d5d2c32d-6079-4c57-99cc-2e4e2d422627,L1,Tweet
1289e0cd-ecde-433e-8d64-6a085ce4ef24,L1,Tweet
96ad059c-979d-44b0-b1eb-d6bae188e373,L1,Tweet
b431c44a-e418-4d02-8286-72d5c79720e6,L1,Tweet
3da8505f-d033-48cd-8a2d-4037afe9c2af,L1,Tweet
7818aaf8-ad28-4a87-849d-8429879234d6,L1,Tweet
36082b20-5a7f-47cf-a907-0c4c06cdcaa7,L1,Tweet
1f10589b-ac24-4d74-93da-d27d8e949d8e,L1,Tweet
c199ad3a-b9b8-4dfb-8a73-ea9a12ed192f,L1,Tweet
f48db3e0-0929-4a6c-8840-8b83d60c35a2,L1,Tweet
bfee4e39-85b1-4a55-8a29-7f2b7ff6b668,L1,Tweet
cb0d9123-d0a4-4564-be07-1683f2bf5df1,L1,Tweet
46316fa5-d24f-432b-919d-35bebf11efe3,L1,Tweet
0fddab4a-47f7-4531-bdbf-31020610dfca,L1,Tweet
6879da83-9073-456d-9998-a552de2cddde,L1,Tweet
59c29d6e-2972-4090-b39b-911eda2904c8,L1,Tweet
7b6c4ee4-7e2b-4444-877e-b79dcea3e723,L1,Tweet
d363cdc7-07db-402f-baa0-c26bfb7d07b9,L1,Tweet
25b7630a-f54f-4bf3-803b-112475daa9cc,L1,Tweet
01ab737f-8562-48fb-9020-10d92db74198,L1,Tweet
14db78d4-22e6-4442-8052-3039673d675b,L1,Tweet
eff87729-133c-42fc-85eb-c5f2b6d0f159,L1,Tweet
08161d63-7a52-44eb-b099-f753aea7e21c,L1,Tweet
9c3b2237-70a5-4a0e-a078-2ed5956838e2,L1,Tweet
cd66b48b-fcc5-423e-bf77-cd75228b7755,L1,Tweet
e1e32c7e-d4f1-4b60-8298-28ad51dfae4d,L1,Tweet
453c86b1-91b1-467c-b1cc-2c8e86dad595,L1,Tweet
66f900ce-b836-47dc-9598-ffe60e244a90,L1,Tweet
c2df24c6-21c4-4540-a525-75c0658c5f5c,L1,Tweet
2e240ce2-4d6e-49ed-b163-a6b8f7d93a1b,L1,Tweet
dbb41a74-4b11-4d4c-a036-1fbdd11f9efc,L1,Tweet
55275c90-0d77-47d3-93e9-be40583d4ae9,L1,Tweet
1eae0815-24c7-4369-be71-702c82256e48,L1,Tweet
80ffc918-6339-4617-8273-35da918258c5,L1,Tweet
6d642869-ddb9-419d-bb06-a6bec2ac7c9a,L1,Tweet
f6c0ff6a-120c-44ee-a6ed-0cdaf419e1f4,L1,Tweet
ae4aac14-67c5-4093-9537-c8c248ea84e0,L1,Tweet
617decae-825b-416d-aff9-86c28e807e25,L1,Tweet
c0f46c4c-7ab7-4e88-a7b9-3a2e6d611536,L1,Tweet
22a6b893-aaf2-45ab-8967-3b2988465c49,L1,Tweet
c96b0d7c-dea4-4aa2-ae3c-aa3d246d3469,L1,Tweet
09c496c2-5d7f-4425-86ca-17da20806885,L1,Tweet
0ba6c004-17c3-4cfb-af49-e258179b21d3,L1,Tweet
4acba686-ad7b-46e1-b608-10f91e5252a0,L1,Tweet
3f556247-aefd-4dc3-9878-007b1c1d9b95,L1,Tweet
f2ad44d7-bd2c-4d2a-8688-4df3835c2030,L1,Tweet
e9ce4e4d-a980-4ced-8765-c7160a0b221e,L1,Tweet
11df7d2a-1b21-493a-b0f5-232098c13fec,L1,Tweet
9124530d-207e-4517-a653-48892b8960ea,L1,Tweet
8e243a83-8e4c-48e5-9fb7-be4828bb427c,L1,Tweet
19759bec-73b0-4184-9e52-3bd3c1877da1,L1,Tweet
184cfdef-df15-4108-8370-8b850b340181,L1,Tweet
397bf780-3011-45e6-a674-e19c3ca2da91,L1,Tweet
67346be2-7d91-4abd-84ba-122ba561b3d0,L1,Tweet
f6452187-75e0-4271-85be-0d35ff867612,L1,Tweet
0151975d-15b8-40d4-b577-3901a85a8337,L1,Tweet
023e618b-b48a-48e1-bbe8-98c2d3f342d0,L1,Tweet
bf854576-b849-4454-ac4d-42b5abe2670a,L1,Tweet
1e355595-c370-4b18-96b4-783f88443118,L1,Tweet
86d55296-32c6-4813-b664-8bb7495cc927,L1,Tweet
6684706a-a8a7-44bd-a951-cd1e69bb63e3,L1,Tweet
f2af658c-44b0-41a2-983a-9ab6f9fafc9e,L1,Tweet
ee5e016a-e615-4804-a2b0-b0de6c9bc990,L1,Tweet
6f060df3-eb87-45ac-816d-80b1f977dc75,L1,Tweet
de8ee009-6c23-4b32-bac3-7ac8d626b02b,L1,Tweet
004f98d9-834a-4221-9091-6bc30a5578ee,L1,Tweet
7efc603c-8c66-4181-83f9-2f70819b7dd0,L1,Tweet
3218eca6-5f54-4c1c-aead-5d907c80290b,L1,Tweet
81ee653e-232e-47fa-891d-9df3092dca09,L1,Tweet
39945d3e-f6d7-4c26-bf32-d5572da9a8bf,L1,Tweet
39512c40-f050-4453-95bd-dd94637c6759,L1,Tweet
cd778fcb-386c-4e6b-a4a9-578af3ad1678,L1,Tweet
ab6ccd8d-5bd4-4561-9eb3-1c998e5eded2,L1,Tweet
633747d4-4ba5-4b32-907a-ff3bb07d3061,L1,Tweet
584b2ff3-0148-41cf-bc63-977717e5fb7d,L1,Tweet
b6605c1b-b1eb-475b-9b6e-ec136eff4f09,L1,Tweet
660a77d2-e32e-4e2c-b49c-418d86519897,L1,Tweet
d6f72c89-d1b2-4dfa-8b94-f46a40611a0c,L1,Tweet
62bb0092-054b-4a1d-b9a2-67435c93b913,L1,Tweet
4e143b09-af11-4f96-8a74-75cec5380d53,L1,Tweet
70152ccb-27d5-44c2-85f3-8077f2cf63f0,L1,Tweet
2c62c44d-fdde-40f6-a4f9-35ef2df50261,L1,Tweet
1b7a3a31-018d-49c8-a108-8254a563bbd7,L1,Tweet
043e6a7a-63bd-444b-bcd1-1a8b053be7c7,L1,Tweet
d64253ff-a9a6-4fa6-90dc-12c1bc960cc0,L1,Tweet
a2e80bca-4ac8-4cd7-9316-53a4016ea34d,L1,Tweet
a054b0f5-4347-4b18-9ba5-fbefd6733147,L1,Tweet
498fea55-7e4e-4cd8-bf41-7653c73b2365,L1,Tweet
4b5f06a5-01f2-4a47-9dc4-b931ae64b7f3,L1,Tweet
f2953aaa-1749-497f-887f-9030f22c3e14,L1,Tweet
21e9cf13-b080-4034-bc08-37165d88089f,L1,Tweet
cf0bf193-14d9-49ab-b58d-fc4a299fbcbb,L1,Tweet
ab350274-0922-4945-b2b0-e4a8c52d3ff8,L1,Tweet
b188107c-0ee4-4a40-8a5d-307a2310b820,L1,Tweet
9059101a-514d-4a8f-b957-9ae05d8135b0,L1,Tweet
acc45174-e0a5-4ce0-9b35-b4bd80422324,L1,Tweet
9cde2d71-e894-4e4d-9bfe-4c378c9f17c4,L1,Tweet
8eb1087a-12b0-41b7-8f07-8947cdbdfc7a,L1,Tweet
b71c3608-0757-485f-a429-629afc8cc730,L1,Tweet
5502c2ed-d701-4b62-aad0-b8985d71af34,L1,Tweet
bbfbe845-53b1-4638-af65-9f5da1ec586a,L1,Tweet
976ab8ea-8968-428e-a7d6-297a389375c4,L1,Tweet
705a7bdf-39ff-4a7a-8ca2-af4f919cb671,L1,Tweet
7840dcc0-4027-49a5-befd-189562843d18,L1,Tweet
ccf1daa5-fa2e-4468-b463-a80ea2c1e6ef,L1,Tweet
cb4d0993-6b7f-47cb-8b34-0a4483104bda,L1,Tweet
8a46f958-1f85-443b-810b-3e0f7f51686b,L1,Tweet
04442240-624a-4c4e-9a14-2aee278f27f8,L1,Tweet
c9ed2881-7c97-45a9-9edc-c50902ff5cf3,L1,Tweet
f33618f7-67cf-44de-b6c8-2205b68ce340,L1,Tweet
4e85f249-3b4e-44ab-b32e-58cba71c650a,L1,Tweet
b7c09d85-79cd-48ac-a117-0bad421244ec,L1,Tweet
0180c51d-aa30-4c07-9974-cf23e140aa43,L1,Tweet
d68194e1-4716-4302-b48c-e6c9d072f236,L1,Tweet
c657dea8-9d24-442c-9e30-33e9a06068f0,L1,Tweet
220bf759-bda8-4f2b-85a2-08dd8b0f1124,L1,Tweet
eeb438b3-7a73-4f4f-86c3-56a80cfa0fd5,L1,Tweet
26074684-eb7d-4301-94b1-eed16ce57278,L1,Tweet
1e0e006f-040f-40e7-99e4-b947b0dc034d,L1,Tweet
392fc684-e4ec-417f-8009-4a2c71b37e95,L1,Tweet
45453767-3032-44d6-9728-4c7dd25e63da,L1,Tweet
cbeb1146-fe3b-48d5-a77c-486040c643cc,L1,Tweet
4fb7b631-e8af-425c-824f-dea220df77b9,L1,Tweet
0db7fd22-e2b9-4c3f-b62f-5d6178c5a8b2,L1,Tweet
6c595df9-5cb6-421b-a187-1034497679c1,L1,Tweet
351bb6d1-524e-427e-bd57-993c4a54f6ba,L1,Tweet
959d8dc9-9751-4d0e-8cbd-b13733b52225,L1,Tweet
54e75487-fd54-458c-a85f-24fd40065e44,L1,Tweet
fdf816dd-6bf8-4a47-a3cc-98d1925cb845,L1,Tweet
d7a409e2-0e1c-4f53-8f46-cb09da8a0ff1,L1,Tweet
e3c84caa-1a9a-4d2d-b4cd-4b1cdc022123,L1,Tweet
58bc956e-6b72-4637-a460-38609f90d8f9,L1,Tweet
a79c002e-2624-4fd8-80fe-f8321e1c8be1,L1,Tweet
97d630ed-c4ae-4f18-9fb0-08827c7e91e7,L1,Tweet
6a10a380-300d-4dec-94d6-d09884661b53,L1,Tweet
68b16db7-0e50-4423-a4a9-81234574699f,L1,Tweet
59c4a2e7-dd46-4042-b0e5-90d4e5a408ae,L1,Tweet
14b2de67-b6fe-45e7-93e4-831069fbdb9a,L1,Tweet
7fdab302-ad8e-4a92-a569-5c482aeb3627,L1,Tweet
44bb150e-e9c5-4f07-95db-df2f58d2928e,L1,Tweet
182d9bf9-d5b8-4fb0-8f21-ea47c6268d68,L1,Tweet
8cebcf89-b97d-432e-97d6-22f7f078715d,L1,Tweet
c69ee489-f1f8-4ad4-98c8-89dba699341f,L1,Tweet
9c87321f-47ba-46c4-8ce4-2d5699aed4af,L1,Tweet
6f53d9cf-9849-4a7f-a51b-fd7f7d8836e7,L1,Tweet
932b8547-aaa7-4633-8c45-386437455941,L1,Tweet
053b0ec1-3a69-4a77-875c-45b6e176b74a,L1,Tweet
99333f16-6e9a-4103-8024-b039f6b102c6,L1,Tweet
c29bcedf-ed72-42e2-b7a7-5afd00e773c2,L1,Tweet
22320ea6-3d6d-47e7-953c-8154a7b0cbc9,L1,Tweet
3a201070-beff-4062-8917-c4407a5d87f0,L1,Tweet
378a4eb4-ed9d-41f4-9ad7-ba855eb97b6a,L1,Tweet
aed46370-a2f3-41b5-96bd-45647051fd45,L1,Tweet
83dca2cc-407b-4fed-98a3-09d494eb0b92,L1,Tweet
c6cff773-9aa7-46bd-9fef-f1fdc554d502,L1,Tweet
e10c4d9b-36a5-4443-9d6b-b85fa69168cc,L1,Tweet
e3cf6d70-13ed-4141-816a-ce7a851d80de,L1,Tweet
96f01809-9fdd-422c-a4f4-ab82c9cef9a0,L1,Tweet
307d2154-1cb4-4464-a11e-e25c522be7fe,L1,Tweet
52c756a2-54e0-40bb-8855-6aee6dae0541,L1,Tweet
2eebbac6-cc40-4e02-bf79-99d18d6a9b14,L1,Tweet
11a78b3a-8187-43ea-b66d-ce77181debde,L1,Tweet
2c5e2124-dd2c-4eaa-8761-6180428b95e2,L1,Tweet
ccb5cc04-eab8-4ec6-86bf-3995bc1c14df,L1,Tweet
1263a6ba-757d-472c-9847-89f15c8c51e0,L1,Tweet
920f7349-b0e6-4915-a90d-fa0f53ba427f,L1,Tweet
1ff2de50-b202-45e2-9a1f-801ca3d3dc37,L1,Tweet
0d3b4aba-9cae-4158-9122-b4a1f842808c,L1,Tweet
5b294195-c1a9-461f-b6fe-44eb6bbcda50,L1,Tweet
f71a08f3-e3ce-4ea7-a96c-2883030395f0,L1,Tweet
3c47d17d-10e1-470a-9e0f-d37a597e5308,L1,Tweet
4a364f07-b169-4c09-be4e-318ce3022b0d,L1,Tweet
fe5e9462-2f25-4253-b4b7-3ce7c4b57891,L1,Tweet
d071de46-68c6-4ad7-9e6d-18f70a443482,L1,Tweet
9086a7bc-1b47-4f4a-942f-0589908010fc,L1,Tweet
a990e9ac-0a2b-43db-b82d-f3ea3205ec6d,L1,Tweet
8abd0016-6c14-4dad-a0cd-55c16a081de4,L1,Tweet
db15ba96-f172-4493-afeb-045ee1ae66a9,L1,Tweet
85ba9ccd-8292-46b0-ab09-18da54d755da,L1,Tweet
b6feaa4d-703a-47e6-95fa-a0fbd5b14c1e,L1,Tweet
f92a87c2-1b08-43cb-aec8-f695fe7e6ce7,L1,Tweet
b6523826-2d3e-43ec-b0ae-30c36acf6bf1,L1,Tweet
79fb5daa-922c-4f34-b902-4f1ffefe91c2,L1,Tweet
9b7b779b-2982-4099-976d-0234f88e8693,L1,Tweet
aaff8f72-d62c-4081-8e12-e6807caa8753,L1,Tweet
1fcae1c2-5f31-443a-8219-2c434a8b69b0,L1,Tweet
06b15ae9-a0ae-487a-bda5-e5a228c1c7b8,L1,Tweet
10b726a4-8879-40e8-9d10-d41e6fcf044a,L1,Tweet
f4bc857e-847f-4150-be6a-a86977b780d1,L1,Tweet
b3fa4391-0845-4521-84a2-b3a0472a625e,L1,Tweet
0e6d021d-b2da-4a17-b68c-ccb95b50bad7,L1,Tweet
035f1aea-2661-45b4-bba0-db0baf69ddf7,L1,Tweet
3d41d003-ae17-4293-afc7-b4ed6c4476f1,L1,Tweet
62752d9a-b379-4921-87ce-76db1a8a4285,L1,Tweet
cac61ee9-34ce-4349-a2a2-cb4b9155f12b,L1,Tweet
330876f4-6ea9-497c-b1ca-cb48e6113fbb,L1,Tweet
876be627-990e-43c0-a490-798982a86d89,L1,Tweet
2c7a504e-68ed-400a-ad2c-e262683c0b51,L1,Tweet
99756876-6c6c-4a40-af68-6948d71b3986,L1,Tweet
7cbc3771-5800-450d-af4c-3e4db339e328,L1,Tweet
012e2240-b775-4dff-b71e-2677aa279bb6,L1,Tweet
f30272d7-4fa7-4cdc-a23e-8628cd84a495,L1,Tweet
3d348284-c35c-46f3-acd6-f4a43328d409,L1,Tweet
a51b8ca3-6e32-40e8-82c8-990f834a844c,L1,Tweet
ab098d8c-5ba7-4ae4-b1de-905be0c5b46f,L1,Tweet
77699165-4f73-43b7-a15e-84d38d40ede9,L1,Tweet
6d609363-e725-44d9-a2c6-7ffba090e4e1,L1,Tweet
68692cd8-86f8-494d-96d4-9089237a4145,L1,Tweet
fc7c532a-b149-4a29-a93a-a7709bfcba41,L1,Tweet
cd939b4f-26f8-4bc7-9a6f-e9aa9781ad64,L1,Tweet
b0074951-5863-4d03-a195-33ca7505238c,L1,Tweet
24f3d63c-bde8-4466-8e0a-0db73f8ce899,L1,Tweet
20564002-8d8e-4846-a50d-d0a801bec99b,L1,Tweet
62e2df0f-2df8-4c75-ad41-50fb3152a819,L1,Tweet
29971812-6f8e-4087-a73c-1118b8de8799,L1,Tweet
37373250-e6cc-425e-b6bb-11ee0627f8df,L1,Tweet
a19800de-a487-4e75-a746-79e81038980e,L1,Tweet
081f098c-1e0a-4602-a463-0e2136cb5bd1,L1,Tweet
6d3ad654-e100-49be-b551-3d7e209bbdd9,L1,Tweet
c7adf98b-0f38-4008-be23-bfb0849d0b7c,L1,Tweet
3ec00ab9-6878-44b7-b41d-411ff9286626,L1,Tweet
e7f9aaba-dedb-4203-aa61-dfed574d7b9e,L1,Tweet
3af68fcd-2a5c-47db-9a31-e989653bcd09,L1,Tweet
3b582430-e810-419e-901f-898fdbec7ef8,L1,Tweet
bb7b7c1a-11bc-4ffb-93b9-7dada7ed0bf7,L1,Tweet
e34bcec2-c5e0-4c5a-98c9-afc1477928f8,L1,Tweet
2a4cab6c-0e1e-468d-afdd-4a4d1becd795,L1,Tweet
fa1776f3-a2e7-460d-bf5c-5778aace5b62,L1,Tweet
5c3eac8d-8a43-404c-b559-faf9f19e0991,L1,Tweet
7f673338-b0dd-4a34-98d6-2c54dd7c3a52,L1,Tweet
0ba7435e-66c8-4bf2-89b0-f8665a68ac80,L1,Tweet
b4f6d9b9-581a-4013-99ed-fe913bd58b4e,L1,Tweet
a018ba5e-e836-4366-bf59-9f7e806e70c5,L1,Tweet
ac942346-b7ce-4acc-b8bf-93052daab597,L1,Tweet
4f4ff649-d9ba-4deb-8705-65e15deb9cbe,L1,Tweet
cd5801f0-1278-4571-8274-e9a1a70f6073,L1,Tweet
4a4fd132-64fb-4b26-a9d5-75a056ffb2eb,L1,Tweet
be580f64-cccf-47a9-ae40-9ae7acc1ceb6,L1,Tweet
c65fa128-7a59-4d31-b13a-901ef6afa276,L1,Tweet
3cd32add-348d-42d9-a45e-a5095ffdf559,L1,Tweet
ed758435-2935-43a1-acb6-d18ad997eef0,L1,Tweet
1169c583-bf8c-426d-9a9e-6aeea7a0f8ca,L1,Tweet
e2f68624-d945-416f-b9bc-fecde8ce0089,L1,Tweet
c757c41e-fd11-4325-825d-f9c7c64572e7,L1,Tweet
b95ae437-836a-44b4-8da6-46571f976673,L1,Tweet
b5c76291-c657-4ee1-8a11-7a0d8329950c,L1,Tweet
c6f2f047-1ec6-4f8e-87da-416b12558fa6,L1,Tweet
49f8330b-f1ef-4a8d-928b-3e124d58b7d1,L1,Tweet
db988734-cc63-45fa-bf87-57d7a7d25c45,L1,Tweet
8b9c8fcd-fb52-4fcf-af07-cab58c5f8db2,L1,Tweet
9cdd8986-e12d-49f4-97a6-8dcce91ebc94,L1,Tweet
0c562d7b-6701-4e7f-a001-103d33b91864,L1,Tweet
80724497-7f77-4467-862d-7a96a663690a,L1,Tweet
abb68391-78b1-460a-a958-5df643695be7,L1,Tweet
aa1f9458-8c63-4c3f-8352-33ef6f0aaa40,L1,Tweet
e3d2cd8e-da56-475f-923b-703bcdd2d136,L1,Tweet
771b9530-a36a-4742-b082-0f04de9ed23f,L1,Tweet
57b7cb9b-bc9d-41dc-94c9-84953e457d79,L1,Tweet
671f41bd-2136-4c70-a60a-997b80a0a8d6,L1,Tweet
d8b2a08c-e729-41e7-94a3-542303e8fd01,L1,Tweet
66d59708-0d73-4236-8aa7-7a944c6c7aa6,L1,Tweet
82b3eea8-d7e1-4ff5-903a-7a2f0d598cad,L1,Tweet
a0bd5021-e1d6-405e-803a-61cae6e70960,L1,Tweet
ffee6a1c-de9b-4d41-8f5a-06df7d15a231,L1,Tweet
0b045057-cb3b-4264-8675-8602f5357958,L1,Tweet
024f3780-d773-4adc-851d-a3ccde8eb59d,L1,Tweet
f0ceb9d0-1ff1-402c-a066-515cbb0c0ae1,L1,Tweet
a11964c1-5f72-4731-ae96-6bc216d652d0,L1,Tweet
49aaf34b-b686-4f59-b7a3-3c2f2dca91a7,L1,Tweet
68369911-6c85-42d7-af15-2fb1635575b4,L1,Tweet
5ad345d4-eec5-4af2-807e-469a2426b4e2,L1,Tweet
a73471c1-e8f9-4fdb-a2a2-41541dcd0d90,L1,Tweet
72bc2eee-24ac-47e8-b72e-1e397b27cd36,L1,Tweet
52f93a90-eb13-4abf-b1a8-4e66df23368d,L1,Tweet
3e50101e-25b3-4cf6-993c-1ce80a00a4dd,L1,Tweet
3f7016f0-a664-43a7-b220-f73dc25e6f57,L1,Tweet
701ad9ae-2b5d-4697-baaf-0da50edc57cf,L1,Tweet
57d45ed5-e4b7-4f97-a898-aa95c3450fd8,L1,Tweet
86977346-9bc6-446f-aa63-d3a17edf690e,L1,Tweet
3ff3db06-5081-4296-a3ab-5a918055f7e9,L1,Tweet
1f200162-a498-49e8-bd53-89949e6dbd69,L1,Tweet
645dba86-d46d-4c1d-b5e6-358ad315abb1,L1,Tweet
8f8c270a-3ad0-4de5-8bcb-3b768fad9d69,L1,Tweet
2610338e-5f8f-44ed-aa28-d3478332654d,L1,Tweet
486989d6-4f24-4de7-bab3-203a37021d7e,L1,Tweet
e6f031e4-51fa-42b6-9d56-37c3ca86f6e1,L1,Tweet
e9a86134-35df-4f69-8644-60420acd114c,L1,Tweet
141f2186-aef2-4189-aee3-a32c99a48081,L1,Tweet
87da5a28-8674-41ab-a058-0478c54d7f59,L1,Tweet
54350a3a-675d-4b6d-8f03-1680f9bab15d,L1,Tweet
1004c44f-0988-42b2-9ee9-f4e02bdc7746,L1,Tweet
90c56a7e-19ef-4368-912a-7cc5c8227178,L1,Tweet
0a143108-7818-4426-b64d-3e39866cebaf,L1,Tweet
ef1316f3-6006-46bf-922b-80c197ecd6b1,L1,Tweet
95fc27f5-fa43-4d80-9f47-8edd549aa0c0,L1,Tweet
029fa66f-455c-46a1-80c2-4e357a14d7df,L1,Tweet
4e6d66b3-0f00-4b2b-8cb3-970c3981337b,L1,Tweet
2ac4557f-453f-46a3-8437-34fad063d7c8,L1,Tweet
e6a2923a-8bda-4770-a0fe-597a132dd132,L1,Tweet
677cd70d-ad7f-4f0b-a48d-2028f7c1147c,L1,Tweet
0da9db9f-37bd-4340-b7c3-76a5d42872f1,L1,Tweet
8d777de3-557b-40de-b165-c65ed73305e8,L1,Tweet
121f79ca-11fb-4240-bfc5-63117695faf7,L1,Tweet
d943ab32-2607-46de-9467-4c43c7b555d9,L1,Tweet
b43ac20d-b9e6-4929-a2e7-b03d1a0ec38c,L1,Tweet
5f217d47-8885-4981-9ccc-5e21b31ec0e6,L1,Tweet
934c8b13-1eb2-4860-9d22-b1ede2f3c9e2,L1,Tweet
4d158cb2-ff70-414c-8ec6-40a9e6360293,L1,Tweet
a2ead901-8f5f-4d33-baee-425e5869a34c,L1,Tweet
40d39669-1af8-49b1-b14b-79357bfdbf78,L1,Tweet
64bd8071-42ba-42ec-ab66-115cb04e7598,L1,Tweet
d051ea97-29a8-40a8-ad3f-b37d565b079f,L1,Tweet
f67c1246-b276-4adf-b4b9-36563a97b5df,L1,Tweet
c9e503b4-cca2-4fe9-b000-26b4c9c18da1,L1,Tweet
19ccddb6-0aae-4396-b89a-6663393a7066,L1,Tweet
c6a77728-45bf-49d4-878d-644bf6313e4e,L1,Tweet
dd8c5dfe-51be-43c0-9c16-368f0892eeea,L1,Tweet
4c88ce61-4d86-4944-be7e-be0832b742f3,L1,Tweet
ed3df2b0-02b3-4c07-978c-935dadec2cba,L1,Tweet
9c9955a0-5bed-4776-bcf9-447287c8d156,L1,Tweet
954789de-93db-4136-8f14-7d8f629b8360,L1,Tweet
5d949a79-8d35-40f9-9b7b-dd0cfff70555,L1,Tweet
b7bf60c9-50aa-4be0-b246-c956a6632e10,L1,Tweet
b0e80096-e20b-4a81-96ff-90f38df3390e,L1,Tweet
fc5e6b55-5cd4-4129-84b1-c01ba9cd83c0,L1,Tweet
c0573f4b-1823-4c20-91dc-c7772045ac19,L1,Tweet
28d21ac8-4959-424b-9cef-68a50a497aed,L1,Tweet
c54ab5d9-c540-404d-a500-cf58a54b0ab6,L1,Tweet
d286b130-71fb-49e7-8ddc-14146c3c3de9,L1,Tweet
776ddec0-c0cc-4ad2-9561-7bf73a6436ac,L1,Tweet
a0e3b89e-bc6b-433d-9b38-0e525bb7734a,L1,Tweet
00a2180c-f727-49c1-9ea0-bed29963bf60,L1,Tweet
709752c2-a8ee-4663-8e4f-e48c3f0cda35,L1,Tweet
7f0449ab-65ba-4a41-942f-5d863a18bb43,L1,Tweet
b7123514-d048-4f03-8e1e-79c436901528,L1,Tweet
c601d681-3e6a-4cc5-a12b-0e3752f5a717,L1,Tweet
64c21bc9-6512-4ab3-ba2e-17136dcfb7c2,L1,Tweet
32632539-d42b-46b8-a093-bc4139d857b0,L1,Tweet
048f6b8f-8185-4e04-8fd2-7cc6d6df1d60,L1,Tweet
3c4ddade-2939-4ea5-90e7-e92f4db1184b,L1,Tweet
4bb48be4-839a-42ce-a351-d428a208f6fe,L1,Tweet
3cd6f1f3-8c17-4565-8396-145d0319624c,L1,Tweet
71fe8f0d-3747-41cf-8ea5-3d5615a4fefc,L1,Tweet
aa7f4088-75ce-4f48-98cc-e789cfe19327,L1,Tweet
bba4ab23-7db4-4e1a-b150-7ffec83d1c92,L1,Tweet
531868ed-30d0-4cb3-84af-dfb92ad0a7ec,L1,Tweet
0c26324d-f4a3-45b0-9d71-81849ecfe017,L1,Tweet
2daa1d6b-49d8-44ff-b3b9-78725965e597,L1,Tweet
14d12f67-75d6-41b2-abc8-594d488c8006,L1,Tweet
003dbf9d-3447-4ffb-8a0f-94e326220dca,L1,Tweet
6efe1a66-d6d5-43f0-8ba3-c0f0d7f3ee09,L1,Tweet
cd94125a-af8c-4a6a-8a53-e6726c37ba22,L1,Tweet
964e12bd-76e0-4a03-8ced-db59b5e6bd70,L1,Tweet
fef0ccf6-755b-4132-a5d1-dd5a91c383dd,L1,Tweet
2484f678-de60-44ee-9cf1-36a813ef6635,L1,Tweet
dc2bc87a-b315-4445-ab11-8eea6dbeeb5f,L1,Tweet
e11594ad-0a5e-4d4e-aad0-114dbd2ca316,L1,Tweet
5f8475a5-f6b5-4615-9703-0484d6bfdd03,L1,Tweet
efc378fa-d308-4e46-bf1a-b34464379b58,L1,Tweet
809208ec-6252-4f4f-bd22-c5f42a5e9335,L1,Tweet
8749b397-1205-4ff4-b998-1a71956b8e15,L1,Tweet
40e86948-9447-492d-b4e1-6db6c60c4461,L1,Tweet
d932b184-8107-49b7-b82e-3f9a3ac53feb,L1,Tweet
543404ef-b059-4040-916d-61791a1e8bcd,L1,Tweet
71a1ecd1-354f-4fca-b031-096b78858f7a,L1,Tweet
f34cd6e0-408a-4004-bd7d-e345b2518d8a,L1,Tweet
27582b5e-1f40-4daf-bac7-9e85b4932065,L1,Tweet
7d6eb660-3c97-4e2e-8fe5-8702024b9c59,L1,Tweet
59d6d49d-0f57-4625-90d6-7a3f83a9dcaf,L1,Tweet
6c1ebe8f-905e-47f8-8599-f9d741784e19,L1,Tweet
a0a6f6d5-954f-4225-90cc-71ecbe757ca4,L1,Tweet
6d855ad1-b568-4cf8-be7e-6cd7df002619,L1,Tweet
7f346ce2-a034-4fef-9fb3-b09096970e62,L1,Tweet
ddde9896-611c-43e4-9412-59fe3a6ceea8,L1,Tweet
237cfdfc-9314-42b8-b9f8-a3b9de0c7837,L1,Tweet
2022b117-4ab2-422c-af4d-3d32f8b4fc99,L1,Tweet
65e92320-e985-4c8f-aef2-9af799372971,L1,Tweet
b8ad96b2-5f9b-444f-a02a-333b98736b5d,L1,Tweet
cc045dde-041a-453e-8114-0bcf0befe3e5,L1,Tweet
74a2bf6a-4af7-4dcb-88a2-7f27fa3a1f9a,L1,Tweet
36f11d50-9ec9-4520-b92e-3df4b3e96501,L1,Tweet
9e67a5aa-cc27-4b49-a104-00c01c5e33a0,L1,Tweet
d731b819-b2a8-473e-bb97-7e054217d3eb,L1,Tweet
c7311fa0-521d-45c4-97ff-8e0ed483dfc3,L1,Tweet
c8f40630-0a90-44cb-b615-79587e5f678b,L1,Tweet
6c973996-9363-41cf-bc79-ae6f346d7f8f,L1,Tweet
baff7547-bc49-4930-aee7-955be0134477,L1,Tweet
73bd58b7-5275-4404-8e98-6104c3f06ded,L1,Tweet
69fc118b-a0a5-4f15-a2e7-75ea44cd956b,L1,Tweet
118c445c-7b55-4f39-aaa7-41deeb261466,L1,Tweet
b83f27f3-a02d-431f-9de7-38e76da4f50f,L1,Tweet
6d9464b8-3110-4086-b0ce-fdf2579d89eb,L1,Tweet
3ae0301c-b8a6-48d8-8ad3-45c79c2b476a,L1,Tweet
0dea50d7-0bbb-4d8e-a50d-7d18206a21cb,L1,Tweet
9ce5d700-2aeb-45c3-8b77-aceb57896001,L1,Tweet
178531b2-c8e3-4f1e-881b-2230e046954a,L1,Tweet
edbad915-d8e0-47ac-9a7c-d41e921450a7,L1,Tweet
f51bcfb5-c166-41e7-9047-b91540e27ece,L1,Tweet
fc1e3910-6aec-43b2-8f02-b1acce91f07a,L1,Tweet
a61d2934-298e-451d-ba22-6895ca74e537,L1,Tweet
b72e8189-1b80-471e-8ae8-bcc04985d52d,L1,Tweet
7c1bd962-f14b-4c15-88f5-71dd2672ad85,L1,Tweet
480b4f09-4084-456d-924d-84e38b6862d5,L1,Tweet
6b52d3ff-bc90-44ff-aaae-084d3742663f,L1,Tweet
b7425dc3-638d-4717-bbe5-092670f7556c,L1,Tweet
c356542b-b408-4a7d-a16a-12a9b5c4ba3b,L1,Tweet
7c34a6ca-67e0-49d4-ad89-aecd0b2ebf9e,L1,Tweet
35b0dc8c-284f-47d9-887c-4f40335bcf8b,L1,Tweet
7f868112-059e-4981-a1b5-3856969dc239,L1,Tweet
e08fe331-b3c9-431b-946d-c71a5436f552,L1,Tweet
3e578f57-1d51-47c7-b364-9eca366ed01a,L1,Tweet
2b708530-11e9-4e95-9ccd-e1603bf099ad,L1,Tweet
6d9314f4-ed8f-44b4-89e5-5f073999e8ae,L1,Tweet
0a42de56-ea52-4199-942d-18304aaa01a0,L1,Tweet
7b523743-c513-49fd-b9ae-bca901f73e65,L1,Tweet
df5fb387-b148-4f64-9ac9-c17b0b581317,L1,Tweet
36dcbbac-7c8f-44ad-98cc-2d960992e8fb,L1,Tweet
82e6f63b-e12b-488f-9135-043eda51c9d8,L1,Tweet
b3fc2fc5-121e-4365-955e-2693192a731f,L1,Tweet
0b436b74-c82d-442e-9561-16e7d823ed05,L1,Tweet
cb486d2b-4690-449e-b918-1128c623e957,L1,Tweet
c20eda9e-2e0f-4018-8a45-5caac7da8d90,L1,Tweet
fbbe923b-0bc3-466e-8082-984959095ae4,L1,Tweet
7f0f5028-c57a-4781-9ba4-cc124e89d273,L1,Tweet
e6fc77a0-15e8-461d-bb68-089cda5add79,L1,Tweet
35113ec3-2e7f-4cce-8620-dba4eb472820,L1,Tweet
af4b6e62-447b-4326-9e0a-6eba3702f542,L1,Tweet
0e20c956-ae24-4ff4-954a-0cb521280efc,L1,Tweet
b02d6bed-1993-43e0-b952-0ac052976f74,L1,Tweet
80edfcd4-72dd-4441-9c03-217e4494ec7a,L1,Tweet
25349061-b61b-45b8-9fb6-49cb0cb4e0d9,L1,Tweet
a435a73e-d4ad-461d-bc92-9c9fd40f5d96,L1,Tweet
8d52ebd3-a4e7-4396-bc05-3c0ffd3671d3,L1,Tweet
44e2b77c-fbe3-4ada-87f2-5908537eb7ca,L1,Tweet
cbcf4649-4431-44e5-9141-9a169bd46752,L1,Tweet
24f04707-d1a3-440e-9cfb-53c3d50d6e35,L1,Tweet
c5ae21f5-fdf8-4031-ab81-96f504ff0d01,L1,Tweet
02ff6392-2745-4d62-8c66-2d09d14b23ad,L1,Tweet
5176f2e9-f2f3-4c6c-8b45-51bede6a2b4e,L1,Tweet
b2ed29d7-dece-4d2e-a702-cbfb9e3da526,L1,Tweet
a4914d65-3a8f-4b30-a0a4-9d340ce9351b,L1,Tweet
e12d1ae3-8e01-41cb-bb6a-59c7316e0037,L1,Tweet
3e75511d-e9ec-4108-bcc6-6c1473db867a,L1,Tweet
847c1d54-2747-4cfe-a848-22de701626cd,L1,Tweet
b941694f-c301-4bca-bd1e-ae817d9c3072,L1,Tweet
36f92b8e-4359-4980-85c9-0dc1b6e042e6,L1,Tweet
4cd1c0f6-8bdd-4190-b847-4ccc2dac0261,L1,Tweet
fae0c0ae-5ff0-4643-8527-1a041ce3dca3,L1,Tweet
bec168d0-3932-41d5-abb5-bb386db10024,L1,Tweet
afe4f864-e9e3-47f7-9988-9676414e4f1f,L1,Tweet
ede0f0a6-2e74-4782-946d-08cec79752b7,L1,Tweet
89e08480-13f4-410a-82d7-539902608696,L1,Tweet
efb3b50c-c6fb-4229-bfa5-9e21e31dfd83,L1,Tweet
bc1ff99a-7a88-47c8-9ae3-7734e25c509f,L1,Tweet
0e8f707a-f355-4fcb-88e8-7113088890bb,L1,Tweet
cde6a875-832a-4d98-b022-050f56d7a223,L1,Tweet
1b78e379-4600-41d8-85b2-8b598a3e8052,L1,Tweet
3cbb5532-60c1-4906-b7a1-83c3130d46da,L1,Tweet
d3119aed-4844-4ce5-9178-7ce903ed27c0,L1,Tweet
446f1113-805d-4d2b-88d3-3c80054c25b7,L1,Tweet
5ee88dd8-67c2-407c-bfd0-9cc792f70b2a,L1,Tweet
e4871c2c-0e64-4b3c-bc13-7d43b77c350e,L1,Tweet
d1a45dae-1e71-4530-9443-4a1d470ce577,L1,Tweet
2356942c-8d17-45a7-8106-8e72a043e1ee,L1,Tweet
1a5b2b87-1f3a-417d-923d-b39db7bc033f,L1,Tweet
40b82182-b9ea-4bf4-ba51-2966d1c2af7e,L1,Tweet
ed167621-be7c-4061-9844-f30e472c8bee,L1,Tweet
6b9010b0-fffb-49f3-b30b-c84c7d8fbf82,L1,Tweet
e25ea973-ce02-4584-87cc-2a26c80be2df,L1,Tweet
41414747-0b59-491a-ad25-9b211d68465c,L1,Tweet
f909340f-979b-442f-823b-a41c6924ed88,L1,Tweet
4d37a42c-0022-4ad4-94b0-730671b4b88d,L1,Tweet
a79e7cb9-d2c8-4068-acf8-8e2da3820bd8,L1,Tweet
e21bd6aa-4008-434d-980b-edad90a9f4a7,L1,Tweet
e94a6cdc-c7a9-416d-b656-6ffa027603a6,L1,Tweet
f04d3153-db0f-4e8b-8d76-2b9ace9b9ab7,L1,Tweet
5766879c-a9e2-4401-9872-b920094fef32,L1,Tweet
96b7c45e-e076-4fba-b666-efcb557f915b,L1,Tweet
5328be0b-97d2-45ba-822d-3f22a41d616e,L1,Tweet
a533229b-b036-4cec-a123-5eb4656aa7cb,L1,Tweet
0fd6dadb-491d-425d-9255-70568f657c6a,L1,Tweet
02d14009-89a4-4510-9fda-9ddc0a2b66d4,L1,Tweet
291a9743-9208-4605-92f6-4e59bb38df26,L1,Tweet
17091bea-777c-4719-b591-f1d92523568c,L1,Tweet
908e5f73-8437-4d4e-9487-d33c95f6a4c9,L1,Tweet
034d58ec-ea20-40f7-ba96-06c66aaa07ab,L1,Tweet
6a2f8a0f-0b59-402b-9861-c1e5ad628df4,L1,Tweet
49f6aa3a-c016-4e57-a4a5-70ec12569c9e,L1,Tweet
782a11a9-c124-495b-a242-69eaee504475,L1,Tweet
00e71372-483a-40af-ba59-78eb26fd09f9,L1,Tweet
ed33980d-1691-4535-8a1a-8ca1c41c6594,L1,Tweet
a4af55b0-8a98-4fb4-a709-1d1a62d491af,L1,Tweet
3baa4cf4-1f43-4111-bd3e-0743bbbb86e1,L1,Tweet
08728a19-c41e-4ab0-bb7d-631de118b9fd,L1,Tweet
45cffe9c-3234-4a14-a99b-5945a7563ed7,L1,Tweet
72a50bc3-9db0-44e8-b6ef-ba10c7dce82c,L1,Tweet
14d97492-2e77-48c3-a94f-17774149c96d,L1,Tweet
77a897b5-fcaf-41cb-b8eb-e17f59d8011e,L1,Tweet
d87dd6d2-7056-4711-942d-fc20fab656d9,L1,Tweet
a7180402-84bc-43fd-a2d3-00589b11ef86,L1,Tweet
258b98c5-be58-4631-a3e1-66f79c20de0a,L1,Tweet
83bb30e1-f10e-4b63-9d75-90f14ec5b465,L1,Tweet
01199547-2df5-47be-965c-1b9d8b51d1b8,L1,Tweet
f6ab9d5e-a9fb-4e2a-8205-e28343a89e1c,L1,Tweet
0738902c-63d3-4fc9-bff0-4c16467e915e,L1,Tweet
d69cdfc9-c30c-41a8-b240-fd16fa80823e,L1,Tweet
d147aa3e-cb0f-41d6-8449-7d50c59580d9,L1,Tweet
527fe0b6-1034-427e-ac21-1aa070b77bb7,L1,Tweet
948be8c3-003d-412c-972f-6fe4dc588638,L1,Tweet
7f7af8d7-5fab-4c38-bfc0-9f27cce42ddf,L1,Tweet
7382e67f-b1db-480a-992a-78d4dd19cf5a,L1,Tweet
899a6c26-6569-4538-82d6-4aa2228ce5e6,L1,Tweet
7505e1de-8b21-4b00-bf5b-7c7b4bdab7ad,L1,Tweet
3324b127-2647-4f62-8221-45850f3f14b1,L1,Tweet
9030538b-ca7d-4db4-9446-6b9583bf220c,L1,Tweet
06da6537-6d51-4c7d-b68d-3e077131abe6,L1,Tweet
b203a6f2-3de9-40ea-b54e-279c8c32085e,L1,Tweet
1c26ed31-809a-48ba-99f1-917276024a07,L1,Tweet
02893733-536f-4a77-b31c-e3644f343c2b,L1,Tweet
817f8817-e20a-4f3e-8e28-4950736a95df,L1,Tweet
e32d046f-f0af-45ab-8419-87b01b826260,L1,Tweet
7c4b6b97-42e3-464a-977a-290d23da5d88,L1,Tweet
c49998d6-8f77-4b94-8949-69e43709332a,L1,Tweet
21c569b6-3b12-4e91-9707-07201fb51b6c,L1,Tweet
affb1343-cc66-4282-bc31-b0681389fbc3,L1,Tweet
b94a1363-f092-412e-95c1-91d49f868661,L1,Tweet
7bb24f69-da7e-44bd-93c3-dab3c93269fb,L1,Tweet
1dfd2991-a29f-4d5c-8ace-87d9d551a51d,L1,Tweet
40bda510-d9bc-4e89-8036-7963c1861bae,L1,Tweet
3186ffff-d160-449d-88c3-2fffab706b14,L1,Tweet
ac6d01f7-6099-4579-a9fa-e4b96dc6e414,L1,Tweet
bae8ceb8-37da-4537-8203-4d27df18e627,L1,Tweet
2deaea9a-077c-4c3b-bd10-d696fbbcae30,L1,Tweet
f7fe0580-db73-4817-862c-05465949cf21,L1,Tweet
b96a7ca5-5de7-43ec-a2cc-174de544f08a,L1,Tweet
ebf97b1f-e467-4cee-b974-2f6e21f2a87c,L1,Tweet
7fe942ad-3901-4003-93f5-889fb21b0ff5,L1,Tweet
8ac5a5d8-00ce-41d9-93a3-2ff8d94d8144,L1,Tweet
a8a1fb30-cfba-4bcd-b088-40ec5e57b19c,L1,Tweet
e0380577-7210-4a73-b585-5c89f3e7bc60,L1,Tweet
43f2cdd7-1fc2-476a-ba00-4e7b57a0d4d6,L1,Tweet
32c974af-a890-405c-9e2b-6efe49c88d4f,L1,Tweet
9c6eeb93-6a9f-4bab-bc7a-ab198a9832bf,L1,Tweet
5350fcf6-327f-464e-9238-6cd01943ddba,L1,Tweet
a3adc6ce-9aee-4aab-900e-c2e57358bac1,L1,Tweet
abf509e2-d7a3-4db5-8298-890538b32270,L1,Tweet
138e5c7c-e434-4152-9677-a8a0a42105b0,L1,Tweet
50f6a698-4410-4def-83b6-a1c7c4fba0be,L1,Tweet
4e6a57c6-4d87-4dd0-9e61-f1c1b3a7a1bb,L1,Tweet
52b63b93-caa9-4305-8f79-e6d493ebf812,L1,Tweet
7d88249a-2589-4bb9-9fe7-fe41f714326d,L1,Tweet
b4ff6cbd-8618-44bb-8940-bfb66008ea50,L1,Tweet
ff9aad41-2a81-4fc3-85c6-8052e83a1204,L1,Tweet
85796438-15a8-4c3a-a1da-84777a6fae70,L1,Tweet
21f109c3-a35c-43a1-a6b9-2e6a80037354,L1,Tweet
f13c4218-d729-4b7f-b31d-e2e93ff03437,L1,Tweet
d8a17866-5291-4cbe-891d-654a1c29aa49,L1,Tweet
08993553-af2b-4cf0-adb7-55786f5128ed,L1,Tweet
e3488f89-d7f3-40b7-8866-bde697ab8a82,L1,Tweet
a46db2d8-b925-4785-bdfb-e832205cd422,L1,Tweet
c589645e-f8c4-429a-8862-15c4a20c7b77,L1,Tweet
0b0e328e-23b4-4c89-a64f-d6434b302c30,L1,Tweet
a25a8ef5-0324-428a-b076-1bc3412cfc04,L1,Tweet
fb4c358f-57c6-4530-b1c2-cab4eecbe6be,L1,Tweet
6faa1a02-638b-4719-a16f-8921527dd79c,L1,Tweet
6d7627d9-a1b3-47b9-bd6d-2437d0d3529c,L1,Tweet
6cda2b81-ea98-4bdb-bcf8-9e100f0e3193,L1,Tweet
0ebb0e26-aedb-4c5f-b5ec-30a26edd2d91,L1,Tweet
ceb91f65-083a-4d04-9cde-43c91bf8283a,L1,Tweet
80851894-7319-4cc0-97a3-646bb11d2a80,L1,Tweet
9ab55892-bb0c-41f3-b1ec-2904e1da00e4,L1,Tweet
be30bf98-27ec-47ec-b755-71e701425114,L1,Tweet
4caaa8ab-e057-4565-98ac-b196f0cf656e,L1,Tweet
df22c36e-b31f-4d66-8154-250000f22546,L1,Tweet
01896dbd-ddec-4a14-9db0-93d876514012,L1,Tweet
a21da6d4-4337-457a-979e-4c8e1203e4bb,L1,Tweet
a907c5f1-e6bb-4710-86c0-5ad27450580a,L1,Tweet
76f43846-0ebe-4b27-abbe-a3ca9dafb760,L1,Tweet
80f9ed1c-8eba-4352-904b-4a6a25d3760a,L1,Tweet
2c400588-37d0-49f6-9e42-ce83ca8bc102,L1,Tweet
9a3520fe-2fff-4dab-bad8-2d7ceecc233f,L1,Tweet
fd3074e8-6915-4c4d-9557-ad0946512e1c,L1,Tweet
6895bab3-7648-4135-971a-624350bd0703,L1,Tweet
11828a77-668a-43d0-bb3e-55bfb323f247,L1,Tweet
c567b0e5-8c93-42d1-95a5-83fefa487a14,L1,Tweet
0746cdf8-3512-40e8-a225-58318bb8898f,L1,Tweet
62d08389-44a7-4f24-8d8f-76baf1be979c,L1,Tweet
91055779-0819-491e-be2c-40854f6bc7ca,L1,Tweet
c502a0b0-d678-41a6-9d76-819fec13037f,L1,Tweet
50e9be8d-b4b7-4d47-b6f1-11285867a698,L1,Tweet
e49f8d38-01fa-4c1c-b671-f84a4f40afd1,L1,Tweet
5f3e6e12-326f-44c6-a2b6-927dadeceaa5,L1,Tweet
1b9f080c-a9ee-459b-87ce-f6c713cd6410,L1,Tweet
aef499e8-86a7-4618-a2fa-3a08df966008,L1,Tweet
7be04e84-5c5f-4776-b7a8-24053aab5524,L1,Tweet
fabf0ecc-8ef6-4184-8e37-b5142f970497,L1,Tweet
7bfe63bd-ee9c-4244-a8b7-4e02ba0ffeb7,L1,Tweet
5b892464-ea17-4113-85e1-6da77cee8847,L1,Tweet
a1bb9587-16d9-475a-a673-43af9bb45604,L1,Tweet
b162abde-4cc3-48c4-82d2-49fa5a574ab1,L1,Tweet
c89f3761-ffcf-4537-bb8e-650af142e71a,L1,Tweet
e49a2c94-606f-4bab-890b-21e316dfb379,L1,Tweet
a460ff71-62b0-4bf0-85b8-08ca0131b164,L1,Tweet
de1182a5-c088-4939-a270-d4c8b5d4470f,L1,Tweet
853db25b-980f-4786-b785-dd014c0ad4bd,L1,Tweet
a8637d72-ab76-424c-b68f-595fd6557e87,L1,Tweet
e30bc49e-bc8f-47a3-9971-1e1662a553c2,L1,Tweet
0e2b1860-2cd1-45c8-9009-77db843ae2d0,L1,Tweet
8e425288-f006-4215-a575-644e6b9e0046,L1,Tweet
92d8240d-9ca9-4488-b58a-5c0618486cb0,L1,Tweet
25aea90a-6bf8-47c4-9f91-12310d99d2ed,L1,Tweet
2c456b39-9bdd-4aa7-991b-2ba12184bbd3,L1,Tweet
e84a855c-53df-4f6f-9b0a-bc7d39f81569,L1,Tweet
e31a8e6e-f710-4b55-ab43-a881dc7fb643,L1,Tweet
71c619e9-4166-47f9-9f1a-7dd027615141,L1,Tweet
729e35fb-ce2a-4b82-a356-9fdf3593b4f8,L1,Tweet
001615e5-2693-43ce-bacf-a8a28f4672ba,L1,Tweet
4fcfe873-7bd8-4058-b628-5d17ee140e57,L1,Tweet
8e8d467b-7d71-4b7f-91ca-dcdf804eb513,L1,Tweet
8ac95024-cbfc-47f8-9fd9-6498de50d14c,L1,Tweet
bdc1db07-532b-4e73-8c17-21f31bde9d69,L1,Tweet
f744bbb2-281f-4d63-ad1b-edb93e3625da,L1,Tweet
18e86cb8-7570-4498-90f9-a8e679d96c6d,L1,Tweet
0d7ce649-2989-4ba0-ad5b-18e7af96b430,L1,Tweet
9eb45294-1f7c-45ba-ba99-4603eee8633c,L1,Tweet
422ed5b3-f2e1-4d09-9d23-58a0bfcfa8dd,L1,Tweet
fdcf6191-7f84-435e-b8a1-67fdddc27606,L1,Tweet
f3e45dbd-1bb7-4821-86ef-202d11524ff5,L1,Tweet
f6d35c67-1d64-41ef-b11f-a4de77060187,L1,Tweet
017976a5-af0e-4849-a847-d96f96bf4ef7,L1,Tweet
bd130645-eeaa-422a-a894-d976e3be7fc1,L1,Tweet
5c7c9030-b91a-4e41-a97a-6478cd9f9f26,L1,Tweet
0532f342-40d8-4deb-abae-b159bc8ea1ee,L1,Tweet
ced5fb1e-0eec-4f9d-95b5-3339224b142c,L1,Tweet
71f7a5c7-87a8-4bf3-b285-aeff7c90b195,L1,Tweet
cdd3616e-11b4-447f-87fe-f92fab7e6d25,L1,Tweet
3737e65c-1daa-4f1e-9332-8d6c98869855,L1,Tweet
7183288a-3945-4ede-b0bf-c6a8c4ec9a47,L1,Tweet
6644056a-21f1-4afd-bdbb-d5228c0eb952,L1,Tweet
50f2b060-51bd-4b64-987b-cb6d0d19b621,L1,Tweet
b6c0a76c-3e62-4621-84eb-c25a2f9d6022,L1,Tweet
d1b8c4cc-1314-41fb-a500-abcf254e814a,L1,Tweet
b9fc48dd-2a6b-47d9-8b86-bf1f2bd55266,L1,Tweet
e23fafe1-dddc-4913-973d-50213acfc896,L1,Tweet
b0fbd796-90b5-4602-9ddf-af971a76e12a,L1,Tweet
6e2fcff1-13d8-4fa5-a50e-e58e55611426,L1,Tweet
680e1cad-a8f5-4ae5-815d-3f2f3ab33a3f,L1,Tweet
372d56ca-f018-4514-8d55-f45d19f2e8dc,L1,Tweet
cad963c8-fe93-43e8-b6d3-230667fe7219,L1,Tweet
27346f58-b5ce-4d1f-8b1f-0d0d5381288b,L1,Tweet
4b5ebb4b-c972-468a-ad05-f7d696a1dd2e,L1,Tweet
b5038b7b-9b96-4d80-bf57-9a6bde392564,L1,Tweet
b893ed8d-e346-4ff5-a5f4-64ebd34591bd,L1,Tweet
3193b7d6-bdea-48f2-8015-932eaae349f9,L1,Tweet
0afb8c7c-b634-42f1-8408-f3e4e7cbfa12,L1,Tweet
afacc5c5-60d4-4b48-90ce-eaecd81c3733,L1,Tweet
4a368bce-b16e-450b-adca-16c0c3e36938,L1,Tweet
ba7161b6-3312-4e33-a5a7-8d967a8b9fe3,L1,Tweet
81a9eeaf-a798-44f7-b2d1-2b2f1dbc69d0,L1,Tweet
ee610681-e13a-4f52-b271-0b7ee0cb96e3,L1,Tweet
01fcb892-ebe0-48e7-a718-bd588b1b4a82,L1,Tweet
f8f6ba01-cb49-4bc9-a579-3fa3653e3335,L1,Tweet
59ab9177-47dd-4551-8c88-70e44475671f,L1,Tweet
499dfe00-22be-412c-ac56-cf09e3fc084e,L1,Tweet
9ee08bf5-09d4-40d6-807c-fa7a78cf0aed,L1,Tweet
0f31c42b-daee-4342-8438-757d90d9f7b3,L1,Tweet
38ba47fa-3004-421f-a100-72915cc800c6,L1,Tweet
5f4965da-3270-4f8f-9e61-4b7eb34b153e,L1,Tweet
46361764-44c3-43e5-ab99-c58628d3f29b,L1,Tweet
c4bab27f-e67a-43de-8b3d-57011ffcf2b4,L1,Tweet
0e248fed-b810-49a0-bf5d-b501aa6244d2,L1,Tweet
fa2c51ee-dc81-4d63-add6-ff6606c0a681,L1,Tweet
c42af9a7-4d6b-4f34-9992-de73e2101804,L1,Tweet
134d28de-6c0e-4a53-845d-c54090debf48,L1,Tweet
b0917530-1d84-4043-b188-1a92c3fe0fa0,L1,Tweet
1d0776b0-7533-4a18-b1f3-46c6d531411d,L1,Tweet
5b53ec50-b79d-4441-bd59-d8dd2a5eefc7,L1,Tweet
9eb5e760-aa1c-4ed4-b336-bb753b1d9b21,L1,Tweet
4c612ed2-8cab-48f2-9b34-1d0520eb4a4a,L1,Tweet
66be71f6-dd9f-4310-a65b-a3a722d1f957,L1,Tweet
dd6c51e8-8f8a-460a-bc4d-cc855bfb6168,L1,Tweet
f26590c9-536a-4b3e-a19c-624b696bb7c6,L1,Tweet
ffdbfd65-6ad2-4dbd-9688-980f9ecd23ca,L1,Tweet
8c3d0636-568d-4bf9-a75b-5e943374320c,L1,Tweet
6114be74-bee4-4ef5-b558-dc18b0691a38,L1,Tweet
6bbcc6bc-aa82-40e3-ad5b-4016ab370ac6,L1,Tweet
5f9dba21-6e8a-49c1-91ee-9de1865e43db,L1,Tweet
c4df4e62-602b-48e4-b1bf-79311960caaa,L1,Tweet
63cee2d6-fc62-4647-a7fd-caab475cdfb0,L1,Tweet
7177ba12-38ca-49d7-a978-f029f129c331,L1,Tweet
a7ecfaca-aa83-4f0a-9863-a0f3c0259998,L1,Tweet
c5e68a44-2c76-4d35-8556-3f578518283c,L1,Tweet
a47dfa14-2456-4c05-a85a-c5785ba7b1c3,L1,Tweet
cdc8f1c2-662d-4a97-af3f-a4886b36bd2d,L1,Tweet
c66d5fe7-b825-4a3f-90dc-9b8283ec3fef,L1,Tweet
f99c84b4-4ca8-40ac-b2fc-d5646fd10c7d,L1,Tweet
8277a4ff-875d-478f-9da1-3a9edcc7d584,L1,Tweet
95add5eb-ef8d-4727-8124-35b076e5d8c1,L1,Tweet
bbd6471d-a8de-48b1-a467-64b4a4a34c66,L1,Tweet
d1625dd7-b317-4d8e-a3a9-e4612672257b,L1,Tweet
1eec1021-119e-40d7-ac38-8ea621da0b62,L1,Tweet
1587ace2-25e2-4efd-9bea-cba66cf39a38,L1,Tweet
2ab77e48-166b-46fd-aedf-57618e2eda35,L1,Tweet
9136fc0d-5748-4410-997c-99b35d82f194,L1,Tweet
1fd20227-9b19-4c68-b06c-5f1c4c412ef1,L1,Tweet
d1c2ff1e-cbcc-479e-8301-de7e9c4ed519,L1,Tweet
f84f8bf2-d674-436f-8777-6eeb0df2768a,L1,Tweet
8c2b2bd6-3d2d-4b66-85fa-d0aa656b36ee,L1,Tweet
9d41ea9e-f347-445a-9452-fe5e328bef4f,L1,Tweet
e20302cf-cb27-4334-aff2-bfcf4d487872,L1,Tweet
b6b52760-7ec5-469a-bacf-3f130ee45d4d,L1,Tweet
65e0c691-85a4-46b1-b0bb-2c8c602b5cae,L1,Tweet
575799ea-6816-435c-bce8-3b671b107761,L1,Tweet
e9e4bd7a-7111-428f-a70f-460ea5bd7da7,L1,Tweet
e01ff4aa-9e25-4fef-a858-3f3dcb9b92ac,L1,Tweet
e825319e-1b5e-4757-8acf-51d5e7f6d76c,L1,Tweet
a2b2ccdd-b4e0-495a-88fd-9d42fe83c76b,L1,Tweet
3483a142-e55a-45d2-ab61-96e8bfb363c9,L1,Tweet
27e6062c-00d1-4a52-af00-5ffd62a8bfd2,L1,Tweet
d629405a-cace-4649-b908-1ee1273cdfee,L1,Tweet
c0f9c96d-e1d7-40c2-94c0-b0fec69f0c30,L1,Tweet
d1b1e562-7790-480c-b996-c52eaef951e3,L1,Tweet
ed39a5c6-1dd1-4420-8248-15ddbef6f144,L1,Tweet
6901d20c-c1b7-4c49-bac8-952a95f3b020,L1,Tweet
23d50e82-b3ed-430f-89a5-3e247542fa05,L1,Tweet
41263e8f-f270-4ece-ab4a-afc96db59c0b,L1,Tweet
775f4249-c4fd-47b3-88dc-5d9b05d5d4d7,L1,Tweet
96df1008-c69a-4da1-a3e0-2b32051ca567,L1,Tweet
6d2372d8-43d0-401d-8878-e921dba49199,L1,Tweet
56b82133-0e7f-45bf-b870-329f6a77e48d,L1,Tweet
bcd57f7a-6b41-4ba3-b7e7-8cadc8923556,L1,Tweet
2f15b005-2bf9-4b9f-82f5-d6393c17359c,L1,Tweet
c9a6b4b9-a029-44b8-a465-fac2a77f6cae,L1,Tweet
2132ac58-0818-4683-84c9-29a862c9de83,L1,Tweet
9ef1021a-eecf-4de0-b55b-07e8189da37b,L1,Tweet
3e43ea67-4248-4cad-b500-aa658a7ead2c,L1,Tweet
b3914b78-56c4-455a-966b-a22aea75e7aa,L1,Tweet
05d90664-89d4-43f1-8713-889180acf321,L1,Tweet
f5e8d76e-2fdd-468b-b057-b6551127de15,L1,Tweet
5168cffc-0588-408e-a3d9-98c250b90e26,L1,Tweet
fe4f3603-faff-4261-903c-0b4708477f63,L1,Tweet
6a91a9b6-7e66-4f17-9efd-4a98706219e5,L1,Tweet
d15d0aac-05e3-4681-95d3-75f75ca0de7b,L1,Tweet
5dcd7944-0566-46ee-97a7-1f1a9b55db32,L1,Tweet
ab63ed4e-6263-4af5-93a9-01eb3a003ae8,L1,Tweet
46e97781-c069-45b4-9359-aada6ea8650d,L1,Tweet
bb436724-e945-4508-8561-4431566aea55,L1,Tweet
8e3dff7a-4f85-40cd-b217-4ebb7f038c37,L1,Tweet
c415e23a-38a2-49d6-8b67-fd9becb1c402,L1,Tweet
6f8e921a-86da-460d-9553-1d555cff6260,L1,Tweet
1792c00a-1226-41e9-b618-ea3055b60397,L1,Tweet
71b91458-a8b8-44c2-ac60-b8f60b79ecba,L1,Tweet
4a1161a1-b6fd-4461-83de-55d0dad9efd7,L1,Tweet
91ae7225-5edf-4748-beba-c8c1490a588e,L1,Tweet
0ca99541-2d3d-45ba-bd58-7b43534c6520,L1,Tweet
85c05bd6-c87a-41e9-897e-435c0f16038c,L1,Tweet
3beb1d77-5f2b-4c2e-a7d9-b88485233176,L1,Tweet
d81fb1dd-00da-4a63-a66c-bdc73deb3faa,L1,Tweet
11ef5eed-ea99-478d-8fc4-84456d765695,L1,Tweet
c2b39f66-8cef-43e8-841b-f3cbe913f395,L1,Tweet
ae908ec2-534b-4581-b5ac-d57539b8e6d1,L1,Tweet
a86aa9a5-f912-4025-8c73-ad660dfc91b7,L1,Tweet
be75c900-b17c-4479-ab76-fb42400b6f11,L1,Tweet
ef2b8d1f-d5a7-459a-a369-3b1d3be96600,L1,Tweet
b2e7bffe-da9b-4a73-a717-616362483f4b,L1,Tweet
503f3d2a-4366-4943-9985-3a6a5603c8e5,L1,Tweet
a13d4066-df25-4c3e-bc28-788b06e730f7,L1,Tweet
4a618982-4b88-4267-b95e-0c622aacffc9,L1,Tweet
2c782317-22ca-40cf-ace2-90d9e3740c93,L1,Tweet
4dc378de-2da6-487c-94df-25e6deeecf24,L1,Tweet
aa7b899e-e1b8-4ee3-aeb3-ead8db761bd9,L1,Tweet
34f7a5e6-7047-4f60-8eab-f85070411812,L1,Tweet
35c9b12b-ef45-4cf9-af8d-5078596b2b4e,L1,Tweet
9cc2d862-7e07-453a-b39b-e4e65534e92d,L1,Tweet
397b404e-4e0b-41db-aac9-06e4de330443,L1,Tweet
367b8834-0a0b-445c-8c85-017dcfbdf043,L1,Tweet
6afc6d8f-47f3-499a-ace5-a2a0a3cd4649,L1,Tweet
9e7c550c-3cf6-4391-bb47-d0a466137685,L1,Tweet
cfdf1fd1-365e-44de-9366-e51beca8ec12,L1,Tweet
bc07a580-80d4-42d5-a9c8-0489a5937c60,L1,Tweet
31219863-7f73-4cad-aa8a-10dc6bff2dc4,L1,Tweet
13f0619b-3673-468b-a2e3-31976e155edc,L1,Tweet
e389f8c4-2819-487d-b5b4-978704b24f19,L1,Tweet
2f82f1c1-df4d-4c58-9f78-e30f78d6b076,L1,Tweet
8b2aa6da-af03-4f36-835d-2cd6e46f1971,L1,Tweet
227941a6-e600-4fc5-9129-d87fba25951e,L1,Tweet
55d01709-6446-4f73-a0b9-00d6539017a8,L1,Tweet
c7c22a51-56ab-4580-9677-516f67f86731,L1,Tweet
98dc0d6e-9dcd-4be9-8d62-8664c46433f8,L1,Tweet
caa7ce1a-cd7c-4c9e-9fbc-1b19379c2e44,L1,Tweet
dee1149c-7540-4ad2-a2ff-7d2eeba23c9f,L1,Tweet
e6b74f5e-53ea-4723-97ae-2dfd3266da18,L1,Tweet
7e968c95-474b-4d50-b650-82e38307a8cb,L1,Tweet
8c06ff69-c505-468e-872d-50cf10cc5edf,L1,Tweet
defd8ff5-f104-4ef2-8940-b60ee5479bab,L1,Tweet
15b4df1b-82e7-4463-89cd-44c989be705c,L1,Tweet
6dd86162-7832-4048-a5b2-ec5dd582111f,L1,Tweet
8730105e-2d35-4fed-867a-dcf967c713f4,L1,Tweet
ba998846-cf4f-4737-be93-78bfc4afd996,L1,Tweet
483b14ee-5ff9-41bc-8e8c-13633e808591,L1,Tweet
c3cdacb7-e7f9-4f6c-a8ef-1c2354c617f5,L1,Tweet
09d8e1d6-4dec-44af-8974-904717c9ee0f,L1,Tweet
0d96f8ac-1822-4d24-802d-6073c4542a67,L1,Tweet
579c3bfd-5749-4fff-8c34-cfe8f2181380,L1,Tweet
7438ea65-5334-47b4-bb78-3bbcb278d5d5,L1,Tweet
5cba2cf6-efd4-47d8-bac2-fe0af38554bb,L1,Tweet
5928caad-19b4-40e6-91c8-3f9b1e468c54,L1,Tweet
5faac4e4-d877-4a49-9f73-2202fc18413d,L1,Tweet
088a482a-f437-49d8-9747-c65d2c57c4e0,L1,Tweet
845da244-a486-4fdb-a320-24864a5614a9,L1,Tweet
7b7d9a26-55a8-4e4b-bf34-415c2211212d,L1,Tweet
cf325d47-a090-4635-af8b-adffa246e1c9,L1,Tweet
2190b062-204d-4453-a5bd-11d026f47105,L1,Tweet
83f83bc6-ae1e-4d08-83f1-1cf5cd5c2b48,L1,Tweet
d8ad17f6-a921-4d9c-b542-07249e3d2694,L1,Tweet
fac8ce6e-1418-44a2-b90e-ae9f5a196e5c,L1,Tweet
0c145e55-a544-49f9-b761-dda2a53643e3,L1,Tweet
e70f4d99-6268-459e-a5ab-8ac00d74668c,L1,Tweet
a3ea4fe8-2ab3-40b7-89f5-358f35ff0dd7,L1,Tweet
48b93a02-0612-4641-a28f-9c266d2be1a0,L1,Tweet
6dde6aa6-5bd0-445c-80f5-bf3a038270cd,L1,Tweet
014c5edc-52df-4aa4-b119-f489a8d23ea7,L1,Tweet
d31582e5-67b8-408b-8473-d0cdef768f40,L1,Tweet
4c0c2749-08b1-4d02-bf19-8b3f87e2abaa,L1,Tweet
e18026e2-532a-4771-836a-9bf94fb3d80f,L1,Tweet
93c42ab4-0c42-404b-b08f-a7f1ead69151,L1,Tweet
7c0b9701-7635-4d48-ad53-1784087ea977,L1,Tweet
c9e0ad9f-69ac-4d69-88bf-8003dc94285e,L1,Tweet
059b45fb-2ae8-4aae-a732-129ba6f63e68,L1,Tweet
6fae1500-010f-414c-b6f5-91ab8385095d,L1,Tweet
dcf782b8-ea1e-47f3-bd1d-b1709196540b,L1,Tweet
7ce7ff91-ad25-4bea-b9d9-3ceef04eb46c,L1,Tweet
bd6fda5e-c798-4ec4-89f2-a08472471d8e,L1,Tweet
1930f016-f562-49e3-97b7-95458b7b44c6,L1,Tweet
d1ed8a86-3bb0-494e-9fc6-b29820ff4943,L1,Tweet
78c974e6-ec1d-4997-856e-0f2cf26dc713,L1,Tweet
d792dc81-cefb-4acb-b4b6-93d2ecea3d5b,L1,Tweet
a1a848fa-d1a3-4897-a51e-b1644d59cf0a,L1,Tweet
57573cee-9669-465b-ad70-39d6234e60fa,L1,Tweet
9622e358-5d38-4655-84a3-64f21d56e120,L1,Tweet
e21bb27b-cd23-4efd-b4dd-5647f4bf1bcb,L1,Tweet
89f3089a-a275-4091-aae3-3ddfb1fe8f44,L1,Tweet
311b1f9d-7ccb-419f-bf97-232da1a986eb,L1,Tweet
e55f6180-a019-4296-9659-1cfbd2dfff08,L1,Tweet
0ff342cc-fc03-4cef-80f5-27fff661ac78,L1,Tweet
cd842fe0-0662-4abd-a036-a8002121bde4,L1,Tweet
a8f4d177-a79b-49d7-ae26-75bf3fb3451e,L1,Tweet
964fa828-cf31-45d0-be6c-eb61e997e561,L1,Tweet
a789d3ac-09c6-4021-885e-7462c32e92dc,L1,Tweet
31374a31-b8cc-45f4-a56b-e36583636462,L1,Tweet
8e48acbb-9f8d-4602-8792-3702364be3de,L1,Tweet
449d6c25-82aa-4a5c-be75-26484d3e4124,L1,Tweet
40cde013-c796-4b77-8efd-43372466b852,L1,Tweet
af4521cb-a470-4d50-8ec4-f9ab3886a970,L1,Tweet
23399c0b-7b6b-4a8c-af06-d0da250c3fb3,L1,Tweet
5be51aa0-cd1a-4a4f-8fb2-2973f2ba4195,L1,Tweet
4a2de552-570f-45c7-9d22-6c6787c865e2,L1,Tweet
df4823a6-f7dd-40ed-8709-6a56a41c0c91,L1,Tweet
8a9d383a-ad75-4163-8037-7688f21088fc,L1,Tweet
9c733c80-7c7c-4cff-95d6-b12229842c1d,L1,Tweet
24443fca-0bee-4055-bfa0-90f136a3918f,L1,Tweet
92219f2d-21e8-4542-8d2c-ae684f006a0f,L1,Tweet
dbe6b6db-9f71-436b-b2ad-a753c73178b5,L1,Tweet
57e9301d-b79d-4947-a151-221ee40849f7,L1,Tweet
b012105b-b7e0-44f2-8abe-85e0d4316c8b,L1,Tweet
18e26dd2-823d-44c7-9ab8-291ddee0ee0c,L1,Tweet
5d19f167-9f95-4227-be60-ab01deb302fd,L1,Tweet
a60115ad-9954-4cb5-acf2-4a4831ddae7c,L1,Tweet
bb39e09c-09e7-43c4-92de-6cbb16c3f603,L1,Tweet
1640e579-7076-4d4a-aa84-7a4eb3ce29fc,L1,Tweet
7d25eec1-8f8a-4184-80a5-a2a134a80816,L1,Tweet
357ffc47-284a-42b2-a68d-8e89aabb7eba,L1,Tweet
77cf9809-f0a5-4747-9899-70abc3f95a04,L1,Tweet
1d4a8f3e-1a60-4f92-924c-94d0ddd817c4,L1,Tweet
9aded253-8e56-4d5f-b2f2-1de9952ea93b,L1,Tweet
692b3541-7003-4d2e-afcc-efef8557aad3,L1,Tweet
4433625b-1e61-478e-9b00-b19e916ad7de,L1,Tweet
12165e53-3dc3-4e92-ac8f-f301fa821fcf,L1,Tweet
f8669b15-5a21-439e-93ce-cd01b2cc7736,L1,Tweet
049747a0-4c2f-405e-a742-b91aa1a81174,L1,Tweet
232bbcc5-044a-4d8b-a627-ca1765502808,L1,Tweet
dabf825a-f9dc-455a-b54f-e010c5d16963,L1,Tweet
330cf6f3-7662-4e9e-bc3d-3b6161e51f73,L1,Tweet
50326a50-c274-4821-9736-4a2abe045359,L1,Tweet
33908109-f9da-439d-acce-8b5b79e1f781,L1,Tweet
df808e85-f0a3-4146-9657-9f85b4250a11,L1,Tweet
6900beaf-64bd-4a59-83cc-a0cbe8674199,L1,Tweet
6669d179-678a-44db-b53a-6debabf76d8c,L1,Tweet
2a0af272-fe87-486e-85aa-66bf3407d105,L1,Tweet
83923e98-d447-4a65-a064-b5bcb3bc413a,L1,Tweet
5b5cd664-5cbd-4812-801e-bbca796d53e0,L1,Tweet
eebcf61e-0add-42a8-830d-ed11d501ff10,L1,Tweet
086a8fb2-e502-43f6-93ad-4e6b74ddf4e4,L1,Tweet
c5991bff-4de8-4013-82b3-93f6c60e93d8,L1,Tweet
d6d44d39-2602-4100-8950-9d82d7048c6d,L1,Tweet
a0aa72ac-90d7-4220-9e19-a7595e69037a,L1,Tweet
be2568be-6ab1-426d-8d1a-a41cc25a010e,L1,Tweet
3ae9e13e-175f-4437-810b-117cf43d72df,L1,Tweet
f4f5ac78-575c-4b0c-93d8-39f97575bc0d,L1,Tweet
e3f79b1d-c37a-4c0e-8977-e044acfbb404,L1,Tweet
2735c7fb-4b87-4a61-bee6-41283825419c,L1,Tweet
b36193c4-dac3-47a1-a9e2-0026751d577e,L1,Tweet
e04bf931-8c4a-4081-9e01-738416051076,L1,Tweet
b881e047-9a42-4933-a641-c498d8df4afb,L1,Tweet
3486da4a-8ad9-4bed-b0f1-6480910eb54e,L1,Tweet
20b1839e-3c6f-4a6f-9c21-0377fbf44144,L1,Tweet
099413d1-a9f2-416b-b503-1edbd7918972,L1,Tweet
157e4d19-b8fc-4462-b824-1da2643f71b7,L1,Tweet
b5251f95-16ae-42b5-a4a6-75f17eabfefa,L1,Tweet
218675fc-c97a-4702-a9f7-75e4ab895cb8,L1,Tweet
2e1991e0-187b-428b-8d4d-82b501a6006f,L1,Tweet
ca5725cd-12df-46a6-84da-0b167d4adf73,L1,Tweet
be20350f-3687-4b97-ad95-d2aae1b8b7ee,L1,Tweet
4b481309-6783-4fe0-9102-9093b58495c3,L1,Tweet
72b6a4d9-39d8-4bc3-b5b9-2b13800636ac,L1,Tweet
b9f9386c-8246-470a-b3b9-6c76b62bdc65,L1,Tweet
aad0c4a2-3e93-4f1d-94b8-b53814ef1bd2,L1,Tweet
83c4701d-4164-4f34-9c84-e98162e59b27,L1,Tweet
d05bb9c5-ba53-4790-9ffe-6d5672795834,L1,Tweet
eb539a3e-6179-4153-867f-be5602490a20,L1,Tweet
4eda260e-10e4-4941-a151-69dbcdc5cada,L1,Tweet
3c926ace-fa83-4afd-89c2-076aa50abd02,L1,Tweet
5948b83c-f146-4074-b641-46a10ddd1144,L1,Tweet
fc89d2bb-b8ef-4828-a025-57d29380d380,L1,Tweet
94d82023-ba8e-4aa2-a063-d3b975dd3fcb,L1,Tweet
7bb492e6-2de1-4234-b1a2-c2ecbedb8348,L1,Tweet
b23b0c9d-7e19-404a-8447-5406f046928c,L1,Tweet
60f550e1-78f3-446b-87ba-8d4a935b71a1,L1,Tweet
4e0d1da8-2c4c-472b-a4e1-e035a0865ba7,L1,Tweet
68371d2e-16d4-4c95-b34b-94e7e565b050,L1,Tweet
26705ccb-84c3-4fcc-85e3-1c85c99296ac,L1,Tweet
482fdcff-b009-42b6-a4b4-630a75747f53,L1,Tweet
2765da7c-e634-4c69-a9a7-92c7b3d8b1c5,L1,Tweet
d50a62a0-6abf-49ce-bcff-47c8072d4675,L1,Tweet
d3711c47-6e73-4239-914b-c380610b831f,L1,Tweet
a767e0f3-f8e3-4a1b-a144-bc2d1a00441a,L1,Tweet
8ef5f428-1e38-4a78-8eab-f8db1957413b,L1,Tweet
c18dfd20-cdcf-4c69-a4c2-7b568cea31a8,L1,Tweet
24392048-f298-4dc3-b53a-fba163312706,L1,Tweet
4576ec66-3016-42fd-bec7-5d69998f7d31,L1,Tweet
a6c766f1-9dcd-4fba-b28b-fcbe84351736,L1,Tweet
0b7f3154-00a9-4a72-9cf3-7ce3e336419f,L1,Tweet
24ed9581-dcb4-4c0b-92cd-5f858af4b4da,L1,Tweet
38b1e924-33b1-4684-80af-744f230ee112,L1,Tweet
23c0f716-6977-4f1e-b3ca-39b50ab59c47,L1,Tweet
c4d121f4-7be9-4f76-a278-5d9ef67c9961,L1,Tweet
0f2f9e4f-6e45-4d45-b222-df31c8f92b18,L1,Tweet
0b5132ac-9428-4a1c-aa33-e8586ad4c467,L1,Tweet
83d33799-505e-4d1d-9721-26763011ac42,L1,Tweet
5e94bafc-0102-4ab7-b8bb-dc6ac641bf7a,L1,Tweet
f1cd039e-1f56-4a3b-a821-4b6830c04339,L1,Tweet
808e9215-ead1-488a-b09d-c2cff2a4d0dc,L1,Tweet
ada844a3-c833-46da-bc58-fea0a35c5e50,L1,Tweet
5ba4c29b-a725-4d87-921d-f59bf4b5a8fc,L1,Tweet
91932807-7b91-4dfb-9f18-1816ee2ba557,L1,Tweet
6237bffe-2609-4658-8fd7-aca6bd4d6283,L1,Tweet
96cb6aae-7712-4cab-b2d6-f34dd287afe2,L1,Tweet
4424db87-5728-4634-8f6f-dc1b5ddfe3b1,L1,Tweet
696e1885-6f7d-49d8-b3e5-49d5bc2d4688,L1,Tweet
6c2518dc-39b6-493e-abc5-0c26c197cb58,L1,Tweet
2d796306-53d1-4bbb-a257-1e1431973783,L1,Tweet
ef4a57d0-2d73-4e93-a40b-d0cede46a097,L1,Tweet
cee1e726-7b39-471d-9262-ea975dc55c53,L1,Tweet
4a16de44-dc1d-4901-a4be-041cbe1a4d55,L1,Tweet
0831f5ac-1119-47bf-9d51-81716ab4d778,L1,Tweet
6218f317-f5cd-4eee-845a-2cedbde01dea,L1,Tweet
9d2f3102-f667-4213-83c9-5e14e0a884b5,L1,Tweet
0bb1aa81-5ec7-4561-a214-1c5a9fab6a73,L1,Tweet
bdc06a2b-8865-4200-82a0-f405b7928550,L1,Tweet
def05bd3-cf86-4ff6-8908-0ff6a44e15a4,L1,Tweet
02980391-96ff-435d-a67c-ac2049a1faa4,L1,Tweet
1aafdd6e-52cd-4f73-b471-80ecd7b619ee,L1,Tweet
510e3af9-1b9a-4d8f-8df3-a3bf96eaa903,L1,Tweet
999f32b0-c5f9-4ba1-bdc1-25af983db861,L1,Tweet
0cbad6a6-c33d-4f6f-aeb9-0f05e3919a1b,L1,Tweet
c60b1602-5f7a-435b-8c22-97a98e907a91,L1,Tweet
ecc13d80-3eb5-4327-bc30-47fbb1f47c27,L1,Tweet
d5588913-12e1-4c73-9f66-cd1ab4bfb1cf,L1,Tweet
017e44e2-cd9f-4be0-b6d5-37c7cc4e369d,L1,Tweet
84c80548-87be-483b-a4a6-c179849f53a6,L1,Tweet
0d3cb6fa-77b2-462e-8f26-72da6b936431,L1,Tweet
3a09883c-0629-47b2-8337-93bb374fd807,L1,Tweet
8fd64707-fe32-41d4-9fbc-e5b8516586e6,L1,Tweet
41c75eb0-534e-47ce-b368-24527addd72c,L1,Tweet
dcf5dc31-3a82-48c7-8662-751fdea3cf41,L1,Tweet
1c71fa5a-3b58-4559-832c-877f5c776ae2,L1,Tweet
584a5568-d9c9-45db-9f4b-25c81ed766c4,L1,Tweet
bcfc6bb8-7d0b-4ca8-bec2-df102542b049,L1,Tweet
ca0cf38a-1fa9-47ca-ae87-eb8f078c5738,L1,Tweet
f5b81682-3773-439b-8486-fc583f5378a8,L1,Tweet
e173d015-0fd8-4067-9708-c7a6bd731251,L1,Tweet
60cd79b7-6deb-4bea-882e-10bc660b3667,L1,Tweet
4d280928-7388-47bf-95da-0434299ed7c4,L1,Tweet
054138ae-f32e-43ab-90d9-05330b2af87c,L1,Tweet
fe4a3e02-246c-4f2b-901b-86c72f2f9c42,L1,Tweet
306857cf-ea51-4a4e-a97b-2972955e435e,L1,Tweet
362d9cd8-f869-438f-974d-662ec3657965,L1,Tweet
369d8a51-70d5-4f68-a830-bc562cb59aa0,L1,Tweet
117da909-9eb0-4398-80ed-84af1fad792e,L1,Tweet
ca2ec629-fb12-43b6-a6ca-68a8ac397811,L1,Tweet
bea7619c-2169-4bca-a7a4-c873ea2a3778,L1,Tweet
2a0d0d80-6ab7-4780-bb3c-4fbdb6a5d9ed,L1,Tweet
14194650-5c14-42e1-8a50-b95c25957eed,L1,Tweet
7dc4fa19-84af-4e6c-9c5b-0e8f87c72289,L1,Tweet
ebb4c92c-d940-4cda-a969-114c5ea4aeff,L1,Tweet
a72c7c00-1d29-4457-8399-9e1627aff32d,L1,Tweet
ad57c9da-de17-41ae-a7f0-0dac27010875,L1,Tweet
75d42f47-9097-41e6-90aa-030a257d86c6,L1,Tweet
b2c7fe42-f4b6-4e2e-a1e6-f3441e972478,L1,Tweet
6e8b02d4-de8d-4ba1-bf99-3a20228db8f2,L1,Tweet
868be18d-c381-4824-b4f0-d294dc10d4da,L1,Tweet
9517c6fa-9f28-4278-9d6f-8f2ea9c9823b,L1,Tweet
0fae35fb-91ef-49b8-8f68-34b4dd58c861,L1,Tweet
40ef04d3-bbd6-414b-a2e1-ede728818bbf,L1,Tweet
f5b8b730-5347-4eac-b88d-b50835d0a09c,L1,Tweet
b409cb7e-581f-492e-ba63-c5067e284ca0,L1,Tweet
d719aeeb-5461-4423-9269-70a4032df4f6,L1,Tweet
2fddc0a0-0854-473b-b4fa-ddb2244b5c64,L1,Tweet
247f6d66-6080-4c9f-8d3c-1b9de066314a,L1,Tweet
d9e161d8-bea9-4f0d-aa50-ab2fe9629dad,L1,Tweet
c867a5a4-9951-4650-9427-a1f2b8b5639e,L1,Tweet
c4ec0bb8-ce9e-4af8-837d-247c096dbe60,L1,Tweet
4af2b8b9-6219-433d-bec7-7d38c1a6fc56,L1,Tweet
8ed2d69b-abb0-4214-9189-d0d1a6980598,L1,Tweet
cae2d91d-65a7-47e2-8cf8-f59c9c7c571f,L1,Tweet
52083216-d48a-4205-b71b-3bc83ea78627,L1,Tweet
6d08ea3d-e292-4eaf-80c3-68761c1fa0d3,L1,Tweet
211c41a1-6963-4856-a578-37f9971d53ae,L1,Tweet
903c5213-4430-4853-bac2-33b21e3153ab,L1,Tweet
b103910c-79e7-42e8-8c83-7d58832f7f05,L1,Tweet
0c272caa-c3e4-4d34-a8d8-778d033e2cd0,L1,Tweet
cd728d8d-a55d-4bd5-b8b7-2bdf40603798,L1,Tweet
83a040ca-889e-47f7-a9d1-c93de3a5d69d,L1,Tweet
c989a1f6-48b7-4835-95cb-5734dba0549c,L1,Tweet
79e443e1-4abc-44f4-b39e-2a2b2a9c6ebb,L1,Tweet
c26d5fc7-859e-4509-8041-2b152ea46e0b,L1,Tweet
11e07aca-6f5c-4212-b855-d61249e305f5,L1,Tweet
4d8ee8c7-3c0c-4af6-9c6f-254aa5c13ecc,L1,Tweet
8866341e-6a56-45f5-851b-b45dcd7366cb,L1,Tweet
8bd1c56c-75ef-4652-af15-744fa055e3e4,L1,Tweet
3477482b-ea3d-4a1e-b180-91350311c59f,L1,Tweet
d7d0babc-971f-4208-a73a-d877139b8629,L1,Tweet
d60ad687-6387-455f-a9b8-bf5dc1c8eb74,L1,Tweet
5674b2a5-36ac-43b7-a6b1-50ff9c1d78da,L1,Tweet
54cc26d2-7668-409f-a588-d52583d8119e,L1,Tweet
400b6549-6ad7-4c89-8272-db2a3491325c,L1,Tweet
57bdd8ff-a6bb-4e14-bed8-317e3c0e25fe,L1,Tweet
05ef3ff6-f264-4107-bc6b-134352970e81,L1,Tweet
79c1877c-8673-4c37-b75b-39ef539ab4e7,L1,Tweet
d1d009fd-4c84-44f2-aee6-6619afd16f00,L1,Tweet
6cff46cd-ac06-4c52-8c21-3eb474e4341f,L1,Tweet
ecd8b6ef-3378-4f87-82ed-0709533c1a5f,L1,Tweet
8c583cde-20b7-4df9-9672-cb8eab5f26e7,L1,Tweet
2a3758ba-d1e3-47cc-8897-fc45f5d85869,L1,Tweet
2f743c3d-df37-41a9-961a-8a78a12e0982,L1,Tweet
09f8e4bd-08a9-47cc-80f3-1580f4a75875,L1,Tweet
8c24a5e4-6816-47e0-8567-7d49543957b7,L1,Tweet
9547b36a-30d1-4e78-8111-3fcd00dd22f6,L1,Tweet
8603954c-5485-48f1-b837-091bfdf14f33,L1,Tweet
b3fbcde5-5b94-4d3e-a227-5a689ec9acc2,L1,Tweet
5bf61085-3ee6-4aae-9092-1d279f4e4160,L1,Tweet
b09d1136-f357-4085-adb5-78161db41296,L1,Tweet
f3b52d9c-492d-4982-a213-63785bf74aa0,L1,Tweet
80752561-c64c-4727-9e86-b3ca7a925d94,L1,Tweet
be90d0f5-e192-4caf-8c5e-a42eae65b145,L1,Tweet
d16da695-fe9c-4a26-99e3-bd3e6cfbc591,L1,Tweet
06b672a4-ad2e-4e79-8be9-fb73cb46232d,L1,Tweet
4a78e0fb-b8b7-4f7c-9ebe-c49b801c1b06,L1,Tweet
d4327748-2a90-4ccb-a710-9734b6b73072,L1,Tweet
f7dfc046-83be-4568-8168-41480e8b6b87,L1,Tweet
82c06e20-b787-4ce9-9297-6696d50caf9f,L1,Tweet
4e927483-48d2-465d-88b7-cd2306dde40e,L1,Tweet
8a21fc69-5d38-4c79-b28e-d89c613eb31d,L1,Tweet
5f157f11-82cd-4e54-a565-359b4cd1a456,L1,Tweet
28f1401d-9b6f-4118-acef-755392700e47,L1,Tweet
e4862678-5fb4-42ea-a63a-966ff8daff8a,L1,Tweet
2ede794f-5ef6-40fb-ba02-4444f7e98f33,L1,Tweet
15988396-b514-4d9e-870e-4edb33eb2a25,L1,Tweet
3c3d9b08-72ee-4710-8d87-01103fd25e98,L1,Tweet
c21ccb14-d249-4eab-82f7-213085df21a2,L1,Tweet
3fec5ce5-abd7-4bdf-b9d4-41217d0e3823,L1,Tweet
96ee1918-2161-4fea-a707-2bf4d19217b6,L1,Tweet
29999444-99ea-4c79-ab5d-dea8e7ef3361,L1,Tweet
3a6a0cf7-775d-4099-839f-28522d089261,L1,Tweet
b30e5313-6e94-42f8-9de1-70e6c3217f4d,L1,Tweet
29f3aed7-0737-49ae-80ab-246d825bc9c6,L1,Tweet
c1db78f0-aae2-462f-aab6-b444dccce599,L1,Tweet
bc8ef760-4387-4393-ae15-7d649de37a7a,L1,Tweet
447450a7-ed89-441d-a9a5-b9548ebaf64b,L1,Tweet
5d012463-d994-4150-beed-0e9f3c160cb4,L1,Tweet
38c4356a-e4e1-4ee2-8857-1ed678fca030,L1,Tweet
2b491693-4179-40cf-aec7-db6f120490cb,L1,Tweet
120ce9aa-e543-49ae-9d35-f4f99da049db,L1,Tweet
49e96a62-ce21-4998-b17d-007c8e65ca7c,L1,Tweet
603a2fb7-950c-4725-af46-246716745e0f,L1,Tweet
aa10e772-ee31-470f-8d5e-16146f5bdeac,L1,Tweet
1e034281-91ef-4013-b5a5-c94a9cb496b0,L1,Tweet
adfc2e4a-d376-4e57-a0e9-0e84ef0d2472,L1,Tweet
5102a082-072f-46ee-8258-9c9575cedfd3,L1,Tweet
2b930f71-95dc-4ba3-8a80-e7384531ba35,L1,Tweet
94f91590-09ec-43be-b3ca-c79c2441f949,L1,Tweet
0b683cc3-229c-4ef1-88fe-c6d190489fdd,L1,Tweet
5895d6ef-87ee-4fc6-946d-9725ae419932,L1,Tweet
fc5ad0a1-1617-40bf-a284-4d0a7e931142,L1,Tweet
f6d9e72e-12d0-4a60-abfd-a9776463443b,L1,Tweet
95fbed72-7af6-4c0d-b328-15817f2d36f3,L1,Tweet
0f193f52-b8c3-4840-acc0-e5cb99b2557d,L1,Tweet
169fa1d2-0683-4314-b145-78858e41fedb,L1,Tweet
0b9b3f6e-9c14-462f-b75c-62b3b116e608,L1,Tweet
85a78610-3228-4064-846a-535160ed9446,L1,Tweet
fad5c93a-2fbd-4c7c-b583-ded5c6a13372,L1,Tweet
9705cf4d-7cf0-4fdb-b127-e62852849899,L1,Tweet
2ecd2578-18a7-4b1a-8bd5-0bb8aeff3ebd,L1,Tweet
4977c37f-582a-4d97-8516-57e04a5daad0,L1,Tweet
87e75cb0-0aac-4a6d-afcf-1105e556c411,L1,Tweet
d61eba34-d544-4df5-a7ae-47729738a7d0,L1,Tweet
335fc7b9-e24a-44a6-8158-7bce2728f272,L1,Tweet
6e8fa554-463c-4459-97c3-112da1fd74d1,L1,Tweet
c30d745a-5cde-4dc5-93ea-e9ff8466a95d,L1,Tweet
4d7e7194-e227-49df-a33b-40b0f28f48b8,L1,Tweet
15522ba2-f4d8-4ad9-82f7-d554f96cc0f8,L1,Tweet
f0d028c6-0e28-4104-99a3-c0a1f89c0f69,L1,Tweet
eb94a1b6-e017-4a07-a233-8f354dcbc754,L1,Tweet
f799f226-5de1-48f0-83af-7837b83d500e,L1,Tweet
51d485e5-e53a-4e87-b2a7-bee1e229237f,L1,Tweet
7c2e48e5-46ce-4111-909e-0f4a7a4c0f2a,L1,Tweet
0efa285f-57aa-4f99-bd42-577ddba11b04,L1,Tweet
b0826006-dbdc-4738-afeb-2f3a1ef75de6,L1,Tweet
4b65592f-6836-4181-a963-cae5a1dc0bb9,L1,Tweet
1ea88734-2d43-4105-9717-e8063e0d8fa9,L1,Tweet
bff79864-c7cf-4ff9-8cd0-7a4a689b97e7,L1,Tweet
50d94a53-1bf0-4a08-975a-70c87e274792,L1,Tweet
5031a17d-c2c1-4f72-9570-b2fd64289c45,L1,Tweet
e4056ca0-3036-4ad5-be06-70cc5046c107,L1,Tweet
8df94a6e-e970-4ffa-93d3-31b3a60d17f5,L1,Tweet
e48eb300-7fb3-4ee0-b233-cbd5b135a0af,L1,Tweet
06038f6a-93e5-4a78-b32e-7ce1eb79c429,L1,Tweet
d28b65ed-2b83-4797-b217-f36ab34adb02,L1,Tweet
dbaa5a5d-6a8f-417c-bf21-b1a929cc8bda,L1,Tweet
8ad52ad1-e49e-4391-86aa-168440787b4a,L1,Tweet
2120940e-7d3c-476a-b186-a9166f9f5ca0,L1,Tweet
340269e4-3190-42c6-8657-d4e19a7d01bd,L1,Tweet
e7b5b30a-5b92-4d33-9415-b31f332aae29,L1,Tweet
f2e5f0e4-b028-4f57-919d-b11cb1dd9d08,L1,Tweet
224cbe32-faa2-4704-a639-a81ac1955fd4,L1,Tweet
6ae8e279-fe22-451b-a68c-29084eeb6f0a,L1,Tweet
b91097cf-2335-4b38-af2d-6b648e5c3e13,L1,Tweet
aad0984d-dc09-44b4-af6c-52d6aba7f238,L1,Tweet
94a91c1c-aa12-4e41-999a-57e94b47a5d9,L1,Tweet
cb23ec16-3943-421a-a85a-1e55e5880702,L1,Tweet
e191af9d-5b31-4c5c-8820-5f3f7130b4ef,L1,Tweet
83e26727-2d7b-40e7-8d36-6916762910b0,L1,Tweet
55d42c42-6b03-4bc1-99ad-30ebab51b9ee,L1,Tweet
ad0db643-9f49-4d2e-b3ee-106cfec32e74,L1,Tweet
5c98d4fa-e046-4aa8-9564-90483ff742ba,L1,Tweet
6f98733c-cf40-40ac-81d5-d9fd198e9296,L1,Tweet
74b5dd4e-8947-4f3d-832f-15179bf61e0b,L1,Tweet
0a8384cd-ba52-4bd8-aa45-5896e1b93952,L1,Tweet
0facb146-456a-4db9-ac17-1d6f6cbc2a4b,L1,Tweet
deb6b457-6663-4184-801c-037d1d760bc2,L1,Tweet
88cc8568-5b46-4c48-a397-804d45df35bf,L1,Tweet
f4dee0ea-b786-4a5e-a33f-6ee565d2c4f7,L1,Tweet
6239bd2e-882b-493a-9795-75679779ce3e,L1,Tweet
eb79e516-264c-4bcb-b822-00bb2f2039a0,L1,Tweet
38d21933-c9c8-4507-8589-8182938d6ff1,L1,Tweet
8e7f476a-02cf-45c6-84f8-a65035bae9e7,L1,Tweet
f1bf6e9e-e84f-48f3-a29a-46f5e38b5068,L1,Tweet
a65fd9ad-75e3-48fd-aa60-c5000971d02c,L1,Tweet
13b70956-725f-4e93-9c79-acfec03623a1,L1,Tweet
4a895019-abb6-4da5-bf24-cc1902b92b07,L1,Tweet
c73b6027-07a6-41b9-94ae-eb30b8098a4a,L1,Tweet
4ccf788c-b7d5-40f7-968b-4cf852a11079,L1,Tweet
1b86f3a5-ce06-46b0-a2f3-60b438c9e2bc,L1,Tweet
ec897a24-f27f-4827-9d3f-89c9d97456dc,L1,Tweet
0d91e4e5-6a0f-47b5-8fed-847cd47d5aab,L1,Tweet
6a0499f7-5452-4016-9427-a01287f5178e,L1,Tweet
a1f7def8-a465-40fc-a2c6-cdfefa071051,L1,Tweet
3b49914f-5fe0-4ef9-b1e3-77d05d49a085,L1,Tweet
d5cfa812-a2af-4fbc-ab21-717717619a49,L1,Tweet
ee90e694-4790-418a-a067-4cf97c018bd9,L1,Tweet
bcfedc7a-76d7-4a0b-9ed7-b677a3c247de,L1,Tweet
8b5bb259-9d01-445d-9f33-2f86a75c755f,L1,Tweet
ef6b892c-c2a0-45d3-9620-a52fa916e99b,L1,Tweet
77446a2e-df5d-4f5b-b0cf-96e0fc529d7d,L1,Tweet
283bbee6-cb9f-4795-86c9-e872e12cdbc3,L1,Tweet
419262f0-40a9-4b61-9806-ccf76026bd5e,L1,Tweet
108940fa-108c-4dd3-8ec6-b25b3f4129dd,L1,Tweet
8e02af29-01a4-49ee-8b0f-e3b477e748e8,L1,Tweet
7d8e96f1-03bc-4d40-8f2e-8b03b006ae5c,L1,Tweet
95be64e4-16b0-4a27-8ed0-b942745bc720,L1,Tweet
e8a76c47-24f1-498f-9aac-c7ee25b1cbcc,L1,Tweet
28bd0d92-71c9-4cb0-a5c7-e8f8e01ab2f3,L1,Tweet
cf7f815f-349e-4d4d-8476-131e507eade5,L1,Tweet
18597dbb-adbd-404e-8f7f-50cebdd5160b,L1,Tweet
d4e536a1-89c7-41f4-ac8b-d71499ae08ae,L1,Tweet
ed87cc31-7fc6-4394-9171-b251affb7bab,L1,Tweet
f9a5c824-c9c9-4270-be0b-dae1a5b504cc,L1,Tweet
95b311a2-5f9c-44e7-81af-1d1b23837132,L1,Tweet
e9e71a56-18ea-46ec-8b15-44aeea2e60f6,L1,Tweet
98b365b5-30fa-466b-9b06-def3dd6e651a,L1,Tweet
9fdb0cea-44d9-4384-a2c3-3d193c867c54,L1,Tweet
fab01548-fd9f-4a12-91be-39ac169747d3,L1,Tweet
2ec67736-0afc-47a8-9f4a-c3f8f9225b5e,L1,Tweet
35147b0f-6135-41d1-8bcd-6286ac598a1d,L1,Tweet
843a35c4-21ea-4aca-acff-bfba7f60c246,L1,Tweet
0e5c34ed-df35-4617-a69c-e7d6a393e802,L1,Tweet
e9358725-1c43-47a4-9847-f238a3165b69,L1,Tweet
387c18e2-0387-4719-ad78-e7ee7bbfdfef,L1,Tweet
c384791f-45bc-4cde-8c9d-60168d0231a7,L1,Tweet
0c82f1a8-eea4-4bee-ac31-b64749443958,L1,Tweet
fbc2644c-7628-4300-998e-6c5657b0008e,L1,Tweet
38889560-9811-4aa5-ae20-deff1cabc396,L1,Tweet
3b11bfc2-e9fc-40f1-9902-64555b3b9136,L1,Tweet
7c325ded-4f50-47b9-9c37-151b72f9dae9,L1,Tweet
7c21362a-8acb-4556-8ac1-ab267e796e02,L1,Tweet
7984af6c-f41a-439d-a802-6557e85ffbce,L1,Tweet
ea223975-70dc-46f9-b325-2963f60f60d1,L1,Tweet
fcc49217-fea2-41f0-938a-f3da18ef8917,L1,Tweet
4955b261-c89e-4ebd-a79c-aafbd2c6a2e5,L1,Tweet
a6ffdf27-12e6-4176-b4a0-99b23c8d8d09,L1,Tweet
217be726-9ccc-473e-84fa-a5ebd7e05ef0,L1,Tweet
fac48681-6edf-45de-8a00-ed06100d69b9,L1,Tweet
48c91e2c-618d-4349-8565-842907c6fe92,L1,Tweet
0bad8f5c-f785-49f7-941c-9e1fccf64932,L1,Tweet
5823d2bd-6e07-44a7-9838-173c3dacf3a6,L1,Tweet
7ba8aaa7-fe9c-4193-8e09-84c268b58c3f,L1,Tweet
7c48c93e-b255-405a-b74d-8e4411e1960a,L1,Tweet
9ea9b676-ed68-47ab-8b6d-4f3f217c5b7a,L1,Tweet
cb765ea8-f2b0-4de7-b084-ce3fc076a98e,L1,Tweet
6508f820-9ea5-476d-8b4b-4878d9f4dd82,L1,Tweet
f055f7ad-c36b-4f43-a6f8-f02f59499eb6,L1,Tweet
94798d2f-7370-4d48-9da4-70aaa2caaeae,L1,Tweet
83727bd4-3d07-4a46-8f9f-7096fee946c4,L1,Tweet
39b61008-e752-4ac1-9783-e69167634304,L1,Tweet
77727fa4-198a-43e9-b36e-6cf1a05779b7,L1,Tweet
8ac221dc-a43e-42d3-a22b-e46629918265,L1,Tweet
7168f7fa-006e-42c9-8abd-ee33eb4f82bf,L1,Tweet
d7906ee4-c1e3-46c1-8a2b-a570a19fe2e8,L1,Tweet
8b94206f-4b1d-4378-bbed-97bd613ffd56,L1,Tweet
be0b62bd-5bb0-47d4-87ee-d0e075945a6e,L1,Tweet
d96ce898-bc04-4fb9-9737-01fe8bb19b40,L1,Tweet
455268ff-b4e9-49b8-816a-40a1d0654b77,L1,Tweet
d5b64712-e525-4c1d-bfc6-9294dc7d382b,L1,Tweet
ae910bf8-60c1-42ab-8a2a-09a5ad5683cc,L1,Tweet
d7a92323-b328-4dfb-a760-42401e58a941,L1,Tweet
0afa088c-225f-4f3c-bd9b-2279ade19f6d,L1,Tweet
46dee8d8-cd37-43b5-b7d3-e6647c827b9b,L1,Tweet
a3977aee-19e8-4eef-8d1b-c981ec0aa1b6,L1,Tweet
565c6bb4-9530-431d-9c49-92c9aa92805a,L1,Tweet
102bedc2-c6bd-44a4-bede-bb42579d7434,L1,Tweet
e32b4d70-d727-4cb1-9652-219cf2efb39a,L1,Tweet
f88e85e1-3873-4402-8a04-9163192ff910,L1,Tweet
5afffb5d-84f0-42a9-87c2-d48b32760400,L1,Tweet
9d370e6c-2b17-4b13-b586-ee134174c0a7,L1,Tweet
fd1c712c-413f-49ab-b2a7-f0cb0dc3cbd7,L1,Tweet
72b7dd1a-0775-476d-a035-8c48d77ddded,L1,Tweet
f28f0344-8213-4fcd-9526-30b237d89ad1,L1,Tweet
851bdaaa-b411-41f1-8571-9c4dfc0989d3,L1,Tweet
85441c32-8be3-4a88-aff1-782aeebf451c,L1,Tweet
d1bdb3b4-890a-48ad-9eef-6c4e9b0353e2,L1,Tweet
563f9917-7121-48f8-8828-017dd29d51aa,L1,Tweet
15fa98ea-42a2-4124-8c9b-b8291f1f1060,L1,Tweet
af1040c1-32b6-409b-babe-5d55821f1482,L1,Tweet
2c6cac8c-ff41-4cf0-be61-29cbccb431fb,L1,Tweet
a7418faa-c0ae-453e-bb28-8f510e64ef6f,L1,Tweet
9c6089fe-601f-435f-a987-9c4be9e47e72,L1,Tweet
65d5ee2c-a290-4a5b-879f-02d8c696c6a4,L1,Tweet
e9e0ea86-288b-4652-9870-aa12896d66cc,L1,Tweet
22fc3009-64f1-44d5-af77-6352e63172ea,L1,Tweet
cb4423ea-32a3-4cbb-ad2f-42695dc03392,L1,Tweet
41225a82-f94b-484b-b41b-22df24d1d737,L1,Tweet
cbcf8d79-1b71-4f54-982a-84d4765a9ece,L1,Tweet
2b733a94-8ee4-415f-9f47-1dd3b9468e9e,L1,Tweet
cd1591da-7ef3-4710-92e4-6af2cfc0e0f0,L1,Tweet
6de84c6c-8f56-4ea0-ae9d-0e8412692489,L1,Tweet
a2f21466-c2a3-4bbb-8838-f35d4a92bba7,L1,Tweet
a0389219-b34e-4281-a58f-b86838aa8579,L1,Tweet
83b733f3-fece-4180-bcc4-2b9365e60d8f,L1,Tweet
f6411329-58f2-4624-a2a7-751814b3e855,L1,Tweet
2ae87566-c3ce-449e-9715-a4178d5974bb,L1,Tweet
045d4996-cf7d-46a8-a8a9-58b5f5eb6474,L1,Tweet
30245d31-249e-433c-b517-ebfc98b2ffcc,L1,Tweet
eaeeadd3-afd0-4d80-a0fb-bf78a1f42d82,L1,Tweet
4b5303d1-392f-4610-961c-ebe480bbe92c,L1,Tweet
49f129bf-db41-43f1-a8a5-7bed2594fa27,L1,Tweet
2c228e57-5487-46e2-ac50-df0cf39062ac,L1,Tweet
6d832cf3-3a94-4d2d-8ecc-c91468c5b047,L1,Tweet
b2e57325-56fa-4544-ac1d-589f03d66f82,L1,Tweet
eb2e8d5c-2e5b-4238-9f7e-c1df192687d5,L1,Tweet
637d99fc-571b-4c13-93d8-9c0f84e53922,L1,Tweet
7071ba64-330c-4dc2-8d46-701e781daba8,L1,Tweet
082719de-16eb-497d-b5a6-0658ca46cdea,L1,Tweet
e53ad9a7-3f1d-47a2-a551-5e79d66b5c91,L1,Tweet
2b5f4ea2-ff6d-4b4c-aa32-1922fae4bf73,L1,Tweet
eaaa3400-b557-4926-bb46-b2d93cf25077,L1,Tweet
f866fd9d-c9e1-42a2-b7da-8ab292a90495,L1,Tweet
158a480d-cb9e-4320-a047-9f71a11c00e4,L1,Tweet
67af0533-40d3-4b15-9d18-aaff2ee9c128,L1,Tweet
e601c885-49e3-46d8-ac47-5fbcb99fe2f2,L1,Tweet
75547a4e-b434-4024-92b9-c19f3e3498af,L1,Tweet
f218c63a-50e3-4915-844d-f77c56cf510b,L1,Tweet
0d6122c5-1e6e-4133-939a-c6b0fb399056,L1,Tweet
e20e1405-e94c-4288-9fdb-64678b01857e,L1,Tweet
9ebda96c-4af0-48d4-9e01-c012b9d8d330,L1,Tweet
0bad119b-0154-4726-9904-f0c9d8dfe0c6,L1,Tweet
1608d0c6-926f-47ef-9569-8e4bed3e5a7d,L1,Tweet
0b8d9630-1566-4005-be40-3f51987a19d0,L1,Tweet
33ced5f3-db05-4171-b434-28af6da10e6c,L1,Tweet
55dca708-d07e-4cf8-9e5a-07e950dcb22d,L1,Tweet
7100ca9e-5bd1-41fe-afc4-4a554ac889f6,L1,Tweet
71b08610-963e-4268-b8a7-0c9e0a3b06a5,L1,Tweet
78389e37-4807-4031-ab46-369bd44f9861,L1,Tweet
c63dc3af-9fc3-40ee-b226-dd2d4a4e1266,L1,Tweet
b417e956-2b04-4845-b4a0-c2287f1d57b4,L1,Tweet
592535cc-9fea-4c23-aefe-e087db8a38dc,L1,Tweet
c6dbb246-b07c-40f8-a583-8d134a33921c,L1,Tweet
8cb390f4-ac23-4dda-8e73-c2002d412b1b,L1,Tweet
3c86f6f8-306f-4fa0-8ac2-d01a28179d01,L1,Tweet
cfb8127d-1b1f-455b-ab6c-cc9ebc46ef06,L1,Tweet
b27b430b-93b0-4a24-8674-c4363cf248c8,L1,Tweet
9cbe68cc-1b5e-4c6d-bf77-91ef0723b684,L1,Tweet
975c2612-2b48-4ff5-8a09-8092d4c59a46,L1,Tweet
718dc430-c082-486a-a3e3-3847fe2056aa,L1,Tweet
7be61100-559f-4157-8c87-ff8bc4250f4b,L1,Tweet
4be93a0b-6c9a-47f8-b9bf-912f86b15a51,L1,Tweet
e48cfb83-d2b8-4e47-8440-29ccd81827b5,L1,Tweet
0f7ec0a1-40c8-470c-85ec-b608313f61c1,L1,Tweet
2f8609a0-5707-422b-9437-dd903d4b08cf,L1,Tweet
6754d76d-5bf3-47b6-8b1b-f935a519dc6a,L1,Tweet
36fe1551-de2d-4a6a-8433-6c58164f46d6,L1,Tweet
c7f07b89-7f33-47fd-9ae7-7d7148c95a1e,L1,Tweet
b663c704-5170-45a0-88dd-3d9b6540ed10,L1,Tweet
28bc66d6-3ded-43e8-acea-347a874c7af2,L1,Tweet
842abb83-d00e-4b3d-af1a-faa74938c036,L1,Tweet
7a2da81f-9abd-4f41-a7f6-d7173547201a,L1,Tweet
16a08b73-6a96-4a30-ae34-fce8582b48b9,L1,Tweet
8816665d-70cd-44d8-99e5-78e276f3f365,L1,Tweet
ac2f90f2-3e8a-45e7-87ff-6284f843eaeb,L1,Tweet
ef25afa6-bc73-4649-baea-6574182967cc,L1,Tweet
dd91d7eb-5043-472b-82ae-37755d9060c3,L1,Tweet
bd47fcbf-1f71-4c48-a116-a072786bb7e5,L1,Tweet
cfe57ba4-e955-4f91-a0f4-48f2dc909d9c,L1,Tweet
7f79bad2-d183-4e92-b261-5d7810bba5b1,L1,Tweet
89dbd4b5-80a7-4d5f-ae69-06c655ad2f48,L1,Tweet
b001c7f1-0c60-4d81-a254-e79589152e2f,L1,Tweet
d82820f3-3060-4a70-8c35-a316c63f46ac,L1,Tweet
b3d00a04-1aff-493a-8749-57f24d74506a,L1,Tweet
94fb8b66-293c-45fc-9cc1-c610c1e46a65,L1,Tweet
4e9f6350-b2c3-4016-b0d8-253bc43199a7,L1,Tweet
9875fdc8-127c-4ce0-8440-37848e71b34a,L1,Tweet
124ee409-8510-47a9-9558-258eaae6dd25,L1,Tweet
24d047f8-2fad-470c-9678-d7500fd9620e,L1,Tweet
b047c706-0f24-4343-b2a8-3e315404803c,L1,Tweet
c06347d1-5aa6-4739-bc63-a8edeea7e08a,L1,Tweet
7975e509-0213-4886-b97d-48bf5e61d634,L1,Tweet
3b2e27db-e578-4bb5-a338-959263eb3cd6,L1,Tweet
519be53c-1bac-43c6-8d26-968caefffc4a,L1,Tweet
36f0128c-abca-47fb-b29e-e8a1b51f5aa9,L1,Tweet
30ca6a5a-959d-4133-8d0d-571b18ce10ec,L1,Tweet
69f776e5-827d-46a0-9749-8032f5886579,L1,Tweet
ebe3f85e-0b93-46c9-ad9b-e100dedc641e,L1,Tweet
4aa92a68-9bc8-443e-8b26-d6a210d678a2,L1,Tweet
1ff2d1cc-e010-480d-8e24-c15cf45e5a40,L1,Tweet
09e539fa-f1c9-4122-8baf-6ccff6e191a0,L1,Tweet
adedabb9-d8e5-4b2d-95d3-07d7da3f411f,L1,Tweet
9476558b-0b2f-418f-b898-7be2e0368e16,L1,Tweet
50aa89ee-02c5-4e0f-b18a-a6760c40aa2b,L1,Tweet
d65b42ae-68bb-45d1-9ff8-5ce088c9ebfb,L1,Tweet
cd46fd1a-dbda-4566-8f53-8a3c68326f5a,L1,Tweet
6c3d24f7-e956-4854-b018-f88e3af45802,L1,Tweet
b109fec3-87f3-44ad-8c87-ec67290f752f,L1,Tweet
befa9a2a-979d-4480-9bca-7bec49d17696,L1,Tweet
beb8a7ad-7b73-4803-b9ad-d776728c5a80,L1,Tweet
20fe0ce8-9318-48b4-b5dd-23d42145d521,L1,Tweet
bcd8275e-39fe-4928-8664-0dec7c33d15e,L1,Tweet
dbf2782b-9a5e-45a1-9e2d-af25c611ed8f,L1,Tweet
bbdc0a60-650c-4f0b-bddc-90a48ae72251,L1,Tweet
25142025-b982-4112-adff-af7341771241,L1,Tweet
03e00ba9-f69c-4c8f-a5d4-5a871a52b667,L1,Tweet
aef3f760-d07b-4e95-afdc-afa117a0260c,L1,Tweet
62c7f57e-c205-47eb-933c-50b934e3db71,L1,Tweet
ed2e6396-491a-484d-9e7b-4e3efa55d845,L1,Tweet
c57e9d33-d350-4c29-95c5-bf51be52396f,L1,Tweet
f02fd440-c91d-41b2-8b05-bb2610c80d26,L1,Tweet
1cb4c4f1-df5d-477d-aa3f-e42bdb58df03,L1,Tweet
bc3e283c-fd6d-407c-8e9f-df634f0c96e6,L1,Tweet
6dad5a12-6ad4-46e8-9304-e9b1d00ce39f,L1,Tweet
eb4e6f57-f190-4772-b932-b72478d25f39,L1,Tweet
d1f560dc-098d-40da-b1ff-ec7870161400,L1,Tweet
11c96ca3-69b5-4373-9e5c-b976eb12ff6d,L1,Tweet
6018e4ed-0b14-4f2e-aebf-87bbfe632181,L1,Tweet
c80d0caf-bd80-4a49-94c3-b6b43b024892,L1,Tweet
6860be3a-914e-4f77-b9c8-50d8eb861f3e,L1,Tweet
54e28740-7541-4d1f-b6c4-5ad9ddceb206,L1,Tweet
ddd68d12-8dec-4f43-89af-31036c92a0c5,L1,Tweet
b0939f60-257c-4429-9ad7-b2d35fe7f9a0,L1,Tweet
e196e4dc-51c6-43d4-b478-449b5add7c3d,L1,Tweet
7345cb74-db28-4570-b83c-2fdb3870ef86,L1,Tweet
6cec1840-0858-4233-addd-b31b972a8971,L1,Tweet
1665ddb2-e499-4880-8571-780147de5721,L1,Tweet
de3ec2aa-1aa0-400b-9fde-c421e2731a99,L1,Tweet
3561d3e8-5549-4ce9-bdfe-0259bdc7b3d7,L1,Tweet
622f47a4-cee0-4839-8c33-e58650235950,L1,Tweet
101065a1-39f1-4d6f-9ec7-020019ef2fbb,L1,Tweet
6429d9f3-abf6-4910-96df-3bbb554c52a4,L1,Tweet
5694f9c2-68dc-4f89-82ea-66a267771ee1,L1,Tweet
0ba733a1-21a6-4394-b172-c55843b57e9d,L1,Tweet
4680deb3-f2bb-453c-b70b-7046a2e2f150,L1,Tweet
25cd7f45-3407-44f2-af7b-86a5fc9073aa,L1,Tweet
a4ac9e36-ee48-4e87-9825-edb5100aa6e3,L1,Tweet
94fea5cf-2c5b-475e-b9fa-660e9fd16030,L1,Tweet
63b91ffb-32f2-4e19-8398-bc2439de2a73,L1,Tweet
b712c8f2-9d36-4065-a2f6-438e0d6697fe,L1,Tweet
7fbead9e-13f3-4004-89a6-cea238a19b18,L1,Tweet
287ef003-0175-4fd5-acfb-656a60691caa,L1,Tweet
10efdb12-41ba-4b5c-b54c-9bdb5638c07a,L1,Tweet
a3627a8c-eb41-4637-abb3-40b323cce97d,L1,Tweet
e053cb9c-da63-490e-ae4e-0c73e71352b8,L1,Tweet
fa03973e-8f57-455b-891f-13a67c61704f,L1,Tweet
ee1fb1b3-c816-419e-b546-14a4175f0e3d,L1,Tweet
7515e2b0-a777-4a8f-aff9-8d28660bc6d4,L1,Tweet
5c4fc6c7-a449-4338-a94e-27754e9a0196,L1,Tweet
7ad38c51-bc21-409b-9bb3-53d1b8959679,L1,Tweet
9155a01e-e21f-4b8f-9273-c76dfa9a3edd,L1,Tweet
f9ec5869-85a1-47fd-a6df-004a4e9cdb55,L1,Tweet
f57cdb2b-083c-4c7e-b605-5d3ed51cb74e,L1,Tweet
d186d607-8e34-4ef1-9934-61481e2ba3c4,L1,Tweet
f5f1993b-879c-4b37-ae03-ea5a9351c18d,L1,Tweet
bbb0e98d-b29d-401c-b55e-d02678211a74,L1,Tweet
b20d9b44-1c03-4240-80a3-cde496ab895a,L1,Tweet
d416d7b8-9f49-4924-a239-eca2d7655238,L1,Tweet
f5f1e641-a3c0-4edc-a4fb-a6aaf1c6a473,L1,Tweet
37226476-6c5e-4cd4-a605-339ae317b4e4,L1,Tweet
b03d64df-5ca8-452e-a391-0eac732ff1f8,L1,Tweet
5f467f1a-cdcd-481c-a0d1-0e3db5aedaa5,L1,Tweet
d71a5fb0-e689-441a-8a9a-4e3aca67fa98,L1,Tweet
063d6052-3392-426d-8d67-69fa5c568835,L1,Tweet
a7d260b3-7caa-447d-9f6f-b88d639ff791,L1,Tweet
c365ec24-27fd-4c8f-9629-db165c55b6fe,L1,Tweet
fb8ebbbe-1432-4a56-8897-8f6b0beb48ba,L1,Tweet
1f793cac-8eea-4a26-be3f-ab142d5d4a70,L1,Tweet
0d4947fc-f2bf-4ce5-8717-baa1dcf0347e,L1,Tweet
1e25c986-e68d-47f9-ae59-5c3d01cedbdc,L1,Tweet
8763048d-d711-4d9f-9a95-ac43eba3ae93,L1,Tweet
415d2f74-d8a0-4c5e-ba52-3586e93d38a8,L1,Tweet
e82f9961-e7f9-4f6b-b62f-ad4079eea01b,L1,Tweet
a2e88f7b-aa51-4615-a24b-3075a8186ae1,L1,Tweet
a7e0bbc0-6710-4bec-8866-4d38c24dbc33,L1,Tweet
14c8597a-e740-45c1-a61a-4c7fe1fdedb8,L1,Tweet
627c4824-4143-4626-91a5-2113a1fbea84,L1,Tweet
58a78a1f-eaf4-4ac9-8ea5-1ec0a7c84570,L1,Tweet
f371e116-6c5d-4db2-b2a3-455b6fddae02,L1,Tweet
eded8f9d-70fb-43bb-a1d2-0512ec7d7dc0,L1,Tweet
d802b24f-bb3c-42b4-aa24-282b36af0601,L1,Tweet
5ee3a64a-cc1f-432a-b982-038376368277,L1,Tweet
39b29c65-47b8-422e-bc82-b44b5ded0a61,L1,Tweet
81580848-eac0-47a6-9582-bb8ab0a05e92,L1,Tweet
1af199fd-fd12-4986-abd4-50a4c9d8cfad,L1,Tweet
13ca2185-1734-41e4-a27e-a24a0ee28cbf,L1,Tweet
14b5794f-f873-4a70-8bbc-78938a6dc862,L1,Tweet
5eaf0c17-6796-489e-87e7-5ad3da7856e0,L1,Tweet
68025d96-35f3-4649-bae1-81422725e98c,L1,Tweet
75094d54-5f4d-4a1d-a288-0c6546154aea,L1,Tweet
5d8772bf-4ce3-4277-ac56-6ffdd9930821,L1,Tweet
06b53a6b-f541-427d-9146-a17497818809,L1,Tweet
95c10273-2f49-4270-8082-7db150810851,L1,Tweet
279c7e9c-5bfd-40d9-8746-017996a89527,L1,Tweet
f7ae05c3-bba6-485b-95fc-74a5b87c58e7,L1,Tweet
ac060963-f392-499e-ac8d-9426a8ebcee3,L1,Tweet
8ab6b752-7586-4b63-84cd-3fff9e3c40d7,L1,Tweet
b10a2347-2c19-4145-b262-863eb27811bf,L1,Tweet
6f2b419c-3587-4c0e-ab0a-383ef0813b8a,L1,Tweet
45d402fc-a5de-4be4-aa51-e9487b82bce6,L1,Tweet
4a9ae1d1-d87d-449e-9b70-b7ca3eee7719,L1,Tweet
6535cfb6-9273-455f-b8db-66841968f10a,L1,Tweet
076c78cb-221d-4c47-88b9-fff2ad9db9ea,L1,Tweet
07a86106-6dce-4607-9b05-8bbb74e46bed,L1,Tweet
693c6784-550b-494d-9880-48fb2a7751a8,L1,Tweet
dc77e6ef-4866-4147-acfa-d10aadcb91be,L1,Tweet
8629ad61-891c-4ed9-a9ca-b3d6ac33a548,L1,Tweet
2dceaaf4-aed2-4351-b2aa-5bbb31a081a5,L1,Tweet
6c9632e4-0ee4-4ebb-aab5-afd9733ea646,L1,Tweet
57d693dd-d892-467d-b9df-d707bf82683e,L1,Tweet
aceee1af-1e51-4b06-b5c6-84c30d7243e3,L1,Tweet
8df4488b-b204-42e6-a2ee-bcf0d05204ed,L1,Tweet
4f8c7579-0356-465f-921d-557aa38de936,L1,Tweet
70c940e2-8ed2-4902-98ab-5ca3d5e2d416,L1,Tweet
c5defabc-6393-4d4c-8058-529e87c7b1b5,L1,Tweet
bed8d40f-a08e-432a-8b01-8d01f4b602d4,L1,Tweet
d2ef25a6-2a05-4700-8289-ad0580d46428,L1,Tweet
ec7af37b-4dd3-4ff1-9bbe-5f7795e99c9b,L1,Tweet
0c0326e9-1fbf-4264-bc74-8c72eab1893b,L1,Tweet
2170d16c-cc67-41da-b649-99d3835c0d87,L1,Tweet
e9fbefee-9a91-4413-9af5-6d3ca9197b8e,L1,Tweet
b289db8e-655f-40dc-8186-9725b8861559,L1,Tweet
8b211a2d-5055-42ab-8f0a-0d78a10206eb,L1,Tweet
39d3e78b-35a7-43ba-9c45-78bbc7727e8d,L1,Tweet
dbee689c-ffd6-43ba-85f5-46bbffedfe67,L1,Tweet
0b6f52aa-f78b-4da7-a9c0-bd34b10baf37,L1,Tweet
2b22a916-d143-463b-906d-2a88ab766a96,L1,Tweet
e8086133-2e18-4891-8e10-1daa510ad7b8,L1,Tweet
64d17c02-8516-4f70-8396-7a4794fd20e6,L1,Tweet
0cc16ec3-7d1d-4687-a76a-de28e366e847,L1,Tweet
203dd598-8fc3-43e9-b194-15ae30047d33,L1,Tweet
f77cb2ae-53ce-4e6c-932e-3e031c17a8eb,L1,Tweet
abb06611-eed5-424d-bff2-90ee582d09fb,L1,Tweet
73839448-424b-454c-a34d-1e37733bf21c,L1,Tweet
ffef7969-57af-40c0-9c48-c0cf37f1165a,L1,Tweet
eeaca715-28f9-4604-ab6d-6d3559edec47,L1,Tweet
d2092347-52fe-4ec7-ab4b-edef61392638,L1,Tweet
e83d91ce-6247-4dc6-8d6b-7b3204642e3a,L1,Tweet
e67ab64e-a419-4958-abdf-350722d551b1,L1,Tweet
79ed98e2-244a-4b38-a585-c77f20c4c2cd,L1,Tweet
59c96012-2f90-45d6-ae06-264de9076de6,L1,Tweet
42cfa2c8-5794-4696-809c-df1c60fa67ed,L1,Tweet
10180b0c-006f-436a-920e-cfc460d98157,L1,Tweet
bed4c1fa-0f2a-4815-bfb6-0ccc2e3cdbdd,L1,Tweet
0da126b8-42e6-492f-b8b8-22e41caa5339,L1,Tweet
28a1ff69-eef4-4e50-9a2f-4561c4972a37,L1,Tweet
ab525845-08ce-4425-a322-52918a13fb71,L1,Tweet
5ce43aba-59cc-4c80-8ae2-1388fa9b38b4,L1,Tweet
be13e4df-c490-479a-8c1f-ad8165fcdfcd,L1,Tweet
72216b65-eca4-4513-89a2-bbedcd76f419,L1,Tweet
209056a1-2eb7-4b69-a817-72625eff4184,L1,Tweet
548ae9e0-387e-46d3-a82a-f1baa5476635,L1,Tweet
df33bdd4-a780-485d-996a-793b60c1d9c6,L1,Tweet
746ac040-df94-4b87-abca-697bea024091,L1,Tweet
6e49103b-ddce-4a3c-b043-bed2f5db4aec,L1,Tweet
48c5b2c8-6819-4048-8b5e-d2462e791a97,L1,Tweet
cb8c0150-2760-4924-8d7d-1573b141d39a,L1,Tweet
9ec4da81-f772-471b-afe1-4f11278263ec,L1,Tweet
a1f1004a-75f1-4785-88ca-9b0fe74c609f,L1,Tweet
776f95fa-b690-4235-99a1-14ba15390b27,L1,Tweet
467285f7-05a7-44e3-9c2b-a4d4916b75c9,L1,Tweet
721052fd-93d8-4aac-a4bf-16b4493ec777,L1,Tweet
82fab634-77ee-4045-8c91-f33d31971ab1,L1,Tweet
a62ac0e2-8544-4e92-bc9a-70645e2e2841,L1,Tweet
afe2afd1-ebd7-4816-aa08-92e3a92b5c20,L1,Tweet
e7acc02e-f513-49ec-a466-836bfbb4cd63,L1,Tweet
5b3a284f-4692-49c9-87e1-0c5aae7bcea0,L1,Tweet
4011b944-b970-40ff-bfe3-5fde08d114f4,L1,Tweet
1dbd33f7-f06c-4850-9197-eed870345a7a,L1,Tweet
44ea08b9-3b4f-40b0-9745-2409ee709771,L1,Tweet
4bd97bf9-2c60-4910-abfb-333bcfaf546f,L1,Tweet
4587b900-7f5f-4f70-88d0-f70f613ba174,L1,Tweet
c72ab8dc-8085-483c-a6ef-c9aac2635af7,L1,Tweet
76420939-4e41-46ed-b73f-2df71d13e585,L1,Tweet
0abcbee4-a361-4ab9-b69e-b429870fc744,L1,Tweet
6627b06b-f175-495e-92e1-f31873055209,L1,Tweet
da3522fa-fb6c-4265-bcd9-397dbb8489b5,L1,Tweet
a79f6bd9-401b-49ae-bca5-733bd54b4f7c,L1,Tweet
2206e081-c3f7-4ed9-9cdd-4753ea14264d,L1,Tweet
8e01f738-8301-462c-84ff-2522f2446b9b,L1,Tweet
0ea2c291-c785-41b5-9a02-d68980950f75,L1,Tweet
c086544c-f0ff-4279-b55c-17aa21ad892a,L1,Tweet
f6d38614-cd73-4de7-85b3-5ea31898adb0,L1,Tweet
647f5f6a-f740-4cf8-a8be-224f9d0ab54c,L1,Tweet
4c784f95-c4cd-4bb7-afff-3f5b34fcbf5a,L1,Tweet
6752ad43-55e2-4dbb-b068-c28c52a9af34,L1,Tweet
45018d28-f516-459c-b00a-8aaf183ef038,L1,Tweet
c36e1680-91b4-4c74-b39d-fcaa3342395a,L1,Tweet
bd292adf-cda4-4172-b44e-61117f65116c,L1,Tweet
3a21ca50-f48f-45db-9dd1-b14c02f3ee4b,L1,Tweet
37d3af8b-a0f3-4e9a-8f2f-48b46be62858,L1,Tweet
bffe7d54-8581-4c1d-b238-200b48ed3c1f,L1,Tweet
1964ae11-9fcc-4bbd-b3cc-16e2e1b53f50,L1,Tweet
cf4d1c37-f72d-4f30-98d6-8b55008aa38f,L1,Tweet
03bf51c4-64dd-4625-9df7-22ec403b6c1a,L1,Tweet
a8af2828-94d4-432e-9b93-5c1df06203aa,L1,Tweet
ebe73160-772d-4c32-ad56-5509ede73b7a,L1,Tweet
876a63a9-5688-4225-ab36-83fc57bd8bfb,L1,Tweet
c2e38f40-19f8-4197-8d0d-2cb58da31061,L1,Tweet
3707f311-1c36-44c5-8e65-531058b2f71d,L1,Tweet
efc33367-955c-415d-812b-6fdc359f1230,L1,Tweet
21e0d2a8-5c40-4228-be8f-ddb9df058c11,L1,Tweet
e637771c-415a-4bce-b640-fd03a1f43eb2,L1,Tweet
03b2e95b-afb2-4f26-8441-585c944a2432,L1,Tweet
5ee4a66d-e51a-450e-8e89-e229fb6e74db,L1,Tweet
a550d38b-e5de-43d1-bd4c-ceff7873feb7,L1,Tweet
6d7e214e-2e47-4a23-886b-70542b784c3d,L1,Tweet
a254ab9e-9c89-4dc2-bb26-0c076e682f38,L1,Tweet
8bace83d-376b-4e4d-8d6e-6137bfc0aae7,L1,Tweet
acc8d51b-edfa-45db-9072-a4da53c6ee73,L1,Tweet
b7f7db14-5ff5-46a3-bbdb-58f06d106836,L1,Tweet
ecd54abf-ac2b-41ca-a2d3-df08afa98efb,L1,Tweet
683312be-17ee-48f0-b378-65f12dca55ee,L1,Tweet
17777c29-c5a1-451c-8234-8183ab30f4a8,L1,Tweet
fb7e0233-6f1c-4034-9d3f-278f78c71bb7,L1,Tweet
15023304-66b2-439d-a18f-977ff68e00a9,L1,Tweet
59d26009-8bbb-4ece-8020-de7fd0752715,L1,Tweet
8ed70ccd-6ce4-4160-b57e-19e31f75127a,L1,Tweet
2a590912-a03c-4f33-bd13-73f2e5c12401,L1,Tweet
26572566-979e-43bb-ab9e-cbb0dca9ffc5,L1,Tweet
59c53d9b-ef91-4ed2-9d58-7a30ef4a2701,L1,Tweet
002dedea-c6d5-4864-8342-23b0390a8b56,L3,Tweet
002eb30b-d87f-480f-9108-d8e7358a33b4,L3,Tweet
00342b20-8b91-438e-ac31-9bb4c8f5b036,L3,Tweet
0045c9c6-084c-4b64-861f-da7dc693ed37,L3,Tweet
00639752-a2e9-44ad-a54d-f39d1abb2d39,L3,Tweet
00683a71-5db8-456a-baa6-2a90cb92792e,L3,Tweet
0069e817-19e5-4906-b068-35ceaf3a2cf1,L3,Tweet
006a2cd0-758f-4cb2-af67-c8283fce3a3b,L3,Tweet
009d89d3-8bb4-4c43-9335-ae746ef73ce0,L3,Tweet
00bfdd19-11bd-472a-a7c6-22cdfb228b59,L3,Tweet
00c0f1b4-ad9e-4775-b452-578c0977b298,L3,Tweet
00c75582-7fa3-425e-9b51-0f3286d0531e,L3,Tweet
00c94276-d5dc-4fe7-b835-1eab9ecec6b8,L3,Tweet
00d08f47-dbe4-4f46-9b1b-e118c35f7d2b,L3,Tweet
00dc2066-5068-435e-a725-efe5e92523f6,L3,Tweet
00e395be-6413-4ee3-99df-fb37c5fe6d44,L3,Tweet
00e4f418-f2e6-4f1f-9245-ba376279cd0b,L3,Tweet
00e8827b-886d-4533-9bbb-a9dd2728bd70,L3,Tweet
00ebe56e-b13c-4e3d-8157-961195327504,L3,Tweet
00f3184a-65be-4dfc-9064-02c7efb5e429,L3,Tweet
00f42dac-5fec-4ce6-b06f-043ea1cc4909,L3,Tweet
00f6f712-184c-4a3b-9f04-dab5fb6b277e,L3,Tweet
00fb7139-dfb9-4d55-bab7-91db1ce60cc0,L3,Tweet
01022403-9fe5-459e-bb6d-f45662062e54,L3,Tweet
0115f633-8dae-45ad-8e8c-0636d12550b4,L3,Tweet
01211d79-07c3-44cd-a261-4aeb5466b755,L3,Tweet
01291a7d-3afb-4b1c-bc91-ec8e90729468,L3,Tweet
013045fb-78d5-45e7-bc29-a8ea4dab8417,L3,Tweet
013b8828-25ff-43ce-b61e-eaeaa7be9ed0,L3,Tweet
013ff831-9c33-4dbe-9b15-a0e8f4aa815a,L3,Tweet
0141415f-3e42-4693-91fe-e1542ce116b5,L3,Tweet
014743bf-3397-4c32-8cfc-254d3a27fd9f,L3,Tweet
015af2db-a8e1-4a91-ad17-ef3510262638,L3,Tweet
01654b4a-86a6-4427-8e09-88ad437ec642,L3,Tweet
016d9482-ad7e-4d57-acfa-29f8ced8c3be,L3,Tweet
0171b7a2-9138-4ea2-927f-f1e88229c141,L3,Tweet
0172483f-4e13-4ee7-9f44-d895baad6340,L3,Tweet
0176a2ac-375c-42d3-9244-e081a36b8f61,L3,Tweet
017bbc7b-e297-40ae-a9f8-0761286be168,L3,Tweet
018d35ee-c12d-4585-92b4-3a09eea04a57,L3,Tweet
018fe9cc-4dea-4638-8d74-5ef4e71b1b0a,L3,Tweet
0197e911-2b86-4f99-9b0d-f6be1bc56741,L3,Tweet
01a72611-6b2f-4457-80dd-032b5e155b4c,L3,Tweet
01abe8e6-d49f-47b1-947b-e64405553683,L3,Tweet
01b4cc41-103c-4499-a4c5-393e761e0755,L3,Tweet
01c18fcc-ce02-4223-a700-b0f8d37530ff,L3,Tweet
01c7439e-4bba-4290-9a43-8b791c55d525,L3,Tweet
01da2d1d-ad07-4114-80b0-ba9c84334bd9,L3,Tweet
01e4750b-32e4-44ec-aea8-9d07a979a2a4,L3,Tweet
01eab1d4-6626-441a-90c6-af73a5e85941,L3,Tweet
01eb2d19-33e1-40d7-874e-fed98c964f90,L3,Tweet
01f07fcd-c037-4784-ac45-14567139f186,L3,Tweet
01f54608-09f3-4069-89d2-d557f78a472a,L3,Tweet
02016943-7c7e-496a-b66e-f3133c88dce9,L3,Tweet
02174452-6d8d-40d7-a1a3-ea4ce719a079,L3,Tweet
0218cca7-5299-49a0-8bb2-63996e16667e,L3,Tweet
0228571b-d6b7-42e5-9ae5-68efaad794b3,L3,Tweet
023346cd-cbf9-4d0a-ae07-cd8ece66b5ad,L3,Tweet
0248d229-7381-4a12-8eff-f64712822d3c,L3,Tweet
024af3cc-491d-4926-aecd-16479a0062d3,L3,Tweet
0260a982-806b-4823-8232-3bcdccdf099c,L3,Tweet
0260c803-6dab-4a53-8223-84f5c79c6db3,L3,Tweet
0266d64d-3ff1-4662-8466-64f56bc4be77,L3,Tweet
0278442d-0b95-41e2-9818-15accad81770,L3,Tweet
027d02c1-162d-46cb-a314-8282bd028cf7,L3,Tweet
027fbfac-567e-4686-8121-5eeee614397c,L3,Tweet
028058d7-98d2-456e-a2b8-c2481fd69592,L3,Tweet
0291ca2e-716f-4929-9871-e3394f4b6dc1,L3,Tweet
029e8252-3c57-4f45-ab06-3b0ff665d04a,L3,Tweet
02a43766-f36a-48a3-a8f5-59953ae280c9,L3,Tweet
02a74a67-fb9e-4f99-80d1-b027c22656fd,L3,Tweet
02ae91c0-dfb1-4054-afa4-c6c8d2117402,L3,Tweet
02b0c2f3-9270-4e6e-a305-42a439a7be2a,L3,Tweet
02b2f94b-bce3-403b-9024-9afc2d2a27f1,L3,Tweet
02bcc141-882f-457e-affe-80efe4f5ff3d,L3,Tweet
02c546e8-693e-4c13-abee-11a10a788c69,L3,Tweet
02c86eff-6e90-47f7-bfff-ab9dce400f78,L3,Tweet
02cb76e4-6bc5-4e66-8cc8-1957ab8272c4,L3,Tweet
02cc1065-715e-4f8b-b9a0-68b655b17e5e,L3,Tweet
02ce46fe-2ae4-4d3b-ab7b-65d532b50833,L3,Tweet
02d3ae24-175d-47ba-aaa8-b01b8b56101c,L3,Tweet
02f30744-dafb-4a35-8282-e35b830dd6ac,L3,Tweet
02f4f7b0-70f9-40e6-bdf7-dc0ebc83e404,L3,Tweet
02f5569b-6106-4c74-86a2-7efd5111fa44,L3,Tweet
02f6f6e4-25bc-4a2a-a275-d02d9881e2c8,L3,Tweet
02fa5a31-3ac4-49e5-b581-f8c0842a28f5,L3,Tweet
02faa9b6-c23b-42db-90fa-1228ae162547,L3,Tweet
03054d29-0fda-46d5-b0c3-9c53e5b7034b,L3,Tweet
031b897d-d158-4858-87fc-40d84d6e6410,L3,Tweet
033379dc-dde2-4e1f-a0fc-ae3b78ff584f,L3,Tweet
03339b4f-6912-4889-840b-bfaeee931c28,L3,Tweet
034bc0af-fd0b-4654-9ea9-536477ff112f,L3,Tweet
03523543-811f-4ddf-b20c-d7cd7c8a393f,L3,Tweet
035be55f-4138-4505-9c2a-0b82aa8726d9,L3,Tweet
0370a501-525e-4e75-b376-9352642d416a,L3,Tweet
0385a438-77fa-4855-a29c-efa72e46f82c,L3,Tweet
038736a0-42b9-4c21-b9f5-84bf099c5d60,L3,Tweet
038d79c3-2a94-454d-9bf5-49004318058b,L3,Tweet
038e6af2-7293-40ce-855d-09d5809ff098,L3,Tweet
03981a4a-2db8-4c37-a537-ce3f5b5bc1ac,L3,Tweet
039c9b87-b4ab-4429-b914-ce15b0e0d66c,L3,Tweet
03a0456e-1007-4213-b6c8-fea45d856cbe,L3,Tweet
03a55c56-e0cc-4987-b036-2a254ab13207,L3,Tweet
03bb83ae-f9f0-4b0e-9ef4-167c5af49adc,L3,Tweet
03be1509-7912-4baa-b4c3-13d4e6ba426a,L3,Tweet
03bf1027-1970-4c77-98d3-f805a9a5c346,L3,Tweet
03c3d614-6faa-43cc-a956-e38f51514c01,L3,Tweet
03d5da69-ae44-4b85-92e7-0d0d147f0c36,L3,Tweet
03de2213-8f5f-49c7-bb16-d20ba6c9a592,L3,Tweet
03e87927-f858-4b13-9c72-eee9564da71e,L3,Tweet
03ea7f9d-e3d7-4dfa-9c4c-5c40c074f5fb,L3,Tweet
03ed8ca7-4c63-4c9f-8af8-56a3406bfa5a,L3,Tweet
03f45e8a-1b78-4fed-8a04-3c1776f3466c,L3,Tweet
03f659f0-6019-44d4-907a-397d12194d7c,L3,Tweet
03fecc26-8bc9-4116-9070-b540c1b59a42,L3,Tweet
040165de-7b6b-4dfc-ba7d-0b8a868ac26e,L3,Tweet
04091e1b-c5e0-4a92-9f1a-23d375dda054,L3,Tweet
040c2868-7e15-4100-a9f1-2f3b12255199,L3,Tweet
040c7699-cac3-4f07-b60f-43c5167db295,L3,Tweet
040fbbed-1307-451f-9929-7ac939572ee3,L3,Tweet
04154274-5819-4dbe-98f3-e44b70a5059e,L3,Tweet
04169a7e-5811-4d2d-b8a3-811fc3223958,L3,Tweet
04197d2d-bd65-4ce5-b320-7c707ce05795,L3,Tweet
041a3eeb-8db7-42f6-ae54-8b957b3cde95,L3,Tweet
041a716e-5c86-4ad4-9537-1c02be01a850,L3,Tweet
041add20-265a-4c6e-8076-eaa817451255,L3,Tweet
0423fba9-8949-4cc7-bac4-1c8516d55424,L3,Tweet
04379a7b-5ba7-40af-95aa-cac86e04cba2,L3,Tweet
043c4c53-ef1c-4d89-8393-1c1139604df9,L3,Tweet
0445ac39-1e43-4f16-bae4-37f22886d09d,L3,Tweet
045a7a5a-91f9-4aaa-a646-ec1e52c59b75,L3,Tweet
04653093-710d-4bc8-971c-cde6715395f7,L3,Tweet
04804299-1a5b-4769-910f-6d2fbe948e81,L3,Tweet
04813201-bb1e-4b2a-a224-90d43e6e74ff,L3,Tweet
048192ae-07f4-4e35-8619-061cdb2dd69e,L3,Tweet
0487362b-0a51-4c28-90af-5549939355e7,L3,Tweet
04917248-3eb2-428a-bc25-30c95b4a1442,L3,Tweet
04a45e9c-7ed1-424d-b9d9-51d685a60bf8,L3,Tweet
04b26791-623d-49eb-9aa9-31b6033b8c8f,L3,Tweet
04d7bf95-dd95-4006-981a-4ab1072dfc7f,L3,Tweet
04d88a75-55b0-49d1-8394-94994185fde8,L3,Tweet
04ec0cd9-c17b-4297-82e5-6557f5ac6869,L3,Tweet
04f13fa3-1241-4ac0-8fd4-1f5ac9854a82,L3,Tweet
04f774e3-106d-4278-8c76-541f1c5c1c53,L3,Tweet
05011075-5cc1-425a-9885-22e845e2399f,L3,Tweet
051d0255-f0e9-4f8f-b388-4120e2f4edd2,L3,Tweet
05303957-4022-4d8d-80ae-55bc1bd50492,L3,Tweet
053aafe5-50e3-4b79-86f1-8476dabbd3b1,L3,Tweet
05529f88-9d09-45dc-9d73-205eda77ff39,L3,Tweet
05645ecd-4be0-4473-88f5-fcd95fbb09e8,L3,Tweet
05762984-5363-4ec8-812b-71b659e97857,L3,Tweet
058ceaf0-6de8-43e0-aa2f-83b4c5adc953,L3,Tweet
058d2895-8cae-42c7-bb27-087f4156256b,L3,Tweet
059c29f4-cc93-44f9-a534-97234b129198,L3,Tweet
059c906a-816f-42aa-ae11-497ee7286028,L3,Tweet
059d2c3d-06ac-4edb-8612-3954c4022cd4,L3,Tweet
05a188b5-6c6c-4112-b19f-2d2a698b3dcb,L3,Tweet
05a6fd7e-e7a5-40ee-9000-0e882a376d08,L3,Tweet
05b5ee85-d8f1-4295-9da0-33cc38699224,L3,Tweet
05c18e81-7770-4b2b-909e-f6acc83e5942,L3,Tweet
05c29933-4e84-4264-a673-16a732910bce,L3,Tweet
05c4ce52-a5dc-45ed-93a9-a54775ffad39,L3,Tweet
05cb6726-e4ee-43ef-9e0a-0037d304b17f,L3,Tweet
05cd92a8-1027-4bf6-9740-2d2b2767c89e,L3,Tweet
05d06838-28f2-4115-94c4-6d487e5cdcac,L3,Tweet
05de8ec3-789d-47ee-a299-3e92c3519874,L3,Tweet
05ed614c-5fad-4850-b277-bb1031c17d01,L3,Tweet
05f8dcdf-a7a9-48eb-a781-9ef35dcc22b6,L3,Tweet
06067182-5289-4b67-b842-4d1384884359,L3,Tweet
0609e608-d858-4b4d-97c0-6fad52bc8618,L3,Tweet
061511ae-a82b-4ada-a8d1-8a0200b10d03,L3,Tweet
06179c61-e8f0-487b-b0f0-675a92e82f45,L3,Tweet
0617e649-2bef-4fda-a2db-a6ea8e121f6e,L3,Tweet
06184945-9f3b-43ad-92a8-976d6ec40ba6,L3,Tweet
061c6b17-726c-400b-bdef-96e1abdee014,L3,Tweet
06352962-3a75-44bc-b23f-30d40f0591e0,L3,Tweet
06428849-5e6b-42bc-ab62-49e58145e9cc,L3,Tweet
064acaa9-affc-4451-88e6-73f62e43b29d,L3,Tweet
06577345-4b22-45a2-ab85-95fa4108ffd7,L3,Tweet
065bc970-1a4c-4062-b411-0e175fe5a3d7,L3,Tweet
0661fe94-b72c-49d0-bfff-ee3dcf0b52fd,L3,Tweet
0666701b-24e0-4a04-b326-1eebaa6ae7d9,L3,Tweet
0669b539-64b7-4de5-910b-e4c89dc45284,L3,Tweet
066d5281-3fda-4475-92db-a88c227d9efc,L3,Tweet
066f4b78-68b9-470d-b957-28f86756acc2,L3,Tweet
0676b129-67cc-4f94-bc33-ef3ea31f78ec,L3,Tweet
067ca36b-6c46-41f7-8c53-94f1de16d659,L3,Tweet
067ece50-19ac-4e53-8d94-b35631b98c8b,L3,Tweet
068237b4-6592-419d-a118-3ac6d952cee4,L3,Tweet
069a63f7-ac66-4be7-9f3b-ac680c194679,L3,Tweet
06a64c3d-927a-4d52-90b3-36f64448c9d9,L3,Tweet
06c36f58-4b26-463c-b87d-320c30c41896,L3,Tweet
06c3caab-c303-40aa-a00a-17310fd6f477,L3,Tweet
06ca5e41-79d2-4606-af93-4424c69c00d8,L3,Tweet
06cc7b78-a5fa-496f-a751-4383af6db1e1,L3,Tweet
06d4a742-4bc8-485f-a75e-c1e36fc48939,L3,Tweet
06dd853a-e2ca-46c5-ac70-d9dcda736ec6,L3,Tweet
06f41c86-bec7-4289-80c7-ce563b34add6,L3,Tweet
0700f11b-2749-467a-985a-bee38d139979,L3,Tweet
070339db-6366-4ceb-b394-2d15de0855f8,L3,Tweet
0705a4c5-18d6-4696-8d81-abfbf1c52f2e,L3,Tweet
0707871a-ebe6-4db7-9726-44f90ffc6c36,L3,Tweet
0715a985-a424-44e9-8d80-7104683c566d,L3,Tweet
07213b16-578f-4f35-85cc-67f3d090638e,L3,Tweet
07245d79-8fdb-445e-9750-0eba7519cd94,L3,Tweet
072b8c3e-5e93-49d1-a938-3fae62e472af,L3,Tweet
0730159c-adf7-49a4-80fb-e5e653497fcc,L3,Tweet
07327bac-75c1-4999-969b-19e9eb4b5a9d,L3,Tweet
0732968a-981b-458e-847a-03103b40a9d9,L3,Tweet
07367388-675b-46b9-af8b-3fd127203d58,L3,Tweet
07477c1f-c079-4aa4-8cc2-2c8fe4f4e978,L3,Tweet
074c8377-b3c0-495f-93cd-d3129f620e4f,L3,Tweet
074f3e81-7cd1-4ff8-a569-33d9e10bbde5,L3,Tweet
07545232-546e-422e-bb40-fe829627a697,L3,Tweet
07555cfa-36cc-4667-8e5f-093efe43b02b,L3,Tweet
0756653d-e449-460f-8977-6dd7c1e00477,L3,Tweet
076b2811-ccd5-4f3e-bd8d-94ff6c536e58,L3,Tweet
07747824-ef97-4fab-8b37-0d45242dcddf,L3,Tweet
077bb7f6-123e-4153-a306-b306e46f7049,L3,Tweet
07808f48-a784-4e11-b440-5863699a7438,L3,Tweet
078d72c5-7868-4319-8630-763319b645b4,L3,Tweet
0794b36b-4fcd-46bd-a6ea-ef8eed2ef1e3,L3,Tweet
0796d101-f220-4670-a986-8283b5b54a2a,L3,Tweet
0797c9ee-f470-4677-93a4-c526c6aab239,L3,Tweet
0798a85d-a990-4336-99ef-1c37358714d4,L3,Tweet
07a036e9-53c6-4ec6-8cc3-06a975934c5e,L3,Tweet
07a4f6ae-8c8f-49bc-8357-e35e68322d60,L3,Tweet
07b5ac41-79eb-4da9-aec1-e510c8873fb8,L3,Tweet
07bb197d-bbfa-4c81-9df2-ad68534d1102,L3,Tweet
07cce6a8-dae6-4497-8bde-7d965b85a497,L3,Tweet
07d3ff92-ec5f-4590-8b64-9d2268a28a8b,L3,Tweet
07dac6e4-e6cd-40e6-99c4-59a9b4b9780b,L3,Tweet
07db4ac2-7e86-4f95-a880-64522f39ed01,L3,Tweet
07dd2999-7f56-4f3e-bc51-3d7bf4462945,L3,Tweet
07e447eb-08dd-49b3-99dc-17418b841196,L3,Tweet
07ed75e1-acac-48fb-97b0-ec4b030b7928,L3,Tweet
08018b78-0629-49be-8847-baac6bad9903,L3,Tweet
08020a54-dae8-4229-b24c-55fc35f3e2e8,L3,Tweet
080343c3-304a-4c5e-8e63-45ab03f05466,L3,Tweet
08091601-f7f3-49b5-9fbf-11284b3da8e2,L3,Tweet
080ff3c9-338c-4f6d-beab-dc6ba2877ff2,L3,Tweet
081b3d7e-e7c8-4dae-ab34-85cefbac4eee,L3,Tweet
08247a26-750d-4acf-b159-0d95b3081aed,L3,Tweet
083e2eb8-193a-46ce-99bf-ca2e335880e4,L3,Tweet
0849cf1b-d5e0-48d8-a312-201e7c7e1c10,L3,Tweet
0849ef5b-a1b2-4b0a-acce-66cb7442a795,L3,Tweet
084f7fe6-41a3-4093-aae3-446b5d439f89,L3,Tweet
08573cec-e16e-4fcb-bec3-8e68531625d0,L3,Tweet
0865b76d-201f-4b38-9ec1-286e949a6dd9,L3,Tweet
0873f6b1-1ca8-4ef1-9ce9-49cdbe13d2d2,L3,Tweet
087685fb-e7a0-4e86-80a7-1b04860a2f3c,L3,Tweet
087812d0-94f3-453c-8958-a2ef93558e54,L3,Tweet
08a2ecdb-f508-44e1-aeaa-e58ebc3aab55,L3,Tweet
08a37e0a-a265-465b-a158-ff9256bfca66,L3,Tweet
08c69d6a-4d84-4dde-8772-4d101ed4451b,L3,Tweet
08cc0924-e1ee-4df1-af1d-36429ee4bfac,L3,Tweet
08cffc9a-3e1d-42f0-8521-d1a7d8d91271,L3,Tweet
08d2bce8-3011-49b6-ac9b-fd365154561a,L3,Tweet
08d6c2ae-f619-4821-906c-05df4de8f354,L3,Tweet
08eb3c96-fd0d-4111-97ba-022222ab3d03,L3,Tweet
08f7a316-3193-4357-ac39-dce37466301b,L3,Tweet
08fff9a4-2222-4d91-a6f5-d8583f3afdbf,L3,Tweet
090788ec-3a44-4753-97dd-dd7dde6aecbe,L3,Tweet
09144bf2-d4d3-4e36-af38-2b4b379b4639,L3,Tweet
0914d95e-ea7d-4daa-ad36-da3eab21f970,L3,Tweet
09357c96-262d-43d6-9303-9887c919945c,L3,Tweet
0939b51f-7935-4fd8-a9eb-c9c17631ea0b,L3,Tweet
0943fa8d-50f3-4271-ba65-afc188581cbd,L3,Tweet
09443b41-9e48-432a-a402-9f28b8e55014,L3,Tweet
0948a6c0-5916-4cb4-90be-6c7dc9347cab,L3,Tweet
0949e566-9e1a-44b1-9d60-25406c5b9142,L3,Tweet
094b74cc-0a60-4390-bb0d-c78ac9045f46,L3,Tweet
09577e68-569b-40fe-a690-20ebb9b85d74,L3,Tweet
0964483e-f2bd-4abb-9882-f6337d59096f,L3,Tweet
09805908-0181-44ad-a2e7-d23d4a9317d4,L3,Tweet
098075b5-4a63-483f-9de8-4f5f4a09e0d0,L3,Tweet
098469f8-8ae5-481b-823f-f4e955d6267b,L3,Tweet
0991eb43-2ae5-4be9-9727-2c58dc0bc1fd,L3,Tweet
0993356a-3f4a-42f4-af7a-a55c56bc34f2,L3,Tweet
0994a361-1e91-4efe-a3ba-5d233d3ee2f6,L3,Tweet
09a5f33e-4361-437b-9fe2-16b4e0624f14,L3,Tweet
09abced0-2cdf-4320-8a39-c29ccc2e360a,L3,Tweet
09b1ff3c-1a3b-4f24-8cd1-200c2af1c42a,L3,Tweet
09b43716-e252-4226-a8e5-2716f0cb4eb5,L3,Tweet
09bf4622-84a4-46d9-a91d-928771186d3d,L3,Tweet
09c09a9c-0bd8-442b-8942-df97892dd661,L3,Tweet
09e25b54-c5b5-494b-b843-e221ef7ad3d2,L3,Tweet
09e707bb-c845-44e5-baa5-af6564a92216,L3,Tweet
09efa51b-dd78-44c0-8059-321e82643c1c,L3,Tweet
09f1acad-de03-4b0b-b52a-a92a0156f682,L3,Tweet
0a0c9cd7-8a26-4097-abd7-20cc6f0bc129,L3,Tweet
0a17a122-7225-4f34-997e-079f0a00ee0b,L3,Tweet
0a1c5f62-3d44-417f-a042-be9cd2749810,L3,Tweet
0a2bb5dd-d77b-43f7-a5a4-d71db37ad2ba,L3,Tweet
0a3426dd-ef99-4441-bf2b-1db3aba1dcfa,L3,Tweet
0a385d51-7b1e-48a1-8f94-0e8303e47f0d,L3,Tweet
0a390baf-3abd-4e3a-a212-25751fd8467b,L3,Tweet
0a3995b8-93cb-4876-9976-2e9a923b7768,L3,Tweet
0a443875-0e6e-402b-9d57-658352ede354,L3,Tweet
0a5a031a-a3b2-4e5b-aa94-386caddb3dce,L3,Tweet
0a5ab13c-e33a-4f92-a91e-877fe59d7beb,L3,Tweet
0a62a7e7-b520-43ff-90fb-07049545a075,L3,Tweet
0a68652c-e082-4d5c-9d3b-b7cf2d19c1c4,L3,Tweet
0a6d42d9-bb95-4720-b642-3f6760287d67,L3,Tweet
0a70edcb-f457-4c74-bb8a-d65808e1f8a7,L3,Tweet
0a79e235-7134-4236-9f08-9ef27d9ade62,L3,Tweet
0a7edde5-6ce6-4b9b-ac12-73a5de76fdb9,L3,Tweet
0a81634b-1497-4cbc-b51e-22cec2ebc53e,L3,Tweet
0a85b4c9-5899-43de-ae6d-153630a02be0,L3,Tweet
0a8b6778-7d98-49cb-a588-4512146f6fc9,L3,Tweet
0a90770f-0207-4a7e-96d9-d2c3b547fde1,L3,Tweet
0a90ae0d-2101-48d6-a22c-0d1d4e3d6c96,L3,Tweet
0a925341-cf41-45f6-afda-357adad3c7d1,L3,Tweet
0aa05224-2859-45a5-84a0-2ce04493b262,L3,Tweet
0aa1fd1a-ac98-484d-8a7f-107403b8b029,L3,Tweet
0aada1e7-02f8-4058-82b9-51ad30f4625d,L3,Tweet
0ab18e8e-342e-4ec0-9b63-78fc0aeb27b3,L3,Tweet
0ab7ed8d-75fd-4012-a63b-14ccb7db7a54,L3,Tweet
0ab8aab6-d6c6-4fcd-b50b-c7ee215c5652,L3,Tweet
0ac41dbc-82f9-47e0-8ca9-2847008416df,L3,Tweet
0ac9564d-332d-4771-9336-c14169a603d4,L3,Tweet
0aca0912-fd3e-426a-9450-b594b567a5a1,L3,Tweet
0acdb774-da30-48a1-8270-7fdf670ff9bc,L3,Tweet
0ad9370c-bfe4-4a58-a8fa-9f3dd318f782,L3,Tweet
0ae13071-1154-4702-a06a-1e73f1e232f9,L3,Tweet
0ae40c76-c403-4c55-9e7e-4bf6a06ceb5f,L3,Tweet
0ae7d733-d865-491b-9f2a-a0c043901305,L3,Tweet
0b174e86-80fa-45a1-943d-a3f96a7b3169,L3,Tweet
0b22bedd-62ba-4b5a-85a5-dc45ee17a454,L3,Tweet
0b238074-5bd7-49ae-8f36-a862203e7bcd,L3,Tweet
0b26410b-5f1d-48fd-a26e-105a85791196,L3,Tweet
0b3dd8a3-1478-4593-a0c3-73155cc5c4bb,L3,Tweet
0b48267b-f5ab-41d2-bfd7-f64feae25877,L3,Tweet
0b72204b-58bd-472e-a457-c2583e800c66,L3,Tweet
0b7633d5-d37e-47d3-bde1-02e14618f6b0,L3,Tweet
0b7a4ee1-8d7f-4f14-94d4-92cd1691ceda,L3,Tweet
0b806afe-4d4d-4513-aff9-635c7dcb8ce3,L3,Tweet
0b89ea21-51c5-4aec-a5f5-3ac446649884,L3,Tweet
0b9a30e7-7e7b-4bc8-99fe-11c345da58ef,L3,Tweet
0ba2d56e-0b5d-4a20-8e70-0f679d541d9c,L3,Tweet
0bab12a9-a3dc-40b5-8b7e-32954598642e,L3,Tweet
0badeb5a-3597-4b98-8bfc-7a6441947e36,L3,Tweet
0bbc267f-b42f-458b-9e4a-2dea4035fd67,L3,Tweet
0bbee812-375f-4c05-8a4e-f7dda4eb1db9,L3,Tweet
0bca20e7-fa9d-4f85-bf19-5d527da6f3d2,L3,Tweet
0bce4331-4952-4106-b0b9-247c059bcd4a,L3,Tweet
0bec7268-5d98-4364-bc77-4d78524632e5,L3,Tweet
0becaaf9-2d04-442d-96d6-e8add8af9335,L3,Tweet
0bf253c6-4fb1-4792-9488-c3e05b6a81bc,L3,Tweet
0bf3177b-ee3c-457e-9dc9-845c74614718,L3,Tweet
0bf37cd6-12e1-4c0f-a68f-691ea63c1dff,L3,Tweet
0bf69dd5-ee48-4fef-9007-3c1a5a09b212,L3,Tweet
0bfa7ffe-6d24-49b9-a0bb-eda2f3d9d043,L3,Tweet
0bfbb74c-6851-45ad-b676-3be33b657476,L3,Tweet
0c0ec9b0-cdde-4648-852a-d80e568a8e63,L3,Tweet
0c11e99c-75d1-4dea-bcc9-b44f6a8e326c,L3,Tweet
0c1d9143-1aa9-44fa-80ab-ff84ff3ab1a4,L3,Tweet
0c2c189f-4e59-4e7f-9ae4-606f5618fcba,L3,Tweet
0c37287b-6581-419c-998b-fa526319bd0b,L3,Tweet
0c44ad1c-de86-4f96-8efc-e5f312644d85,L3,Tweet
0c495e1f-bd76-4dee-84d0-0977802c6b6c,L3,Tweet
0c4ba0b7-f022-433c-b5ca-3bcb8aaf990f,L3,Tweet
0c4d1f06-99af-48c1-a894-32f570890342,L3,Tweet
0c5e4573-740d-4889-afce-36e3600506a3,L3,Tweet
0c5eb391-9036-437e-9617-d08974f84e26,L3,Tweet
0c65fa5f-af91-474a-8ab9-77a1315e3065,L3,Tweet
0c6adfd5-d905-459c-a157-104175021d48,L3,Tweet
0c70fcab-c654-4226-b148-d4f4a24b9b1f,L3,Tweet
0c8e65e8-54ae-48c7-b198-3a8f3fc41d5b,L3,Tweet
0c97e568-e637-4e3b-ba8c-d77eb9b8bede,L3,Tweet
0cb153aa-62b6-4140-b45d-7ffffb3362cb,L3,Tweet
0cb679ec-ec4e-405b-972f-d9f71b2b5a34,L3,Tweet
0cbe2458-e14d-4b33-a6ee-9164a8e9d50e,L3,Tweet
0cc94b47-3abd-4f81-864b-ff40339a34c6,L3,Tweet
0ccc1e39-14d3-46af-ab37-9429a7c2f125,L3,Tweet
0ccf2d3f-ed12-496d-a332-f52e4fd2997b,L3,Tweet
0ce568e3-b8e0-4740-a33b-64df1d56154d,L3,Tweet
0cedf400-57d3-4c4d-87e4-2e86c458603e,L3,Tweet
0d049f2b-689a-43ca-b63c-041428ca05f5,L3,Tweet
0d0f8f64-5bff-4cb5-86e8-ccf923ae7d6c,L3,Tweet
0d221541-0695-43b5-a98c-a5fc8ebb4f89,L3,Tweet
0d23a485-172b-470e-8374-df2a10d00d08,L3,Tweet
0d4b3b3b-6ee3-41a2-9edb-ecb79136b1c8,L3,Tweet
0d617fa5-d621-41e3-956f-e7de1cf05c07,L3,Tweet
0d66ba61-982e-4e66-9ffd-48ea3b1bc67a,L3,Tweet
0d747f39-9c23-45d2-8592-3cc125cf4f7a,L3,Tweet
0d7d51e3-fb1d-4e6a-8da3-2394b249ce23,L3,Tweet
0d7e4a91-7df9-468d-8b17-8d64122ab7f9,L3,Tweet
0d82c24b-48c7-4802-a7df-e19872928a0e,L3,Tweet
0d8b5253-fdea-40f0-ab14-5eb88aa3a9d3,L3,Tweet
0d8de730-3ce9-4ae3-a056-512e14990e2c,L3,Tweet
0d961b43-c144-46bc-89c3-48851db3f7d8,L3,Tweet
0d98a6fa-6908-48a9-be08-43f83d106065,L3,Tweet
0d9f8adc-804a-4ba8-8854-564e8700e12a,L3,Tweet
0dabdd16-d20b-42de-8309-0509a76421f9,L3,Tweet
0db25472-1493-479b-aaa4-cba4366cb05d,L3,Tweet
0dcd7ab4-a6e2-46fc-9a3e-4cfa86de99d0,L3,Tweet
0dcee0c0-268f-42c0-8e4f-9b646f70670e,L3,Tweet
0ddc9817-a8bf-494d-a71a-8bcebf668ed3,L3,Tweet
0de8653e-31fc-42f4-be85-b4eccbb7291f,L3,Tweet
0df583c1-bdf0-4234-9713-77d0b55bc63c,L3,Tweet
0e00517a-c020-4779-b905-c3b6d60361e8,L3,Tweet
0e11556f-4f00-4353-b7e2-46832fd21770,L3,Tweet
0e11bb8f-bae6-4b7b-8992-ae25e5cf0003,L3,Tweet
0e136ffb-087c-47c7-804e-ef614595e62a,L3,Tweet
0e23f5ab-4ade-4ef6-b5ef-dd34c73c8172,L3,Tweet
0e35bdd7-f2b8-41be-874e-126f75c727d3,L3,Tweet
0e42c455-e2db-49b6-80ad-099d6e1509cc,L3,Tweet
0e48b9ee-9492-43e4-96f8-a0087add265e,L3,Tweet
0e50dd50-7e13-43e6-b5f5-82726d45c823,L3,Tweet
0e55a30c-7496-463b-8922-7344b82c0e27,L3,Tweet
0e67a245-64e0-4f94-916a-0fcc557f80db,L3,Tweet
0e6a3863-6241-4c17-a2fc-0955abc749f7,L3,Tweet
0e6c88db-0de5-4a42-8337-8f60e965dc7b,L3,Tweet
0e8112fc-aa0a-4155-b25f-122ef97c57fc,L3,Tweet
0e849f56-9f37-4276-a9d6-3abb103a28d5,L3,Tweet
0e84ab41-f2b6-4fae-840f-d86d2c47d61c,L3,Tweet
0e885770-0b37-4679-84d5-75dee6983ebe,L3,Tweet
0ea95436-800a-4ebd-8c7a-c6fb36972b48,L3,Tweet
0eab1072-cab2-4cc7-8682-b320bcf86ca3,L3,Tweet
0eab79db-0b68-44fe-bdd5-7a7167658358,L3,Tweet
0ebef8a0-0703-4fcf-beb8-d179e7092d12,L3,Tweet
0ec4f3c3-67c9-4bb4-9565-fa71c38af7d3,L3,Tweet
0ec78e34-0ae2-42de-9157-99532d9390a0,L3,Tweet
0ed345f4-18be-47a8-b081-ecf7fb1408dd,L3,Tweet
0edc56c6-b8f4-4369-9c18-6c96fff3ddd0,L3,Tweet
0eeb252f-bb6a-4dac-a4e1-2f9f89f700ac,L3,Tweet
0eee9904-b136-454f-bf70-b93f260681aa,L3,Tweet
0f069df7-443e-4c96-92ea-16ec60a695cf,L3,Tweet
0f0a6fa9-8142-4d25-8e0b-3b3ec1b93f96,L3,Tweet
0f0daa95-f201-4e3a-8bf4-61f48c04e36f,L3,Tweet
0f2a082e-5a49-4b5b-ac6e-de4cfc517184,L3,Tweet
0f2b9fe9-feef-424b-8181-e4246781c370,L3,Tweet
0f39460f-45fa-4b91-9291-b7bdcdcbd93c,L3,Tweet
0f51b15d-d323-4b4e-8c71-cb70db4a24d9,L3,Tweet
0f623c65-950d-4548-9e62-2ed9bd6016bd,L3,Tweet
0f6dbe1a-679f-413e-8665-d7c2554764cb,L3,Tweet
0f716788-a164-4061-9fca-e33dd5cee0b0,L3,Tweet
0f73cf36-a488-49cc-a2e8-86fd30381b60,L3,Tweet
0f747e08-c481-4b6a-ae2d-707f34f913f9,L3,Tweet
0f78c758-a953-4c68-a34a-11cbafac1661,L3,Tweet
0f7b330c-441a-4c9b-9923-289982869731,L3,Tweet
0f7f9a41-8689-44bb-a438-ec73211a9960,L3,Tweet
0f8089ad-a6a2-476d-84b8-406078cbbc7a,L3,Tweet
0f8246f0-88c7-484a-b12d-878c31bd245e,L3,Tweet
0f8387cd-991e-4073-b1e3-ce45b22ceb9e,L3,Tweet
0f9790c5-db58-4a5c-bd14-e44d9ff0d2d7,L3,Tweet
0fa37153-d227-4595-bdad-1015cd5f261b,L3,Tweet
0fa63775-dd06-4ed4-b0de-73253e7faba0,L3,Tweet
0fa798d3-99a5-4b22-91cf-8031516273e3,L3,Tweet
0fa8013b-125f-4dda-834e-1d88f1db6cf2,L3,Tweet
0fad4725-630a-40b5-bb7e-65d3f2ce2881,L3,Tweet
0fcff17e-8f62-4f32-b439-bada290846a0,L3,Tweet
0fd96711-ae8d-4dd5-b327-3c672bc94f15,L3,Tweet
0fe21457-5e29-448e-9e3d-243826f40c74,L3,Tweet
0ff781ef-bb5e-45be-b627-9a3cc9ed7da1,L3,Tweet
0ffb7123-ff51-4faa-8be5-524b0c866baa,L3,Tweet
0ffe3e39-1d91-4d7e-acb1-138b4a910aae,L3,Tweet
0ffed319-fe5e-497e-a40c-a7a563697184,L3,Tweet
100b71df-6426-451f-a22d-2fde32713657,L3,Tweet
100f0deb-62cd-466d-8afe-feb41409ec35,L3,Tweet
1021022d-115e-4220-8454-19ccc175b684,L3,Tweet
102f820d-4adf-40db-9816-ea54f3da6605,L3,Tweet
10324180-1876-44b5-8d9d-337fdfa0147e,L3,Tweet
10388723-fd82-4a4b-86fb-b3d3d6588e7f,L3,Tweet
103a77f0-fdac-42e8-bf94-54109a31173e,L3,Tweet
103d8c88-6b74-4526-a370-d77a7290faea,L3,Tweet
10456532-f184-487c-86b1-2bc0ca8ff5db,L3,Tweet
104ac6ec-0df8-47a9-9a71-1ab34762e9e1,L3,Tweet
1050d134-00db-4ba3-bca6-bdf06ac583c9,L3,Tweet
10524a55-d3d1-49f4-9f1d-34b584fef819,L3,Tweet
105548b1-de56-499c-93a8-b54a97b55aad,L3,Tweet
1063afa3-faf2-49fd-a93e-8a54de71d67c,L3,Tweet
10671327-dcc2-40b6-b704-8fccc6aacc0e,L3,Tweet
106ad3fe-67dc-417d-95aa-a444692eb32d,L3,Tweet
106fe485-9b03-468c-931a-2437378e27f4,L3,Tweet
1087acc5-ac38-4825-a269-cfd556c194b5,L3,Tweet
109c8b34-6ac0-4e9c-b745-030d27fbdf31,L3,Tweet
109e8981-f662-44cc-9bd0-1ad6ceada32f,L3,Tweet
109fd068-80a8-4101-a2f8-cf35a3eed31e,L3,Tweet
10a69374-bf52-492a-ade3-d27c0a90fe2e,L3,Tweet
10b6fca5-06cf-4d74-8bea-8e25fd3fd7ca,L3,Tweet
10c2414b-feef-4e2c-94c7-aea27282f64a,L3,Tweet
10c7b848-33c7-45e3-9c9e-97bf0c710b22,L3,Tweet
10e151ea-cbf9-424b-a367-5531535e29cb,L3,Tweet
10e313cd-7230-4e71-84e1-8c3b8554e0c8,L3,Tweet
10e6f31d-c878-44dd-9fe7-80c8c5fa2818,L3,Tweet
10f075b8-0cd7-46c2-a8c8-22571df18bc6,L3,Tweet
10f297d6-d1c5-4307-90a1-545f84be3fa4,L3,Tweet
1113f3b6-5eb4-4b50-b416-d58f8434039e,L3,Tweet
1117a89f-b98e-4ba4-8ca1-0aa2538d07f5,L3,Tweet
11187c50-15ce-48cc-8161-247f2038e2c9,L3,Tweet
1119025f-c0e7-4346-b8bc-90248e948f99,L3,Tweet
1120c157-39b8-4949-83be-0722fba8054f,L3,Tweet
11240268-f97f-4300-a9db-6b2e5ca6cbb0,L3,Tweet
114afc55-eb15-445d-9305-e9a1d74db115,L3,Tweet
114c6970-2def-4455-8c29-20e7f1ed54b6,L3,Tweet
11504cba-fa9f-40e0-ad00-db406bf7ea86,L3,Tweet
1156e9b0-fb15-4596-a8ee-c960855f3f45,L3,Tweet
1159a082-f698-4ad6-b2ad-ba2170d0e1ec,L3,Tweet
1160285d-f009-4c8a-b9bb-47d69d0819bb,L3,Tweet
11636c4f-651e-444e-95f9-1adc1a6bcd6e,L3,Tweet
11697d75-8d02-464b-a582-b50f39aca116,L3,Tweet
116b8122-6412-4922-9992-f6d157839715,L3,Tweet
11703b61-64ce-4756-b5d5-bca8eedbaf45,L3,Tweet
1177a798-5281-4595-bd9a-b809c04579cd,L3,Tweet
11808eb8-e0f8-48e2-b90a-23ce4867fdc4,L3,Tweet
118c14c6-f335-489e-964f-15c07c5fe796,L3,Tweet
118c1f4a-4b2f-443a-b918-a16fdf6fdbf8,L3,Tweet
118f098b-4ded-4725-82b1-e8ca40046692,L3,Tweet
11900bfa-9906-43a3-b2be-8d10d7a68400,L3,Tweet
11919c44-059b-4324-9aa6-0101d29860ca,L3,Tweet
1195fdc7-5b78-4175-9c15-61f726c163d3,L3,Tweet
119b1fd4-b519-4206-ae7b-06b079af9de8,L3,Tweet
11bab479-0e69-416e-9ef4-6455b42cbcd1,L3,Tweet
11d3a113-143a-4260-8dcd-8f5bb82c4ce0,L3,Tweet
11d63bd4-c299-4e3d-8523-c048281242b5,L3,Tweet
11d66678-a56e-4ea7-b36f-7bc754788794,L3,Tweet
11d859c2-6594-4980-beb7-0e66d3986c18,L3,Tweet
11db637f-bf73-459c-ade7-87fcdd2fb76c,L3,Tweet
11ed02b3-02cd-4c2a-9bf2-3b3f06ef85fb,L3,Tweet
11f7d8b2-b95a-4b4d-9e0a-6485fdca0a14,L3,Tweet
11fbb9c2-f43b-413e-8cca-514ac06bafde,L3,Tweet
11ff755e-ce34-464d-a7d5-17266a316dcb,L3,Tweet
11ffec44-44f5-4bc8-bf87-4dc07a28977e,L3,Tweet
1209a2b0-c34b-4077-9fa4-63d735b2f5c0,L3,Tweet
12169af2-db0e-4be5-a41b-92e297256cd8,L3,Tweet
1223b2f3-6ce3-44be-87ee-b3c59d86a34e,L3,Tweet
1224ba39-72e2-4173-8814-ffb675d9de1f,L3,Tweet
122e5c29-50ec-4bd9-8552-4316f6829a70,L3,Tweet
122ebb94-32e2-4acd-b5d6-f4e5257ee367,L3,Tweet
123153a4-725f-49e8-afed-97731a821038,L3,Tweet
12367b9c-793f-4c41-9ae7-4689525b49ba,L3,Tweet
1254e9fa-ccc1-4c88-bf5b-cec052ced601,L3,Tweet
1259a368-d33d-4f48-9f93-23918388fd98,L3,Tweet
126bc052-25c4-4bbd-b491-f496b66a9ddc,L3,Tweet
126f6af3-6258-45ee-b1e0-f6d5e6e4bcb9,L3,Tweet
127aa44e-9f2f-46c9-babe-6fad1f56b42e,L3,Tweet
127caa44-891d-436d-bf5f-7a311cd8cb23,L3,Tweet
127f1679-d987-43ad-b418-380e448fc71e,L3,Tweet
12835bc1-5807-4ef2-a2e0-a71df03c5fb9,L3,Tweet
12887306-b7b3-4af9-b966-ca0d45c29c9c,L3,Tweet
12962c9b-3fbe-4866-bb80-1ef90285013e,L3,Tweet
12a094ac-ba7c-498c-be95-ea31796e74a4,L3,Tweet
12a10a09-d366-454a-b1a4-2a8880a1ba1a,L3,Tweet
12be49c0-dc45-408a-a310-fe29f86d288e,L3,Tweet
12c59314-71c8-4b78-8254-353176768233,L3,Tweet
12c5b5f2-dbaa-4026-b6fc-19101362d257,L3,Tweet
12c7c0db-d9c2-449b-baf7-c703fd8923dd,L3,Tweet
12c7e70d-a4be-46df-b524-1c7d98e0aaea,L3,Tweet
12e504dd-b7f9-4d99-87f1-51985a77542a,L3,Tweet
12e55731-617a-4bd8-8bc9-84ed74f30605,L3,Tweet
12e677c4-6511-4b74-962d-f065f9679a7f,L3,Tweet
12e866c1-76f0-4b04-b142-dd21d9b86c08,L3,Tweet
12f6e585-afaf-4c65-8a7d-38feb1db59aa,L3,Tweet
12f86116-2568-453c-b3cf-b8f7093d86ca,L3,Tweet
12fb45df-40e5-4643-a650-bfaadeadfdd7,L3,Tweet
1328f131-e84b-4edc-b8ad-0e56ff81f40b,L3,Tweet
1337e07f-8701-4be5-b101-a56149ad800d,L3,Tweet
1338f25c-ea04-4a22-a9a5-bd698fc771c5,L3,Tweet
133d6cd6-f26c-4d16-ab9e-513a8741f5c1,L3,Tweet
134925f7-490a-482b-a29c-dacc1a4700c4,L3,Tweet
134e4be9-3b2d-44e7-9e5c-6935d17c2f07,L3,Tweet
13505f1c-20fe-44fe-b8c5-1ebf56e59407,L3,Tweet
1379edf6-60a4-44c5-a65c-ff4461814f55,L3,Tweet
13877d2a-c0ad-4e46-98ff-5508534b7ff2,L3,Tweet
13888f92-ac1b-4fb9-b98c-4e8c3b9bd820,L3,Tweet
138b9fbb-612c-40c8-8b4b-0a056c39434d,L3,Tweet
138f1ad5-5bec-4bac-a4d7-c94336335a5b,L3,Tweet
13906795-4f8b-4241-a785-bb3c70702ccf,L3,Tweet
13939e36-5d5f-4bbb-a993-43fe067e40db,L3,Tweet
13951d90-f06e-4123-b955-ca77a6d5a791,L3,Tweet
1399a9fb-ccfb-4477-bdd5-d69aeb9fd2b7,L3,Tweet
13a1b61b-8b22-4107-ba8c-efb7000370f0,L3,Tweet
13a39309-dc14-4912-a666-c51b38a413e8,L3,Tweet
13a461f0-e51c-415f-aba4-993d05a2450b,L3,Tweet
13b66ed4-c65a-4c8c-8e65-1ffe29698604,L3,Tweet
13b8c0e4-d108-4347-875c-2b34207042ab,L3,Tweet
13bef7cb-9b97-4d1a-b4e2-439872550487,L3,Tweet
13c27efa-69ce-4cf7-98e0-b1b4a9da82ea,L3,Tweet
13c84c91-4150-4bb6-bcff-7df695abd40b,L3,Tweet
13dbe9b7-f41d-45de-ba4f-6ddd71ceb14b,L3,Tweet
13f9997d-45aa-4bf2-8d93-78fa407046c9,L3,Tweet
13fb9536-b2ab-4432-87d6-05fccbbb4218,L3,Tweet
13fdb364-048f-45b1-8ccc-7a1e07fcfc71,L3,Tweet
1401a7fe-084e-4945-a937-7a9d2f8aebb4,L3,Tweet
1408af0d-a83e-4385-a2f1-8fbffcc886eb,L3,Tweet
14163cf7-e82b-4bbb-ad09-23a4c9ddc657,L3,Tweet
1416c4a8-fe1a-40f8-9c04-a8486fcbc0fa,L3,Tweet
141af119-7c3c-465e-b079-ae7a504888af,L3,Tweet
141d6d76-66e9-4c6e-ac2d-ebf2d7f36391,L3,Tweet
141e0a1b-5a9b-4ed0-b557-29c915312a75,L3,Tweet
141ebc3e-8483-4645-b559-0f9a57bd15f7,L3,Tweet
142664f3-0ebe-4926-b26d-1bfdac2025d4,L3,Tweet
1434cb5c-63ab-4415-a899-aabf7fbe881e,L3,Tweet
143d1a8b-bf05-4b1d-a8af-e52cdef2caaf,L3,Tweet
144250ec-a276-4640-902e-da77c6264324,L3,Tweet
14487e53-960c-4d51-9049-dca41fe466b6,L3,Tweet
144a8b70-c1ba-4364-a929-326656f25c91,L3,Tweet
144b8dab-c55e-4991-adc4-162d16288205,L3,Tweet
144f3e3f-c144-4c7b-b1fd-978548b77e5d,L3,Tweet
1454d6fa-5eb4-4701-a3c2-e20f04c1aaf7,L3,Tweet
1462f1c4-93c8-4841-9ec0-4eeb68d9a5b8,L3,Tweet
146770fa-d537-4d25-8ec6-6cb9cb324dd2,L3,Tweet
146a6496-e31d-4cf9-a8e8-bdee79e6393f,L3,Tweet
14713ffd-ccbd-4b46-bbc8-162c274c8550,L3,Tweet
1472c0db-5f7f-46ad-8fb8-861a28814286,L3,Tweet
14731952-470d-4520-8c30-5a8bed001174,L3,Tweet
147fc082-63b9-4751-9ff6-9ac1a02d7cfb,L3,Tweet
14839288-c286-45e2-8013-1e6e4c13752d,L3,Tweet
148e9709-6ac9-4ece-8c5b-5aee00ffc5c5,L3,Tweet
148ea872-5a94-4916-afa2-1a06d3d9f3f2,L3,Tweet
1491c119-1286-4b29-8782-cf6cfd9b92a1,L3,Tweet
14965282-eb83-495a-8be9-a9828e150d12,L3,Tweet
149fcfc0-3bf5-4924-8de9-e25d5b312464,L3,Tweet
14a2a7d2-518b-437c-8def-f4a2e7bb175a,L3,Tweet
14b10ae2-b59a-4bea-9372-1552c58f7e2e,L3,Tweet
14b335e4-b216-4781-9e90-ad9e3263e349,L3,Tweet
14bb6b38-46b2-4de5-992e-a72b492ae8c1,L3,Tweet
14c34325-9a4c-405e-a6be-f9cc936b616d,L3,Tweet
14c8ea97-53b8-402f-bfff-62a0035d58d6,L3,Tweet
14d4b1a7-0509-4c83-8eed-14727398d27f,L3,Tweet
14e5c397-7c3f-4e99-b3cf-4c29b1b77149,L3,Tweet
14ee4451-6cf9-47fa-94b7-495b6985ab55,L3,Tweet
14f77fac-a278-482d-a6a1-453b97a48d0f,L3,Tweet
15043adf-bb27-475a-a63a-2182de4fe33b,L3,Tweet
15077d1a-2a81-43c1-9987-12894073ba47,L3,Tweet
150a7a32-d98c-40bb-af5e-a6f9bf319e0b,L3,Tweet
1527102e-bf2e-480e-8e21-03994df1be27,L3,Tweet
15274dd9-6bac-4752-8df7-5aaadf4f2772,L3,Tweet
1537962d-c231-4dba-b7af-a0cf32096cff,L3,Tweet
153cd594-7c4b-4458-9bb8-b575df3f3220,L3,Tweet
1545e415-a13a-463a-ae74-3cd186facd10,L3,Tweet
154b0e27-a139-4737-ba38-67e408e01041,L3,Tweet
155bed25-f6ff-409a-9dae-51be71396b8a,L3,Tweet
156a9711-9795-4d77-ac2f-892ad811dc9b,L3,Tweet
156fc96c-9852-40e7-89bb-f103e8a226fd,L3,Tweet
15717d23-4db3-441a-8da7-940f23e3489f,L3,Tweet
1580f9c8-e502-4a4c-a42e-d35f11d100c7,L3,Tweet
158db788-e9e9-4fee-acd6-4e764ceb9f7a,L3,Tweet
159853c6-fb6f-4970-87b0-c9d06255d6b5,L3,Tweet
159a9325-01e9-4662-b541-1cbe60f9207a,L3,Tweet
159e84d4-957a-470b-8c85-a71ae9239519,L3,Tweet
15a6475e-285f-41cd-88bc-81aefc562724,L3,Tweet
15a7d415-bfed-4841-8a33-e2d205775ee2,L3,Tweet
15a99b50-55df-4d04-aaab-5b0b5951f13e,L3,Tweet
15ad8d11-ea33-4b92-95f0-64a00132c7ef,L3,Tweet
15b95a38-51bf-41cb-8fcd-4f1293fd12cf,L3,Tweet
15bf93a6-542b-4bc7-befc-27f090688744,L3,Tweet
15c7e841-3c99-4a8f-b9a2-17ba639bea02,L3,Tweet
15c990ca-2073-425a-b274-f57e70b34d7f,L3,Tweet
15cb857e-5657-4856-b526-be131001a8bf,L3,Tweet
15d5970e-b93b-4049-a44b-e62e37e3c795,L3,Tweet
15d997dc-85ab-48ac-a2d7-6e89a681f9b3,L3,Tweet
15da2c47-d750-495b-8775-2fec60f67d7e,L3,Tweet
15f39c30-906c-443b-9f34-5ac786a8ad77,L3,Tweet
15f9b26e-9b34-4b94-a41d-8af58fa322bc,L3,Tweet
15fc2773-562b-4e87-b8e3-c799a7c58247,L3,Tweet
16098cdc-f137-45e2-b711-d58a861e11a2,L3,Tweet
160b69f5-a0fd-48d6-a6d3-3f64f2168a75,L3,Tweet
160bd8dc-824e-4252-a65e-482be8fee471,L3,Tweet
161e2db8-1cf8-4d31-aae6-38bab791bde9,L3,Tweet
161feb36-2b4e-48bb-b3db-6e99239eda5d,L3,Tweet
162338ff-52a0-4dfc-b7ec-67382644fd54,L3,Tweet
16420e68-86d5-41e0-aa05-dc3d927d97ef,L3,Tweet
164dfd8d-70b8-4310-b262-40c8000b223c,L3,Tweet
1672e130-d7b9-4269-a7cc-f1f883de63f3,L3,Tweet
168e4897-12cf-4c05-99e8-639f6ab87d4a,L3,Tweet
16ad164c-2daf-46f5-95a0-b3a3d48af2b6,L3,Tweet
16c28fed-1bde-4f58-9680-0949be0f7d7a,L3,Tweet
16c43322-972e-4819-8467-1d46188a5e7c,L3,Tweet
16c68c09-ea31-4925-a336-ee550c5bf5a7,L3,Tweet
16cf0e12-2585-4b98-af15-26e61b8fe27f,L3,Tweet
16d598ec-cc83-496e-8309-67c58e5faab8,L3,Tweet
16d7c1b3-e8a1-4456-93bd-ddbc1114b748,L3,Tweet
16e0a05f-f28a-4bd0-9825-f31c3e270fcf,L3,Tweet
16f69271-0f02-4a36-af03-e4d4942f2614,L3,Tweet
16f8de41-5c20-4113-9d1f-ebcc2cf43f0f,L3,Tweet
16fe3b1c-57af-4cce-bb5f-15c82b284b07,L3,Tweet
170448e5-e465-4aa9-9bf7-e0b407165257,L3,Tweet
1722999b-6931-4f4e-8372-75f0576b6b06,L3,Tweet
1751cbcc-b7d6-4c63-8c96-6d6a8b774811,L3,Tweet
17539643-f443-4852-b701-45e51c639e9b,L3,Tweet
17638277-7f8d-4b36-8db0-721d205d6bb0,L3,Tweet
1773e9a2-036b-4fe5-9c5f-abd0b8dfae96,L3,Tweet
177fd564-20df-42d1-b710-03a926608cb0,L3,Tweet
17891773-7fb2-42a7-a69a-dc18fedbbfe7,L3,Tweet
17aa5031-caa0-4eb5-a2c6-b5410a83ed05,L3,Tweet
17b00d07-021c-4e9c-805f-960bbc0ce703,L3,Tweet
17bac176-bde5-42f3-aa48-5f20df6fd136,L3,Tweet
17c45e9c-75ba-41cf-b1b6-ca633fa7c871,L3,Tweet
17cc9e0f-04b6-4651-836f-381d06cdc5af,L3,Tweet
17d79bb2-f0dc-4c7a-964b-22b917ecd968,L3,Tweet
17e10745-a992-44e6-84b8-7d5af1fc8f22,L3,Tweet
17e331e5-c7f0-451c-9c62-051832ccb844,L3,Tweet
17e7fe5f-b84c-45f3-9ce1-85c117cd2010,L3,Tweet
17ef0c02-b3dc-42e5-a10b-623fce373910,L3,Tweet
17fc8080-7841-47f6-b35a-b22d44f8e901,L3,Tweet
17ffe782-5d68-4f5f-9002-d005e52cb605,L3,Tweet
181338a4-6322-4343-b29c-f1f2a21390f3,L3,Tweet
1819c5c5-f2e2-4bfd-bdd5-47fd2470ee49,L3,Tweet
181f46bc-d432-4a68-af74-abdf7bc62bc9,L3,Tweet
1820fb52-9c4b-48bd-b87f-78463fc11262,L3,Tweet
1821feb2-097c-489b-87d2-a67a655126b0,L3,Tweet
1828c409-3745-496e-8d8f-43e948e26442,L3,Tweet
182d90ac-b0f5-4f8d-832d-694dbad2cc2f,L3,Tweet
183a38ae-90cf-4fdc-8000-aafd7e146605,L3,Tweet
1846b817-710c-44f6-bde4-fdcf47ccc4ae,L3,Tweet
184af95f-d6d4-4f8e-97b5-869e1083c8a4,L3,Tweet
1850f008-f5c1-4e1b-983a-aab3b231f876,L3,Tweet
185b458d-0c6b-4d28-aeb1-fd1490624605,L3,Tweet
185cd530-855d-4b81-8f07-ee731b557cd1,L3,Tweet
18681af0-d485-4138-889a-1eb8ed3e3a72,L3,Tweet
1886038e-f6c0-4d90-8638-f7443ca14979,L3,Tweet
18868b19-60a1-4ebc-bf80-d0fe6b586726,L3,Tweet
18871a0b-c3fa-4686-834e-6b92fbf86ee9,L3,Tweet
18924e78-76ae-4ed9-acf8-3c7dd8c9f2e8,L3,Tweet
189a0905-bda4-4685-8594-aab39e68b4a8,L3,Tweet
189b92e7-bea5-40ce-bf5e-546273101a98,L3,Tweet
18aa08b3-6d5d-4cf8-8fee-cfb95744fbaa,L3,Tweet
18ab25b1-15d0-4a8c-99a8-9998e7588b3d,L3,Tweet
18b7ff1f-1256-4815-ae5f-50f4343cf99d,L3,Tweet
18c03aaa-5cc0-443c-a4b6-2cee77a00871,L3,Tweet
18c7af38-5b5c-472f-9494-19bdcce3ffdf,L3,Tweet
18cb9dd9-fa86-46e1-9506-bc44a8d5b481,L3,Tweet
18dda8e0-e7e8-41df-a190-5c02d5e63654,L3,Tweet
18e6551e-e3d5-4bb1-89be-865200fc05fa,L3,Tweet
191c21ee-3414-4a49-983e-608b2a57e480,L3,Tweet
191df2ae-8622-4c26-a59e-9341b6f6078a,L3,Tweet
191e6fe5-dc58-4e40-8aa3-3bddfcaf6c33,L3,Tweet
19381a86-e685-404c-ade5-50f6ac97ba1c,L3,Tweet
193b92d7-b837-45d1-a92a-ea45efb6b5d3,L3,Tweet
1948d8f6-83a0-49c9-8ada-d5271126dc97,L3,Tweet
19570069-c8a1-45a3-bf8d-482f925a8a2d,L3,Tweet
195899af-d83a-4721-ba30-b4a0ce98e88e,L3,Tweet
195f4c6d-dc37-4446-a396-2dfb4a810db6,L3,Tweet
1960c713-c909-42b6-b00e-8a88d5803907,L3,Tweet
1965809b-99f2-4e8f-b5a8-86c902a065b6,L3,Tweet
19670701-f181-4666-9d8e-19e2dfb070bd,L3,Tweet
1969d8e9-219c-4557-b803-03d567e5b32b,L3,Tweet
196cb5c4-faa9-43b4-9255-71ed656f3e74,L3,Tweet
197adfc6-5f51-48c8-bd69-53f95ed42bdb,L3,Tweet
19819653-8c2d-4415-a668-a792ea6591b9,L3,Tweet
198219c5-24bb-4848-a04c-5d2612c227f4,L3,Tweet
19869d6d-edfc-40ca-b7bc-d49d2f3cd40f,L3,Tweet
198a3fda-dc2a-4e44-94cf-4c717e5d357d,L3,Tweet
1996e77f-fa77-4afc-8d0b-218dfb517bf0,L3,Tweet
199c9400-f657-4541-94ca-8f4e671fb7a1,L3,Tweet
19a8ca69-986d-4457-8aa0-4bb040d244b2,L3,Tweet
19af7db7-54b3-4ecc-9bba-3438316d4046,L3,Tweet
19b49123-2d0b-47b5-acac-3992809f8ec0,L3,Tweet
19b79fd7-8a6c-4662-9b25-099e6a3d3a54,L3,Tweet
19c46d88-6da9-499a-8941-1aa61fca2f71,L3,Tweet
19cc7593-dddd-4535-88b0-3f28bae3c2ee,L3,Tweet
19cdcfa1-08d4-4780-922a-01abe638a887,L3,Tweet
19f0c868-99ff-4e36-8a10-e30c59fe73e7,L3,Tweet
19f8db88-dafd-4069-adfe-ae87e37528d2,L3,Tweet
19fbc0f2-6c43-4a90-aff9-5ea1de137053,L3,Tweet
1a05f7ff-e36a-47ea-8c93-93183f9d8846,L3,Tweet
1a073f70-bdc3-453d-9c10-f286d9860f5f,L3,Tweet
1a0938c2-caa9-4202-960b-ac8ffc42cf14,L3,Tweet
1a097ea6-6cc0-4aec-8f71-bed08b4ca485,L3,Tweet
1a0a03c4-3b2d-47e0-88a1-6574a5528851,L3,Tweet
1a1324c1-0ad5-4e41-8604-51cf80dfed89,L3,Tweet
1a1e0c15-f1db-4330-873e-3d3911b4497f,L3,Tweet
1a23a983-bcfa-4605-8839-3841af393632,L3,Tweet
1a23c5bd-8b2b-400f-93ab-c9c517ffeed4,L3,Tweet
1a3623ab-fa02-4835-ad64-74771d3a6f84,L3,Tweet
1a3d64b3-d2f7-4b45-9bbe-1e4548fc4d37,L3,Tweet
1a421abc-c3c5-4993-aaf6-9c0a90ddd402,L3,Tweet
1a45a367-19fe-4022-b851-3b5fe3f0477c,L3,Tweet
1a4e8a11-880f-42cf-b1f3-39dd737f5449,L3,Tweet
1a5e2bd0-5a21-4d3d-8c78-abbd5ac70b6f,L3,Tweet
1a627992-3857-45bc-b324-b9bae8847dc0,L3,Tweet
1a637f5e-d002-4d78-889c-03b31da45cf1,L3,Tweet
1a6b7e03-e0bb-4467-8ce1-afb2d8f81485,L3,Tweet
1a6cabd7-6945-4cdb-a912-b38ad4afc122,L3,Tweet
1a6d3c59-c266-4da7-85ee-8c9581b50c6b,L3,Tweet
1a76abf1-5fe9-4117-ab8f-728c13d66bc4,L3,Tweet
1a7b87b3-bcf8-4521-a172-b067c946d64c,L3,Tweet
1a7e34a9-8642-4d06-9da2-664498c07124,L3,Tweet
1a809a49-7b1f-4b55-a770-0e376516e391,L3,Tweet
1a83d7c4-79e2-49df-912d-3c3cf48a61b7,L3,Tweet
1a842b6b-1bb5-4a0b-ab27-8a9481c892fe,L3,Tweet
1a845966-be3c-43ab-81b6-db5ef689213c,L3,Tweet
1a8b417d-d269-462f-9de5-f782d3d7f27f,L3,Tweet
1a9abd05-f81b-4bad-9fe0-0a9e3d97e643,L3,Tweet
1aa864bd-4f30-4fc1-a3ca-03f0bf595133,L3,Tweet
1aadaa0b-178f-4452-85b2-cc2e5eb95b4a,L3,Tweet
1aadf420-d471-4077-b53c-19fd554774dd,L3,Tweet
1ab5633b-1987-4af7-a305-bed452941233,L3,Tweet
1ab7ea75-b7b2-4cb9-861b-1ab9d3720c65,L3,Tweet
1aba5e55-8770-48a5-b13e-87972f062968,L3,Tweet
1abef93f-6041-438e-9a14-f46b2e8f0ad3,L3,Tweet
1adbe9eb-2df0-4e4a-9ee4-aba670312dc6,L3,Tweet
1aeb89d1-5de3-45d4-81a1-9ff3a2ba2ace,L3,Tweet
1aee1f36-f1c2-4750-9b8e-7f6eb45f8196,L3,Tweet
1aee2493-5f45-4a3f-9dfa-640037b34c05,L3,Tweet
1aee5fe0-ac3b-4626-9dc8-2da006364844,L3,Tweet
1b069eb9-09fe-4cf0-912c-a368dc44bf6e,L3,Tweet
1b210748-e2fb-4d28-ad80-9d56be764daf,L3,Tweet
1b2674a4-2ec9-4fa4-8a8c-2324231cfb9e,L3,Tweet
1b2689c3-a214-4cc7-bc5c-4a1b0501fe46,L3,Tweet
1b2f2d55-280c-4c10-9801-02ac02c3e38a,L3,Tweet
1b3a0807-9b57-480f-be57-7e1e702c2f0c,L3,Tweet
1b3efee7-dd6b-48ae-8cef-a557a79d0185,L3,Tweet
1b46761f-9879-4a04-bd22-30fa3d1804f1,L3,Tweet
1b5eea61-14d7-4462-b8b2-7ea0aefd1bb2,L3,Tweet
1b698247-ef90-4fe6-b7f3-11b914eef061,L3,Tweet
1b6ed8d3-2900-4439-bcc5-6e09c2b835d2,L3,Tweet
1b82a1e3-2b69-4083-8c16-b613dc079cdb,L3,Tweet
1b8338cf-dc4c-4112-b1b9-ac28061e4b0a,L3,Tweet
1b881551-4014-4989-98be-9cd172fddf1f,L3,Tweet
1b9129ff-c65d-4bb9-bf75-cb5786770e22,L3,Tweet
1b94edd7-3cc4-429d-8d54-06ef62d4df40,L3,Tweet
1b9a7135-c654-48a0-889b-c4f303972fb9,L3,Tweet
1ba548fa-8140-4177-a3e6-be2ec6b11f58,L3,Tweet
1ba97eba-d217-4e5a-a72c-8a121455e476,L3,Tweet
1bb0e8a3-18e0-44a4-a46b-40541f2e16c6,L3,Tweet
1bca55ba-c6c8-4113-bb75-eb5c1e0c4d72,L3,Tweet
1bcf18c9-01bb-485d-88df-7df33448a51b,L3,Tweet
1bf67f5d-ab07-4c45-923c-23aed9d9fbe3,L3,Tweet
1bfbccc1-65cd-45dc-943a-0ce925428f78,L3,Tweet
1c07719f-8690-4cbe-8d2c-4419f1db44fc,L3,Tweet
1c1fa530-7036-4595-9e0e-7c3ed47a7ae4,L3,Tweet
1c21330e-bcd8-4a1e-a41a-866f74d31439,L3,Tweet
1c2be8cc-708d-4253-9836-cfa9afc76202,L3,Tweet
1c33eb1e-8f49-4b1b-af8a-11e1ffaca3ed,L3,Tweet
1c37364b-a604-4af6-91e4-710875dc10a3,L3,Tweet
1c3fe8a4-11fa-40d1-badf-575666e71b3c,L3,Tweet
1c44e543-e3a9-48c1-b6e7-59771b950864,L3,Tweet
1c4b73d2-4fac-483b-b95a-391d43d2200d,L3,Tweet
1c5431ca-6458-4e5c-9186-8048f7d64034,L3,Tweet
1c57fcff-4cd9-491d-a64c-0600dd5079fd,L3,Tweet
1c5befa3-a274-433f-9e0a-3b6477eba062,L3,Tweet
1c6243b8-0d46-473c-9070-432e08bc7a78,L3,Tweet
1c656db2-f9c1-4827-aed4-fa73aa1486b2,L3,Tweet
1c7cc405-e385-407a-9de1-496b38e17438,L3,Tweet
1c7d5ea3-3758-4cf0-87ae-bcca7f390e4e,L3,Tweet
1c874796-0597-4cdc-8ad2-b06b3e8c0553,L3,Tweet
1c876bac-c8cb-4013-9f7d-4aed2ef75053,L3,Tweet
1c88c281-73d1-409b-b39d-bb1fa8d46daf,L3,Tweet
1c8df98f-c5a6-46f1-b183-f0fe0ed1f631,L3,Tweet
1c8e8222-d5f1-4a71-b403-bea3bb25ac51,L3,Tweet
1c96d1bb-26a4-4fd9-bdc4-6db8124ed71d,L3,Tweet
1c9f523b-c7c0-4f4e-9213-f0f6d183c04b,L3,Tweet
1ca3022a-9119-457c-aa6e-f357f24ca236,L3,Tweet
1ca36c25-56f9-4040-aa60-04dc0b5d74df,L3,Tweet
1cab9c86-33d0-460f-be00-43e0f56d3e1d,L3,Tweet
1caf3a34-7ca5-49e4-94bb-05ec8d545c1e,L3,Tweet
1cb35c7a-d58d-4bcb-a6b4-30fa38205dcc,L3,Tweet
1cb5d744-feac-4624-8cea-6ad73552bffd,L3,Tweet
1cbbb008-aa7e-4087-878c-c92db0c767df,L3,Tweet
1cc1e039-8a64-4de0-a387-b8ef371f560c,L3,Tweet
1cd8d36c-2d2e-46ad-9427-3853b0c0b2d5,L3,Tweet
1cdde9d3-c87c-4a64-a93d-044c27cd96b4,L3,Tweet
1ce219a3-ddec-4084-86ca-50f144585d65,L3,Tweet
1cf478dc-a914-4902-932d-d72ca8c6da56,L3,Tweet
1d032350-3bb2-4b5b-a465-98ec144d723c,L3,Tweet
1d08043e-eaa8-4706-ab51-97ba1ac93620,L3,Tweet
1d0904f3-4df1-45a0-b054-94fc63da2774,L3,Tweet
1d290cdc-e320-450f-a45d-6705722983b2,L3,Tweet
1d2dd750-1725-4de5-a439-68c1bd5dbb0f,L3,Tweet
1d3fb65a-f610-4e05-b73a-d67d66820c85,L3,Tweet
1d50be6a-4193-4f70-8d80-12b8fae642c2,L3,Tweet
1d535fe4-c206-47c1-86c9-dd4ce188a6f3,L3,Tweet
1d56d4de-5055-49b8-96b5-56f1abc47012,L3,Tweet
1d5807f1-dc27-47b5-95a6-9260769fa31f,L3,Tweet
1d5eb826-02a4-4d39-8b00-815b4c0edaf5,L3,Tweet
1d6d6185-2fd0-4db8-9dc2-2bedb1990f56,L3,Tweet
1d6e3aec-8ca2-42c8-b6c8-0a3b12e0b547,L3,Tweet
1d714b7f-f545-4d46-b074-dc8c1435dc89,L3,Tweet
1d7669ff-2369-483a-8121-f076be076bcc,L3,Tweet
1d845f32-f233-4d69-b7d8-791fead64c3d,L3,Tweet
1d86b987-4ce5-4481-8214-03708caecc79,L3,Tweet
1d966d7e-31e7-4a7f-8a77-1a8092df1e2e,L3,Tweet
1d981d37-1579-43f2-a472-6959b6f9891e,L3,Tweet
1daf8f17-875a-4d61-97ec-b9d487c883ff,L3,Tweet
1dd6e324-3289-4201-a29f-4d01d2aa4f80,L3,Tweet
1dd8856e-ae5b-407f-a077-938113cb4453,L3,Tweet
1de3e097-cb9b-4102-b2fc-078a7f9342a2,L3,Tweet
1df4a21d-4337-48a5-b23b-ec307c437ec9,L3,Tweet
1df8570b-31e4-404a-91c0-0d1ea9915a1a,L3,Tweet
1e0228f4-d7a2-4db0-8f47-db04a68b0790,L3,Tweet
1e07fb75-6455-4780-b047-9b39ea9c8e75,L3,Tweet
1e125057-808e-4553-b339-5e68b91dd460,L3,Tweet
1e161537-7a37-4a4f-b98b-2ea55bd8cfb2,L3,Tweet
1e1bbd50-1bdf-4f7b-b3d7-228a5d1b7db2,L3,Tweet
1e2c50c3-811b-4596-ac05-e892d36910e3,L3,Tweet
1e30d316-e41b-4f11-bb57-9e193625d42e,L3,Tweet
1e387e5c-4eaa-4d58-9ab0-bb1aca53b583,L3,Tweet
1e39d71e-b04d-4b32-af0a-38cd67fd1ca2,L3,Tweet
1e486faf-4ff6-43f1-a7b2-7daf3f718713,L3,Tweet
1e490f96-1c9c-40be-8a5d-99c45f63a5f6,L3,Tweet
1e559f95-8a9e-4db3-80d5-dc516503e221,L3,Tweet
1e595525-bc88-4957-adbd-3ec9d3b8ae1f,L3,Tweet
1e6440ce-478e-44a5-91f2-18c9e03ed0fd,L3,Tweet
1e851449-3933-41aa-a818-2ef373222437,L3,Tweet
1e91235d-444a-43c7-aa46-e3acf657096f,L3,Tweet
1e98ec92-041f-46cf-ac9f-f722999874be,L3,Tweet
1ea64f50-fa47-4870-9d96-6f03da4603bc,L3,Tweet
1eacca93-50da-4c21-b8b5-c1ee06f0c151,L3,Tweet
1ed36b3d-b644-421d-8ef1-05f6248ec7d4,L3,Tweet
1ed907b7-815a-4afa-baff-42bd351a90f1,L3,Tweet
1edb2dad-2b6a-4f23-b4e4-24a2e987d57b,L3,Tweet
1ee61d92-59b9-4a50-8aa0-f0689440910d,L3,Tweet
1ef4a882-e6e6-4528-bfbe-dafd33fa5241,L3,Tweet
1f0bb877-469e-4cae-915e-b185c5387f03,L3,Tweet
1f1078ce-21f6-4024-a233-fd83f3cead5e,L3,Tweet
1f23e28b-86c9-4457-9572-989c543fd88c,L3,Tweet
1f31f2e6-845e-4bb2-9ff7-146766180bc4,L3,Tweet
1f3f44f5-07bb-4d42-bc75-fb3be33f3d3c,L3,Tweet
1f46b433-4fc2-4e2b-a8bd-62dbc9470b94,L3,Tweet
1f4f2b67-67be-46b0-9b1d-c0a5569d686e,L3,Tweet
1f598fd6-a8ce-445c-9b9a-445f4eaa09fd,L3,Tweet
1f612b6a-c0be-41a6-932e-14ac8b222405,L3,Tweet
1f61b7c8-d7d0-41f6-870f-733128f110a2,L3,Tweet
1f77da38-972d-4c1d-a886-9caf440b77b2,L3,Tweet
1f7e117c-b8c1-46b8-a3ef-d628ddacee3e,L3,Tweet
1f8aece4-74a1-4f7a-a0dd-d62efefd3bed,L3,Tweet
1f8bad39-695f-46ab-81f9-cdf8643c1040,L3,Tweet
1f8da9e8-2c3c-4e3c-9d0b-cbc6ee81cc97,L3,Tweet
1f978a4b-1622-45aa-b8c4-aefc8f1436ab,L3,Tweet
1f9da999-f654-4d57-afb8-a3d5328480cc,L3,Tweet
1fa4136e-2ec5-4072-a0e7-e1bdaf57cc06,L3,Tweet
1fb8b839-91e4-423c-92a9-c4a01b065ded,L3,Tweet
1fd56bcc-79fe-44fe-9f40-16abd8ea8e5f,L3,Tweet
1fe3dd3e-8d87-4395-9800-fed8db6a461d,L3,Tweet
1fe8e4e4-1dde-4d61-87a3-2722d14a0f26,L3,Tweet
1ffa782e-f37c-4852-9cab-50cfc40224a3,L3,Tweet
200adf45-7de5-4907-9a96-ea07794a17cf,L3,Tweet
20159417-8c33-412d-a3d8-b52256f428f1,L3,Tweet
201bc955-732f-4668-b7a2-b1f92f43c843,L3,Tweet
2025c7be-c1fa-4020-80d3-f0a763ea2255,L3,Tweet
2029c03c-46d8-4036-961b-18dbaeb2314c,L3,Tweet
2029cef9-3416-4abe-bb0c-1fe1272b81dd,L3,Tweet
202a28ce-f07f-484c-bc61-043164e81be0,L3,Tweet
2046ef74-6c93-4e8f-8bb2-b051c71755cf,L3,Tweet
204bb80c-8d3c-4088-99d4-6ee31189cde9,L3,Tweet
20524af1-52e3-4cf5-9044-8d9351fd8511,L3,Tweet
2056359d-2b49-45a0-8b0f-d5c7890faad4,L3,Tweet
20570377-592b-485d-9fbf-1f05207285f1,L3,Tweet
20589863-a5e8-4775-a071-5ce2dbb5661c,L3,Tweet
2059fe44-acfa-402e-9d6f-5c834caf577a,L3,Tweet
2063f07d-3e21-434d-a7dc-614aecf553a9,L3,Tweet
2066cb0e-de5b-40c4-92ae-b272734835c2,L3,Tweet
2067d07c-8167-4bdc-9b25-5bf9d089873f,L3,Tweet
206905c0-d86f-4824-867a-0330b7916fcb,L3,Tweet
206bd081-edf4-4deb-b89d-ee43cda77752,L3,Tweet
206f6207-6bc7-4028-b71c-4aa0d6dc256d,L3,Tweet
20721da9-1103-4396-acdd-23f3b422604e,L3,Tweet
2074da3f-5141-493f-a32a-70884b616425,L3,Tweet
2076e442-fb4b-4b0d-b16e-634610355282,L3,Tweet
207a14d5-3760-41a5-8246-267cca7caf41,L3,Tweet
2086594e-654d-418b-81ec-49602a952d07,L3,Tweet
209db972-49d9-4543-bf8b-45731fe910a0,L3,Tweet
20a2478a-8918-4638-a324-59217ccff0c6,L3,Tweet
20a4fca0-8052-4490-9890-77274d8909a5,L3,Tweet
20ad89eb-21b9-46b7-ba19-1e705341919d,L3,Tweet
20b7a5b9-57e7-4176-b6c4-73de6e06177e,L3,Tweet
20ba51cf-b30f-480f-971e-5ba7c6100696,L3,Tweet
20bad7ab-4c8b-4c06-9a05-c206ba70914f,L3,Tweet
20bb7c32-635f-42ab-8165-51454bf1272d,L3,Tweet
20bf7485-6b4c-414e-a4bf-a1bec963410a,L3,Tweet
20cc9743-43b1-406c-8f9f-0853f84e5657,L3,Tweet
20ce8f41-dd36-4009-905d-2fd637062910,L3,Tweet
20d6f8ac-0f16-478d-99e4-3ce407b2b043,L3,Tweet
20dee2ce-daea-462b-8737-b6c72dfe20f0,L3,Tweet
20e2f942-0a8e-4f19-8780-6a4ffd7044e3,L3,Tweet
20f8fdae-44a3-4ae4-bb39-e607e6f924bb,L3,Tweet
210b3bbc-c164-460b-bee4-e887d29b3246,L3,Tweet
210d216a-3d9b-40a8-92ea-f445a1aabfc5,L3,Tweet
21124aaf-1d09-410c-addd-da6255d7b69e,L3,Tweet
2113e75e-2cc6-4399-b2a9-9dcf9a46e254,L3,Tweet
2117466d-4900-43ae-b558-f4e5dbde8cf6,L3,Tweet
21180d18-67fd-4ef2-a5fa-d3df0e0681e9,L3,Tweet
211bfe69-8b60-4e1d-9fe6-54c7b5d4af55,L3,Tweet
211c24ef-b5b8-4414-bdc8-a770a4bfd97e,L3,Tweet
211c6ee0-3142-46a8-8123-20bc6da5b505,L3,Tweet
211c9441-8b39-415d-b2ae-fb16f904b901,L3,Tweet
21211ab4-ee17-4ff2-98c3-5a6c439f5c19,L3,Tweet
21271c57-0198-450c-ab7e-06bb8ec6227d,L3,Tweet
21276772-6249-4ec7-b07f-f29645933735,L3,Tweet
21460720-24ca-46a5-8fd8-3df4c1bdf74f,L3,Tweet
214eec79-cc0f-4e45-ae0e-d9fc6fe355fa,L3,Tweet
21554d3b-a571-4cce-91ef-0e5349c3ed94,L3,Tweet
21590d0b-6d5d-415d-a0f6-ab4ad564a7c6,L3,Tweet
216349f3-0fcd-4b0f-b5cf-adc9c1302757,L3,Tweet
217500d3-3314-4302-8ccd-6e4129913ec0,L3,Tweet
21754e89-131e-4d80-8904-77303827dbc2,L3,Tweet
21939bfb-2617-4b6c-b65e-21e9af050103,L3,Tweet
2194f2b4-55c8-48d1-bb64-eb233bb9fec9,L3,Tweet
2197b911-9367-4fcc-a7b0-8c0dcc38de5f,L3,Tweet
21b11637-d341-4d77-b73a-dda1afecca63,L3,Tweet
21bdc7df-9885-4706-8811-acf6c377415c,L3,Tweet
21cf5567-1054-4251-994b-5480255b65c1,L3,Tweet
21d0697a-bf0e-42fc-81a9-141d8512c54d,L3,Tweet
21d2c0c8-5873-4234-990a-8f57dca2d93c,L3,Tweet
21e08d28-53bd-478d-9cd5-758b8caac06a,L3,Tweet
21efb9f7-7043-4f38-8d28-b09f57657bf7,L3,Tweet
21f0627f-e2f3-4424-9475-3ba197891417,L3,Tweet
21f0be93-61ee-4777-b229-69482f1406cc,L3,Tweet
21fac48a-304a-45b9-a47d-e630a855fccc,L3,Tweet
220befe0-8b28-4e51-9ff2-e7f3a2b5bd43,L3,Tweet
22117a79-5d82-4a2a-a0e7-96cf6b7f662c,L3,Tweet
22120349-eec1-498d-a1fb-b467ea2edaaf,L3,Tweet
2216af9a-5858-43d4-b2db-ed1886e7a97e,L3,Tweet
22214cbe-e1b3-4a37-88a4-b348359020b9,L3,Tweet
2221c6d2-6da9-4b7d-9e50-df163957f055,L3,Tweet
22280ec7-0550-4831-9e9c-8b82ef71adc3,L3,Tweet
2238910d-2e4f-4b6a-b090-dd23e9114c47,L3,Tweet
2244b2fc-3784-465e-96d5-ddb771c27e2d,L3,Tweet
224a223b-5ca9-4978-a467-22f7eff6553c,L3,Tweet
22516ba8-d5e9-4ff9-a5d3-a82c17a2dd12,L3,Tweet
2259ae53-daba-4e11-9ef8-41bc0f278e10,L3,Tweet
22858090-e2ba-4404-b97f-5b8b11a05f1a,L3,Tweet
2286a8df-c1cf-4e29-adda-8ef864598052,L3,Tweet
22879702-3563-4adb-b55d-c063d3b6cd51,L3,Tweet
2293c245-1c09-4fd1-a453-6136a3dbac7d,L3,Tweet
22950068-0791-4c18-9252-fe0b0439d68e,L3,Tweet
22966a64-7a1f-4aab-a66c-cc1edaf40ecf,L3,Tweet
2299bb61-1e01-4a11-be41-f24d144e055a,L3,Tweet
22a5c512-7169-49b6-b3f3-1fc5f686aa6a,L3,Tweet
22bc37d8-f9b0-4bc9-a58a-86dc7de553b4,L3,Tweet
22c476d6-094f-4c46-b68f-5b5e1fce468e,L3,Tweet
22c4a2df-db2a-4e58-a78e-0379eaf74b5d,L3,Tweet
22c937fb-4a3c-4d4f-92ef-c5f759d849b5,L3,Tweet
22c95c72-0b6b-4109-a578-9e80badfd114,L3,Tweet
22cc2a7b-a4bd-4ee5-8c7b-d0b6895cd51f,L3,Tweet
22d0d433-43dc-4568-94c5-f454e74381ff,L3,Tweet
22d2227d-d3c8-4ae2-8115-c7cce1d51d15,L3,Tweet
22ddd268-9d55-4f62-a47f-4530834d8241,L3,Tweet
22e19402-1751-47ed-b41a-0a1a141ea224,L3,Tweet
22e1c5de-e691-49fc-86ac-b0b97a8f9d2b,L3,Tweet
22e201a6-8d2a-49c3-a641-cf27b9abb0ed,L3,Tweet
22eb7334-0cad-40c3-9fdd-0525221dd892,L3,Tweet
22ec79e8-9526-4a22-bb74-d1719df7f076,L3,Tweet
22efd915-2ce3-445f-8730-96ada9a50a65,L3,Tweet
22f3a95e-1753-4883-9787-18aa0a3f932f,L3,Tweet
22fd4466-c202-4522-ac56-5a6c4763c4d8,L3,Tweet
230b5ef2-6fd2-460e-98b0-259c24cf47e6,L3,Tweet
23199be3-9044-47a2-9a7c-99577839004b,L3,Tweet
231a2cf6-0e49-4b8a-a9d9-6e39bfc3100d,L3,Tweet
2324711d-e60b-4e68-9cc7-bfea5ce3548e,L3,Tweet
232e9124-e746-48be-ba43-3faade0e1477,L3,Tweet
2331b5be-5d61-44c0-9fc8-0cfba804040a,L3,Tweet
2332cbc9-979f-4e21-bc11-3b663ab24e52,L3,Tweet
23364bca-df32-4979-b016-4c31fc0b58b2,L3,Tweet
233bb011-c016-4122-9451-824c0e85347f,L3,Tweet
233dcce8-cdae-41b9-99b6-a6b868c4a276,L3,Tweet
233ec181-3261-4ed8-bc89-deb8ca6fc6c4,L3,Tweet
23413d71-cf8b-4238-9b2a-3fa9767213d4,L3,Tweet
23447335-4eb4-4ad7-8208-ac5fe53a0fbd,L3,Tweet
2352c1d8-3088-410a-8796-f4477b811913,L3,Tweet
2356d0f8-7174-42ff-ba98-4d7a1243ae47,L3,Tweet
235895f8-ebdd-4820-a891-154ab9bc70bd,L3,Tweet
23622673-f968-4eba-b93e-1a7cf4e55714,L3,Tweet
236eb969-0800-4e9c-beb5-fa99d407f6c3,L3,Tweet
23781665-dae7-447e-8702-a04bf1d592ac,L3,Tweet
237ba9f7-9379-451c-836a-434782331395,L3,Tweet
237dbe06-e85f-4ff1-bac4-c3781e2d3ac4,L3,Tweet
23849924-6eb9-4b5b-9ff5-88a1bb394d38,L3,Tweet
23a2c1c1-2c5a-4fcd-b03d-879991053958,L3,Tweet
23a8b290-b3aa-43c0-a961-f426360023b0,L3,Tweet
23af62dd-ede7-4d05-91e9-422cf1cf89b0,L3,Tweet
23d59c1b-63b9-43d2-9e3c-f92818fbcd19,L3,Tweet
23d7cec4-00d1-4d92-94e2-5cfb99a08c17,L3,Tweet
23de65ea-9487-4d79-aec9-675d0894324f,L3,Tweet
23df973a-eaf4-4311-9ed0-501564284e6e,L3,Tweet
23ea9a02-4d4a-4e9a-a49f-d08cc65985e9,L3,Tweet
23f25562-d094-4adf-abd5-240986958cfb,L3,Tweet
23f27984-22b2-41cb-8b4a-8f7ed57ff15c,L3,Tweet
23ff4260-9d61-4723-ad34-77547beef6e8,L3,Tweet
240ac8a4-1a38-4aeb-8818-fb780efa631e,L3,Tweet
241fc133-4764-4407-96a7-73c8ffa8a8da,L3,Tweet
2426042a-b5ef-4c81-b9d5-6dd928de734b,L3,Tweet
2434f024-8f6b-4d46-846d-d3a5b0eb8471,L3,Tweet
2437f4c8-812f-4adc-ab9e-99a516cf1a56,L3,Tweet
243bcda7-75d4-4172-a2d2-ca95d6e61b36,L3,Tweet
247efa24-d2d9-4213-8ffa-ae0d57d5b781,L3,Tweet
24a02214-6013-4477-a23d-89e97ca2dc29,L3,Tweet
24a72dfb-0708-4a72-8599-73aac2d14e4b,L3,Tweet
24aaef19-f55f-45de-a15a-b50ee9c18972,L3,Tweet
24af7016-f000-4535-9e99-9f6f6e593d5a,L3,Tweet
24b91125-b871-4975-8944-2a393d2d93e6,L3,Tweet
24bb7510-d957-4bf9-89e7-3e0fd9ba0428,L3,Tweet
24c16a3a-12b9-4ce8-b904-3d570a157332,L3,Tweet
24c8a3e0-dc7f-4fa9-b122-8a1ac510cf74,L3,Tweet
24d16e3a-35e6-488d-bf65-09c575c8e82d,L3,Tweet
24e04e6e-b034-4b02-9e18-52796b61481e,L3,Tweet
24e40c6e-f066-4b2e-9df9-abbd01ae7c25,L3,Tweet
24ecbfc7-1e07-4282-9415-ec5661240b07,L3,Tweet
24eebdcc-ebf9-45ad-9f01-84ee0e0cba84,L3,Tweet
25094d9f-ee5d-4f71-9b4d-8fd0b3bb3eb4,L3,Tweet
25124b19-d116-44b8-a997-b3d56b215747,L3,Tweet
25187aeb-86d5-49dc-a521-48af6c5f2a46,L3,Tweet
2519562d-5648-4039-a4cf-f2c9c0dab096,L3,Tweet
251f7167-6e84-412a-86fd-f073f9c36c16,L3,Tweet
25251efc-8eeb-498c-94b9-41774ae4a556,L3,Tweet
25268c35-c0b1-49f4-a4d6-b832234d1f54,L3,Tweet
25328542-12c1-449f-80e4-2cd754f65256,L3,Tweet
25568e4d-e830-44bc-bdd7-afc81edac8a6,L3,Tweet
2559ea32-8c52-48ee-95ad-4a7d1f9e5742,L3,Tweet
255a0771-1721-4e49-a8e7-80c2814ee40a,L3,Tweet
255ca03d-8823-452e-90ae-a7eed971077e,L3,Tweet
257515da-4054-4717-b13b-cba0648bf6e3,L3,Tweet
2577f407-3b20-4ca9-acda-1ef82fd410ce,L3,Tweet
2587d0b5-6774-427d-a477-dec446fdbb58,L3,Tweet
259bf2bd-03a4-4e91-a82a-6e78a58ed763,L3,Tweet
25ab3f10-7e16-4bb2-b87e-206541948299,L3,Tweet
25ac85aa-e0e3-46cb-9547-59846d6d410f,L3,Tweet
25b1a998-7f22-46c2-b033-86284758c087,L3,Tweet
25e542ac-b8ab-47fb-abf7-d62952d59889,L3,Tweet
25f156eb-9320-48a4-b0cb-5dcce94debec,L3,Tweet
26024aea-7cfa-4820-8374-b8c289737ac0,L3,Tweet
260f3484-0400-4295-a2d2-a2f14e440f13,L3,Tweet
261c5fd0-a609-4fdd-bc03-4f820f47db4d,L3,Tweet
262d90fb-7056-4499-a62c-087b4659c6c7,L3,Tweet
263073aa-0ed4-4bc2-8a0f-6cf965f1098d,L3,Tweet
263eb32e-dd04-499a-9b87-35e186af294c,L3,Tweet
265b0abb-bf2a-44f1-995a-29ba12648a10,L3,Tweet
2663532e-5d50-4d20-8bc5-fcabaf760c11,L3,Tweet
2666e2cd-f8e4-4b07-854d-6370f3b68887,L3,Tweet
267e1f33-c270-4bfa-9f6a-09b39a3d9b4b,L3,Tweet
268b918f-ee40-43f7-89d4-5d9c3dd45dc3,L3,Tweet
2697768c-8140-4ae1-bead-93bc00a11feb,L3,Tweet
2699f8a7-7a8c-4313-aaa4-3aad91c40df6,L3,Tweet
269c40e8-c805-40bf-b9b4-dee8ba849e3f,L3,Tweet
26a11d8b-d469-42b3-bac9-2742564b61f1,L3,Tweet
26a28271-41f1-40d6-81be-0dddb6826d5a,L3,Tweet
26a52f74-00a8-4508-b531-09146f5ea55f,L3,Tweet
26a586d5-95e6-4487-9864-d79bd0b653c1,L3,Tweet
26a68030-a81e-4d37-b0cc-aaca70e6e611,L3,Tweet
26a6d2bf-a19d-406d-a99b-4001f988d449,L3,Tweet
26a8b4b9-89fe-4d46-84d1-ca97e10302a2,L3,Tweet
26b45eff-e6b1-4de2-96ab-6c76a3905e74,L3,Tweet
26b57151-83ef-4d46-9f47-b67235bacef8,L3,Tweet
26c187b6-d6da-40f7-b9b5-b633654cabb7,L3,Tweet
26c372de-828e-4969-8a3c-49ddbda7f107,L3,Tweet
26c5f969-5594-48aa-afa2-9f960a27df5a,L3,Tweet
26d026b2-1e62-4122-9da5-6812e01ff277,L3,Tweet
26dcd59f-a4e5-42f9-b908-902c7049d753,L3,Tweet
26e46d48-b00f-414e-924c-134801c77244,L3,Tweet
26e4e81e-572a-4aea-9e46-5eff77b50c6d,L3,Tweet
26ec1f49-3b1d-4022-85db-094dda4b3859,L3,Tweet
26ec7943-f46a-4d1c-a4da-93178e33438d,L3,Tweet
26fa8727-f49f-4224-9482-eae08d8c1976,L3,Tweet
26fb6614-e95f-437d-a54f-d27ccfe893a3,L3,Tweet
2700cdf3-838b-4cdd-94b1-4ae9fbecfba8,L3,Tweet
27152baf-e659-4c84-839a-70725d32c747,L3,Tweet
27163fb5-f099-4ef6-bd2a-41f5f21afe59,L3,Tweet
271d4663-09e0-4375-b6f4-3c665c3b5cc3,L3,Tweet
271d53fb-c662-4103-ad68-79a5ef7437b7,L3,Tweet
272d7982-ae43-4850-9181-2e139b56b288,L3,Tweet
27354517-9b76-48e8-80fb-e8348e0262ba,L3,Tweet
27389600-983b-47cd-a80b-10c430a20edb,L3,Tweet
273c1e3e-e219-43d1-8609-72c2f4cf5b9c,L3,Tweet
2752242a-4018-41c7-b0ff-fc25b3ecd6d7,L3,Tweet
275a10fc-41af-4df0-ae82-74a8e316f10e,L3,Tweet
275ad0b9-e724-4ef3-adcd-d7b1c0cefbc1,L3,Tweet
2768e677-de42-4753-ae8c-0605b8508594,L3,Tweet
276c90ad-f5f5-4b95-b01a-453a74b3c6fb,L3,Tweet
27778fa8-e5c1-4411-b5b8-e60b12aa3168,L3,Tweet
277a36a7-29e8-4be0-a848-b9e07036e73e,L3,Tweet
2787785e-558c-41f1-b8f2-b077cdca9f58,L3,Tweet
27bd6a72-1a7e-47ba-b547-979cbb7369dc,L3,Tweet
27ce7755-56a5-4b07-bb47-b2676e095084,L3,Tweet
2801bccd-0663-422b-9824-a09e8b1b5fda,L3,Tweet
28040c8b-2d6f-4548-8426-030813e6b631,L3,Tweet
28122c43-528f-4cf1-922e-c97e46c63ac0,L3,Tweet
28151e3d-eeef-4812-8bd7-3b1326200176,L3,Tweet
281aa3ee-c582-49c3-8fbf-d4c512cda460,L3,Tweet
281b3519-b2df-457f-80b8-5a026bd9a1dc,L3,Tweet
281da804-73ab-46e8-a27b-a772d9e546f9,L3,Tweet
282af197-9cee-4981-9325-1350fd3ca8d3,L3,Tweet
28339696-098b-442a-9221-ae8518a31edd,L3,Tweet
2835c1dd-045a-4925-9943-a775d608d553,L3,Tweet
2837355f-b0b9-4df9-b9bc-997e10347595,L3,Tweet
2839b491-545c-4b90-a23d-770c8e0d00e5,L3,Tweet
284166f6-ed7b-422b-b20b-643f6f834923,L3,Tweet
284df12b-83b5-4b60-82bf-662b1e1a946a,L3,Tweet
285b3733-d1d3-448b-b595-86de744a0c7c,L3,Tweet
28625480-68ea-4692-a700-fb2e34bc7a96,L3,Tweet
286d039e-9ff8-40b9-a842-7cb6b280ebd2,L3,Tweet
287917ea-86b5-4255-9628-a1b41c5f663b,L3,Tweet
28799ddc-02b9-4a59-8092-a4f2ce03efad,L3,Tweet
287e6fae-5ead-41c0-8b69-db2459cde19e,L3,Tweet
28836ba3-3e8b-4fc4-982a-7d9491e9b2ae,L3,Tweet
289937dd-adb3-469a-83d3-47eb0016a9e2,L3,Tweet
28a142c7-b815-4eb3-9191-01efc8d762de,L3,Tweet
28a56fcc-6dad-4c70-be3e-e50ca8503dfa,L3,Tweet
28abb8a6-c10d-4db3-ba13-d507f0d4fa0a,L3,Tweet
28b04559-d009-4e4e-8d7b-b075ed4545de,L3,Tweet
28b52419-7265-475a-88bc-e6ddde5871df,L3,Tweet
28c8dea1-941c-4542-905a-9f10280dd04a,L3,Tweet
28d79c12-f1af-4b1b-bce3-6fc54881d8a3,L3,Tweet
28dec31e-d728-4aa9-bb9d-ba5949adcff2,L3,Tweet
28e541d9-2dfd-47ab-bb02-0ae9a8b978f4,L3,Tweet
28e96a77-600b-482b-bf57-6759b3512da8,L3,Tweet
28eaa416-08ef-4409-afc1-fcc9f1110d5a,L3,Tweet
28f318eb-bd42-42e5-b3cc-28a8daeb5c9d,L3,Tweet
28f544f9-f50e-40ff-99b9-0d262ca0a7cd,L3,Tweet
28f9706b-8338-4428-b4c3-3aa1acd5b95d,L3,Tweet
29014a3d-e042-4ac7-ac2b-9647656553ba,L3,Tweet
29018e28-a265-497b-b39d-577a02c1d7e8,L3,Tweet
2902507c-1b17-46f9-9361-5dc88ba79b43,L3,Tweet
2905bd68-188b-4b70-ab2a-17fbe709e8d9,L3,Tweet
290c75c8-b148-41fc-ace0-063c2c5ad87b,L3,Tweet
290de433-9f58-4874-9662-f6741d95b71e,L3,Tweet
2911b708-db33-4a24-bc42-4999c33357ba,L3,Tweet
2917c74a-ce7a-4335-bf37-94957c060701,L3,Tweet
291a769d-2f92-41b2-9adc-ffdb8fe8e73a,L3,Tweet
291ab55c-6d51-4585-a9b8-ed1708fa4ad3,L3,Tweet
291c1cc7-a6fb-4f63-bf90-00424dc85c02,L3,Tweet
292bb8d2-0bd6-4685-b70e-e376d01ebd9f,L3,Tweet
29303a8b-799e-4e06-a39d-4c3c335c748a,L3,Tweet
2958a7a3-b681-4bc8-8848-b18b433e0252,L3,Tweet
295f36e1-3936-40b8-a5fb-701a2f22550a,L3,Tweet
2961fc08-9ebd-4a02-8e02-943cc1318db6,L3,Tweet
29684bcd-9be1-428a-bad4-edcd52898f4b,L3,Tweet
2975e27b-cbf0-47cb-a81a-fe98a6ac16e2,L3,Tweet
299d4796-9c21-44ae-b131-ddf38ce10454,L3,Tweet
29ca6c39-5ef4-4b13-9d28-d6a7882597b4,L3,Tweet
29cdb19d-5d8a-4bad-aa92-4f1f81b9e94e,L3,Tweet
29e031b9-8d78-4b54-a229-04298f6c22d2,L3,Tweet
29fce250-faa6-4e4e-86ad-1ef285b47b23,L3,Tweet
29ff52a4-c2b2-49df-bb3c-c1e9fe1c755e,L3,Tweet
2a0034b6-a5cf-441f-9520-471737d12901,L3,Tweet
2a03bf57-a7ce-4cb8-93f7-6b4ed13a08c2,L3,Tweet
2a0eab38-97a5-4fc8-bce1-a83c4aaa696d,L3,Tweet
2a0f3ce7-553e-4cbb-b59d-f919ad3a0cf8,L3,Tweet
2a2abaaf-1837-465b-afcc-29398fb8a2ae,L3,Tweet
2a2e91fe-d66e-4ea3-a24c-394bad204013,L3,Tweet
2a2ef507-4ed0-4e78-8306-420a5f8a2b3b,L3,Tweet
2a3be543-d66d-436d-bc67-37c852673675,L3,Tweet
2a50d6c3-56e5-43b9-8783-b595ebd15307,L3,Tweet
2a592da9-15d5-4444-bf12-08bc7b9337cf,L3,Tweet
2a5c1ef5-476c-4eae-b113-259a92962a78,L3,Tweet
2a7a7d35-8435-4593-aa9a-beb9484b35fb,L3,Tweet
2a7c9091-30ec-474b-82d9-8463842cb3f8,L3,Tweet
2a7d961f-27c0-4d07-a969-3f49795e3961,L3,Tweet
2a7e5793-6544-401a-a776-a249e763ac1d,L3,Tweet
2a835b35-f8c4-4d1a-a92a-60e1ba3463b8,L3,Tweet
2a835c6d-dc71-4934-8596-51ca22140d0d,L3,Tweet
2a8440cb-c92e-465d-9816-2a0fa3051b6f,L3,Tweet
2a84cc89-3a1f-4feb-9bef-55450fa7ce5e,L3,Tweet
2a9503a4-2afe-4cef-ad70-a204c2b43972,L3,Tweet
2a95f64f-0446-4ce4-b7c6-cd07d0fd183f,L3,Tweet
2a96146d-8bf7-42b0-a076-b2d66db22632,L3,Tweet
2a993eec-0e7a-4c1d-a785-dca72eee82d6,L3,Tweet
2a9ac317-132d-4fe1-ac93-27891b2de2ad,L3,Tweet
2a9e4bd1-04e5-4489-8634-9606f76f1a4c,L3,Tweet
2aa48a14-998f-46ca-961c-319723480249,L3,Tweet
2aa58481-c9e2-4f7b-828f-eff6177b6280,L3,Tweet
2aa6434f-039a-4ced-a023-c81c50e4d0fb,L3,Tweet
2aa77246-a19a-477e-b676-613ae911328d,L3,Tweet
2aa933a5-411d-460a-a884-574c1f8e21b9,L3,Tweet
2abf5a09-6be5-470b-b703-bac73cbf23d8,L3,Tweet
2abf8d36-8535-42b6-aee3-6a2cd780b361,L3,Tweet
2ac164de-cbfe-4883-8619-a6ea5bec07aa,L3,Tweet
2ac9c055-3aaf-4eac-a4c4-16c8512ffa93,L3,Tweet
2acb0f54-53bd-4457-9fbf-246b103a1433,L3,Tweet
2ad1cbb4-49eb-4dbe-892d-936183de77da,L3,Tweet
2ad23f75-a893-4686-9bcb-53d880620d22,L3,Tweet
2ade8f76-6583-443a-94f2-131fedf17c03,L3,Tweet
2adf1624-e846-4fed-9a6e-8f66c535d3ce,L3,Tweet
2aeea34e-d1cc-47b7-a18a-38d464f81911,L3,Tweet
2af00610-79ee-481f-afbd-094f19e11552,L3,Tweet
2b055a19-2ac3-4ee2-9c8f-c6f9c159ed78,L3,Tweet
2b0760dc-976e-46b9-aa65-30e6072c7a92,L3,Tweet
2b0b482f-ff8e-4234-b82e-7fd7ba13965c,L3,Tweet
2b0d65a7-05d3-4222-a44f-4dfce6f69ae2,L3,Tweet
2b0e9286-3571-42f3-be71-06b2abfb4272,L3,Tweet
2b221633-532e-4c9b-98e3-0d301da64c39,L3,Tweet
2b2b8b80-2c42-4d37-b202-a2eb00484e57,L3,Tweet
2b31dd5d-84df-4504-9a37-61180e4bab04,L3,Tweet
2b3aac11-4fe2-4f1c-8f96-c5f310872535,L3,Tweet
2b3eed30-ee38-4f3b-bb34-49510ffbe1b5,L3,Tweet
2b423115-e2c7-4f14-8165-ce4456433b79,L3,Tweet
2b440a93-0b8d-4ebf-9c0c-79ff7b32d4e5,L3,Tweet
2b549f33-e5fc-42ea-9649-08d3dfeada23,L3,Tweet
2b5c7852-90c6-4f90-acfe-e4a42deb75f7,L3,Tweet
2b70600f-fafe-4728-a833-7fb97c841e09,L3,Tweet
2b8bfbad-7986-4db1-8f18-1be3568705c6,L3,Tweet
2b98241c-dd0b-44e6-8caf-44038d33a672,L3,Tweet
2b9bbffe-fe43-43d9-ba43-feb6150f8be9,L3,Tweet
2ba91d0a-0d3a-4b21-9cb3-207fff4bced2,L3,Tweet
2baaa16a-01b5-48ff-bb44-3abfbe1c9cc5,L3,Tweet
2bd12d5f-9559-425a-b31b-89894835d31b,L3,Tweet
2be57852-3e42-40e8-a9de-7f7f4f8123d3,L3,Tweet
2bea5ebd-0c88-445b-a964-6c6044b1d832,L3,Tweet
2beee8e1-10cc-4181-831c-04315eda4a8b,L3,Tweet
2bef99fc-be42-4628-8c39-8a413d35bda2,L3,Tweet
2bff069f-76c2-40af-832f-337c27b5a180,L3,Tweet
2c0da144-341c-4e05-8fe1-065b4a84e4c5,L3,Tweet
2c1227dc-4092-4827-bade-1ff9a2a2311f,L3,Tweet
2c16dc09-5451-48ab-a3c0-330cd66a7e5a,L3,Tweet
2c1ef609-0cfa-4454-9548-fd1cf3623b31,L3,Tweet
2c1f1e33-94f2-4443-bf65-a54814e293b7,L3,Tweet
2c2345ef-0b32-4f22-a923-f4805795f599,L3,Tweet
2c2de9a8-fb02-4895-a3bd-1cc4d411988d,L3,Tweet
2c2fb28f-508f-407b-865d-0df6d09ac4f9,L3,Tweet
2c3391e3-bb6b-4a08-a5fc-eb10cfbdfbe1,L3,Tweet
2c35dc5b-09dc-48fd-8399-a6ddb338afc2,L3,Tweet
2c42f258-5eae-41e2-8d09-4c208d14e500,L3,Tweet
2c64f572-c6e6-4768-8c48-d0f1f9811321,L3,Tweet
2c65b188-43b4-46d3-98d0-8883c2842202,L3,Tweet
2c738400-cda0-43c8-92ce-57e4ad2fd34f,L3,Tweet
2c758e77-dc0a-42da-84b8-c2d53fbe5855,L3,Tweet
2c7d8790-a9b5-4571-afd3-c5be9b0a744f,L3,Tweet
2c81d85c-5bc7-4254-8e39-5fb40ab5da1b,L3,Tweet
2ca1308e-e037-4f68-8701-caa054baf250,L3,Tweet
2ca3e91e-6dec-409a-a096-d3bceef56e6a,L3,Tweet
2ca4e9de-e858-4992-8cd0-555d795aaca0,L3,Tweet
2ca67c5a-3ff7-4deb-a26e-356500138e27,L3,Tweet
2cba7f9d-c8d4-43ca-860d-bc5e5c51d960,L3,Tweet
2cbbde66-2b7a-45e9-a708-ae0a78633fe0,L3,Tweet
2cbd8c28-ccb5-4d11-9bd4-0eb50b564659,L3,Tweet
2ccd15d3-a346-4354-af46-aa7bcaac2870,L3,Tweet
2cdbcacb-ac7b-4c00-8917-450432838dba,L3,Tweet
2cee0712-99bb-48c8-8ebe-65aca4e0ac10,L3,Tweet
2cf2a54b-6bb7-4d5c-b30b-93356650fc69,L3,Tweet
2cf68332-6ab1-4631-ae5c-ab597e289e07,L3,Tweet
2cf750ab-f69b-4246-8f80-4548ea115f83,L3,Tweet
2cfdf903-2221-4c4e-9b4f-778400d4071a,L3,Tweet
2d051c49-e8f0-4d0c-9351-0196fd76fc43,L3,Tweet
2d112f25-3a81-47dd-841b-05842c4c209f,L3,Tweet
2d1bee64-cb8a-4401-8cda-169d048cba78,L3,Tweet
2d2b50e1-5c1f-475a-b0b8-21b816d04468,L3,Tweet
2d34e429-addc-469c-9eb0-3b388ae70d3d,L3,Tweet
2d3cae0a-6087-4745-86b2-f159cfff919f,L3,Tweet
2d448aa5-5cc8-41c1-aa29-a4a8b48c5f92,L3,Tweet
2d4b6498-cfd7-4fa0-92e8-0ce67c79e68f,L3,Tweet
2d5d36e9-5269-4d77-a3a6-05cd7a62d58c,L3,Tweet
2d6592fc-5033-49e6-97a2-b69ed8771ceb,L3,Tweet
2d6f04f4-ed3e-4791-bb8a-ceeb15d59574,L3,Tweet
2d705c15-a942-41ee-b450-11705f67deaf,L3,Tweet
2d71aa88-0042-4fc1-be10-dda2faf16aa0,L3,Tweet
2d75560c-862c-4941-a80a-adae36e985b3,L3,Tweet
2d78cebd-6a5a-42c1-9890-7093319aa6b8,L3,Tweet
2d7b358c-372c-4bad-bf26-495560ab9180,L3,Tweet
2d882e47-e2b9-4ee1-ac5e-30984617b305,L3,Tweet
2d8a6399-d49b-4a2a-91ed-774b963292d0,L3,Tweet
2d91702b-cb19-417a-a4ea-8cdda4c7a8aa,L3,Tweet
2da7fd3d-6c59-4cb8-991f-62c91b618979,L3,Tweet
2dbf518b-803f-4dc4-a406-c4bbafe90395,L3,Tweet
2dc26edb-76f1-4e02-a084-65454d1c814a,L3,Tweet
2dc31ec0-da63-4877-917a-39004b9a7a52,L3,Tweet
2dc58104-b6e4-4364-80be-e6d22e1890de,L3,Tweet
2dc898c1-e597-4615-b92c-9a63df07f870,L3,Tweet
2dcf9ed2-1d5c-4d54-8892-169ef554de9b,L3,Tweet
2dddb7d0-c6a3-4858-a650-2438119cfd42,L3,Tweet
2de17167-02a9-456d-8f7d-e3649c57c217,L3,Tweet
2de5f336-4b95-434c-9c29-db82965e0e9e,L3,Tweet
2dee0d12-5235-46e6-a846-b863ed329c9e,L3,Tweet
2df145ff-86ec-4dc3-bec6-932fc538cc45,L3,Tweet
2e01a2d4-11eb-418d-b2f8-4d221063eb5b,L3,Tweet
2e05fd40-b712-4231-a1f8-0bf543bb2b7f,L3,Tweet
2e085814-fe20-41e8-92cb-83b5b05768bc,L3,Tweet
2e0df693-ea91-4bf5-9fdf-8300f0a18502,L3,Tweet
2e1befd8-041e-4ba7-bba5-59ee7f81c631,L3,Tweet
2e449566-329c-4ab0-b3de-db841dbe6de9,L3,Tweet
2e45b6e2-02b3-4c82-a374-f2c6f03ace06,L3,Tweet
2e46df4f-0082-494f-a128-d8c4d7d01b5d,L3,Tweet
2e52f138-18df-4e6d-9bff-a69b51c3b3c1,L3,Tweet
2e5d96b2-777c-40ad-bcc0-47aa2f21374f,L3,Tweet
2e5e70ec-3e5c-454f-87b5-5898a3aefb49,L3,Tweet
2e67b3cb-5ba9-41d5-a69c-224bab8716b2,L3,Tweet
2e7d3bb7-617f-420c-907e-5b08a7b74b69,L3,Tweet
2e85334a-a1d6-4a65-a117-29fc30b82181,L3,Tweet
2e892bff-96e6-43c0-8ea0-eee7884f5cff,L3,Tweet
2e894d94-aa0e-48fd-8d7d-d89d714a77f5,L3,Tweet
2e8e6630-d321-4f1c-94e2-065a4a51d13e,L3,Tweet
2e99417f-14a4-4c18-bf77-81ed07813e07,L3,Tweet
2e9ee4a0-eac3-4cfe-a1ce-c3701dc88f62,L3,Tweet
2eb3f9e8-81c9-4b28-aee9-e6deb541921b,L3,Tweet
2ec8c44d-fa17-4edb-ab5a-3a70cf3d4c77,L3,Tweet
2ef2dbcf-eee1-4e51-97f0-789a630f3264,L3,Tweet
2ef32ee7-e2b0-4df2-8c10-59f24b0a442a,L3,Tweet
2ef48178-e192-4213-a471-8fdd8c885f9d,L3,Tweet
2f0ff976-ab15-4508-8e8f-35b856b92a90,L3,Tweet
2f1db0e2-e16c-4506-b17e-0591298a17e8,L3,Tweet
2f2260e6-11dc-46e8-8acd-2d61c99b72fb,L3,Tweet
2f259594-05f0-497b-b8b0-7edca50be964,L3,Tweet
2f306196-9477-436d-bdd0-8ac5639823f2,L3,Tweet
2f38a513-8c69-47b9-adb9-4bf1dc021a75,L3,Tweet
2f401352-565c-4806-98c7-686d99040435,L3,Tweet
2f403e27-b209-4b14-8d2d-e1c8fc2dd1fb,L3,Tweet
2f446488-b394-4d00-b99c-c505f98e513d,L3,Tweet
2f47d6e2-86b7-4de0-a257-04477e03fb0e,L3,Tweet
2f50f2b1-3ade-4aa9-9411-dae6fbb919da,L3,Tweet
2f579f70-82ef-4ab9-96f7-151223d1fb54,L3,Tweet
2f6189a3-14f9-4b0d-943e-280884856770,L3,Tweet
2f624cb7-779d-4cc3-816a-fa3af8f3086a,L3,Tweet
2f6a4e34-6c8e-463d-bd6b-1becb76d3cb5,L3,Tweet
2f6e2531-d50b-4656-8b20-47a39b51133c,L3,Tweet
2f6eff09-0366-49d0-82a3-dd0305b8ac59,L3,Tweet
2f717e50-414f-4798-bb28-54a98dd0ed04,L3,Tweet
2f7bdce9-5849-4434-aaa1-c8c09c9b4c35,L3,Tweet
2f8144cc-256c-4734-bc17-16d93305bc99,L3,Tweet
2f8e9879-5eef-4265-b073-6de1ebffd0e8,L3,Tweet
2f906b5b-9e12-4bb7-b334-0238b1299c7c,L3,Tweet
2f929d74-96d5-484c-868b-828a5c39a307,L3,Tweet
2f990430-64cb-4f5e-90a1-25d6c499ce8d,L3,Tweet
2f9badf6-12eb-4c04-944e-3fec86489af8,L3,Tweet
2fa50aab-1552-466e-88c6-9700fb63ad0c,L3,Tweet
2fb306db-6c6c-42fb-85f5-c932b45c558c,L3,Tweet
2fbda905-8d71-499d-b13f-ebb4712d1de0,L3,Tweet
2fc05eed-2a68-48a2-8885-d27ef3eaa036,L3,Tweet
2fc5a33b-10b5-495e-80f7-5b853b009672,L3,Tweet
2fc615ee-8cf1-4d4e-af11-0b609efd7f29,L3,Tweet
2fcc565d-12c5-48a8-a6d8-016dc891091c,L3,Tweet
2fd65a85-b141-4ef4-bb26-25366c6bb948,L3,Tweet
2fe7ebf2-e6d9-4175-a523-df918019eea3,L3,Tweet
2fe99465-d081-4788-844a-44b1bd3f6ad4,L3,Tweet
2fead694-59ec-44b7-a534-7a24e6b19189,L3,Tweet
2fefdd33-8a62-4f74-8849-21ef0bc7c968,L3,Tweet
2ff0eedc-bf0f-4ff1-9367-f969c3d25cbc,L3,Tweet
2ffc1a7c-3033-47e4-b4b0-81455d51385f,L3,Tweet
2ffce126-496c-4cb4-9250-5a5607ff7d96,L3,Tweet
300f5716-bd63-4eda-93c3-040288063926,L3,Tweet
301e039b-0e37-48f7-abe1-3fca66c4fe4f,L3,Tweet
30208b59-8c55-44aa-8a5d-da48b446287f,L3,Tweet
3023a469-89d8-48d6-8ab5-21f07a6916f6,L3,Tweet
3025f758-dcbd-401d-8484-c8f50a09a541,L3,Tweet
302b015f-bdd9-44de-bc05-248795e0d86f,L3,Tweet
303dd3aa-61c4-46b4-af4a-ef9bd07ef563,L3,Tweet
30440dab-cfda-48a5-8647-3d83358cf459,L3,Tweet
306112b9-27b9-44be-9fb9-bebcaeaa8beb,L3,Tweet
3067f45d-79f8-4b86-9dc5-2c93349afcc4,L3,Tweet
306a17ae-244d-40f3-b5f5-883570b5f6c4,L3,Tweet
306c4c19-7488-4c72-8d4f-3d5e836d5f6d,L3,Tweet
3072255f-935c-4ec7-8a30-90ed271959ff,L3,Tweet
307f091b-b02a-459e-b4ed-69b3b0123f4f,L3,Tweet
308e4b80-3728-4203-8b7b-96972c65154d,L3,Tweet
30918857-883d-494c-805c-098834f5a07f,L3,Tweet
3091f2e5-67e1-4a43-83eb-208f4ef797b9,L3,Tweet
3099ee6b-868a-48c3-9200-77640a207458,L3,Tweet
30a80dd5-ab20-4241-b5bd-e5e35be76ddb,L3,Tweet
30b3d839-42a6-4192-b333-5cf5718a5d96,L3,Tweet
30b6ab68-b56a-463b-b9ed-fd6302959238,L3,Tweet
30dd8b1a-8785-45ff-bbad-0bdc70419392,L3,Tweet
30f0b534-4cd4-4510-a413-94539d2a83e0,L3,Tweet
31008d87-9bc4-41e1-adeb-7752cbe04805,L3,Tweet
310b1c8e-5e56-42b9-8a9d-f359d81eb1a3,L3,Tweet
31130ab3-c3da-4256-998c-16f3fbafdbd8,L3,Tweet
311d6a85-66b1-4859-96a3-2d4b6832adeb,L3,Tweet
311dfc99-967b-4a0c-80d0-58fa29de5d52,L3,Tweet
31248e27-e078-4740-bd81-196f4e6d0294,L3,Tweet
312a52d5-0767-48de-b3f4-f813d255e520,L3,Tweet
312e8fd8-d55a-42b3-9d30-42e7b8f9b6e7,L3,Tweet
3137e06d-28fc-4274-b43c-a46da6d824e8,L3,Tweet
31392925-5165-45a8-80cc-5f6c31e34493,L3,Tweet
31493b61-80e4-4bd2-8ae7-dd36c5c2cf08,L3,Tweet
3159dac7-85da-4f5a-aa1d-0ec8f8f5a9c1,L3,Tweet
31644419-f249-42f2-8ae8-27fa80b688d6,L3,Tweet
3174aedd-46ed-41ed-ae09-3aefb3ebb29e,L3,Tweet
317b31c1-8a53-4e02-bdb4-8958cc5a46cd,L3,Tweet
317fc49f-f3f8-48e4-b50f-a0c02e225690,L3,Tweet
318d0145-36fb-4a37-9ffd-3bf28e00efe6,L3,Tweet
31a77f5e-ec5e-45f7-988c-ee9810b52e61,L3,Tweet
31ad2dbd-571c-4df2-a051-afbc67818028,L3,Tweet
31ad7c7e-2b58-4b8c-bdef-0edcca3813af,L3,Tweet
31b132ac-48b4-4c37-845b-1739d29c8421,L3,Tweet
31b64a4a-6d8f-4b4c-81f3-73fc356894d6,L3,Tweet
31b931f7-f3ca-4b61-9345-3cdd458047d5,L3,Tweet
31bba3a4-9d2e-4e94-a85a-8d8b7f29f737,L3,Tweet
31c53c62-2670-4847-b665-4b2235161b4d,L3,Tweet
31c6148b-60af-4da8-b735-87acac396fb6,L3,Tweet
31ca98ce-1bd7-4346-a6e7-32b3cf7a4ee7,L3,Tweet
31d7a70d-1e4c-4783-b91f-ecf3b5b0a367,L3,Tweet
31d81dd5-a7c9-41b6-8fdb-bf9e0a6b1a98,L3,Tweet
31de9ea3-13f1-454f-8a48-0bbbe5fb9c65,L3,Tweet
321c8b1c-c0b5-4fb2-b9b4-79072c8c2600,L3,Tweet
321f0090-8764-4c49-9eb2-3f7aab7b8c01,L3,Tweet
321f7515-eb37-47a4-b1ec-772e32547dd2,L3,Tweet
3227a17a-57bb-4392-ad6d-4cbb1eff8e6f,L3,Tweet
323db9e2-3324-40cd-bafd-5092e6951c68,L3,Tweet
324aad18-172a-4e3c-ae11-6ddc24cae420,L3,Tweet
32628502-1de8-496c-8f04-be25f7e8d5d7,L3,Tweet
3266292d-5b70-4caf-8e42-4d06eff90927,L3,Tweet
326652c7-84ff-400d-b773-f3a5add731e5,L3,Tweet
326e449f-bf4c-455d-8c22-2d547554860f,L3,Tweet
32791917-d87b-4781-b0ee-033bf9c1e273,L3,Tweet
3292ddc6-e125-4f73-a97c-acfd9d4ed458,L3,Tweet
32b789fb-d7f5-49d7-bad5-6e8e864999dc,L3,Tweet
32b9ab02-896d-4612-8ce7-57cad52ca047,L3,Tweet
32d5cb82-ff1f-4667-814c-6b209d5a2f59,L3,Tweet
32d73423-4a67-482c-8b08-082bc958bbf0,L3,Tweet
32d9ce1b-ef06-4201-85e4-3856020e3d99,L3,Tweet
32e047df-7391-436c-a397-20ae995198f0,L3,Tweet
32e70472-d244-4809-9e3c-965a706891e1,L3,Tweet
32ef1620-dfec-4412-86f5-74205c468fab,L3,Tweet
32f3fcc2-60c0-4279-8584-20118c1ebc95,L3,Tweet
32fbb832-7ac4-4440-b122-21762ae43d46,L3,Tweet
330935ff-0e1f-4f2d-8476-9689c1a1e499,L3,Tweet
335d3c39-e632-46e2-b206-d039d6befe98,L3,Tweet
3368de35-13f2-4acd-9e7f-eee07f4f974b,L3,Tweet
3374a906-c1fe-411b-aff5-050255baf47c,L3,Tweet
337a261b-54e0-49c8-bae4-a346b919f5fd,L3,Tweet
33833f12-00d8-4317-9e8e-74e6cad3a365,L3,Tweet
33836934-1819-4be2-a6d8-4159f29a0fdb,L3,Tweet
338af2c9-741c-46fa-8e5e-3d34b553bd21,L3,Tweet
338fb1c7-289c-4e69-a426-0d5ea8cdce3d,L3,Tweet
33a700a4-4a09-42f1-8821-486abb943752,L3,Tweet
33a85c0b-c5b5-4dfd-8638-3ef9e97d79c1,L3,Tweet
33b29545-b4a1-49fc-9efa-8e3654aa8b90,L3,Tweet
33c6ffde-2140-4539-9de6-981b2fbb0947,L3,Tweet
33cb98b3-b207-4ad9-9406-93ab1a638be6,L3,Tweet
33e4fb7e-f28c-4860-b805-a6c3951cf283,L3,Tweet
33ebcc29-531f-4e4f-abbf-0e4cea2b5783,L3,Tweet
33efd110-31d4-4786-94cd-9287c07f9d84,L3,Tweet
33f75b54-aabb-4924-80c2-b8fd09a06209,L3,Tweet
34046216-ac01-462e-8c96-18102f9f0d21,L3,Tweet
3411bd93-12f4-429e-b3ca-47ac28ea1fe1,L3,Tweet
342ce523-cd00-479a-b949-d19e87e41b52,L3,Tweet
343d09d6-9dfd-45b9-8a10-7734be5026ac,L3,Tweet
3440530d-eac0-438d-ade1-457b9b114f3d,L3,Tweet
344ab4cd-8bc3-4668-9bea-0b493d4fae9b,L3,Tweet
344c5959-940b-40d1-aa52-f4c89dba5ba5,L3,Tweet
345de02e-e2d1-4e61-a169-cc1f47cbae19,L3,Tweet
34654a2c-f8ea-4ce8-84b3-88d7bebd0aad,L3,Tweet
3475cf8d-b709-43b5-b2a3-2653371843dd,L3,Tweet
3488e475-1bbf-4a4a-91f8-ee41abb1864d,L3,Tweet
348a5430-3d2e-4b37-93dc-7976579478cf,L3,Tweet
3496ef86-acd7-4330-b839-ec39f538617d,L3,Tweet
34a887d8-9a32-4d34-acff-816d167b397b,L3,Tweet
34afa67f-1e73-422a-9080-86e0548621ac,L3,Tweet
34cb1729-8f86-4901-a70a-59b7d506e7e6,L3,Tweet
34cc245b-34e6-43c8-a370-6c78d55a3a12,L3,Tweet
34d2ba39-a9e7-4f19-8473-fb6c9336e2f4,L3,Tweet
34d315a0-0a78-43c0-991e-d87e704e3e63,L3,Tweet
34e2d57a-08fb-41f1-9387-15425e80643f,L3,Tweet
34f141c6-425d-42a5-b773-07cd5ae9999e,L3,Tweet
35053d5c-5ab9-4590-a8de-9fc08cd4109c,L3,Tweet
35088e18-adf3-4886-9b08-f791edd7fc45,L3,Tweet
3512bca7-b2c2-402b-a334-f7b1bbb25995,L3,Tweet
3518ee43-4b3b-4c15-880b-f28d6362e53f,L3,Tweet
35261c68-ebd7-437e-9a67-25e8f685d417,L3,Tweet
352b7fe3-37be-494b-b399-3a6f7eafa5fb,L3,Tweet
3531a09f-30ff-45f3-a925-65ab5befffd8,L3,Tweet
353b9355-8db3-4041-828a-b897b491c052,L3,Tweet
3547ad79-ff24-4cb0-9cc3-8fc56de86542,L3,Tweet
3548c9a9-19cb-49bf-b165-2ae4680e5237,L3,Tweet
354ffed0-120c-4283-adf4-a98482f3c09f,L3,Tweet
35548199-5df0-4d52-a859-079e5f0052f1,L3,Tweet
3561a51f-7a93-4f2f-8ab1-53661c46c135,L3,Tweet
3561b434-1c84-4441-b363-a29fe28dcbc5,L3,Tweet
356249d8-311e-4aca-9ac7-ee53cc3d90f8,L3,Tweet
3577a3a4-c657-4be0-820b-9ca27088f495,L3,Tweet
357cc259-f57a-4d00-87db-4e9e692e4fd6,L3,Tweet
357faa0d-0004-439f-acca-5624dec3a351,L3,Tweet
3595c6fd-49d3-482b-a33f-e5adc886aff8,L3,Tweet
359b6b48-6549-4acd-9677-60f842efd589,L3,Tweet
35a54561-5eca-4e29-9ff4-7b6b3b98e35c,L3,Tweet
35b0fcb6-9b20-44fd-b452-08e0c24c4eb5,L3,Tweet
35c15cf6-be31-4982-9244-a1679bd55da1,L3,Tweet
35c442e5-0f3e-47d4-99d3-2578c8899fc6,L3,Tweet
35c4bab3-0b5b-4558-8e66-7997abdfb5ad,L3,Tweet
35d0a054-b7c3-43a9-85d3-8ff8e0d95007,L3,Tweet
35d4f450-9836-425d-a576-63635f5d2699,L3,Tweet
35d5da23-9d06-42e6-a829-90a7a4c53481,L3,Tweet
35e835ae-df01-497a-a07a-4395955a0425,L3,Tweet
35ec0d1f-67f8-4c10-a5c8-60a26f036a44,L3,Tweet
36060e2f-3f2d-437f-854c-e98be7a29900,L3,Tweet
360bfa4b-c546-404c-b8a4-ce417c91b060,L3,Tweet
361156c8-e05d-47f0-a291-edcc40db9716,L3,Tweet
361e87b7-9b39-41e8-a160-f70bfacba304,L3,Tweet
362e9f45-fbff-42ca-855d-de91d9cbc80b,L3,Tweet
36305e55-5b4c-45e7-ac6e-87c3c8b69466,L3,Tweet
3650ed63-e78d-49f2-b5ac-1d796cf0965f,L3,Tweet
3662b5af-e426-4b9a-9e36-4e56ac0f7751,L3,Tweet
367366b6-6ccf-40d9-94e1-88b445e6a1d2,L3,Tweet
367cb8dc-f2ac-45af-91b0-06161e694c5a,L3,Tweet
36950145-18d4-47a6-8afa-bc45b66fa74a,L3,Tweet
36988daf-9dad-4833-a48b-5e10791180d2,L3,Tweet
369b0d1a-4757-4587-8023-6d34e4a6fe93,L3,Tweet
36a0e1ff-95f6-4a3b-b454-de552b99dbe2,L3,Tweet
36ae0b85-54a9-4326-8022-8b638d59b109,L3,Tweet
36b77a82-4d94-4abd-8228-d69a402acdbf,L3,Tweet
36be87f9-842a-4d2f-bfaf-63f237068a88,L3,Tweet
36c59b17-3ef5-49e4-8ae8-8151c5e32f08,L3,Tweet
36d08212-ac25-4254-ba80-3d19a83dc342,L3,Tweet
36d7e2cc-573a-4b94-8bc5-db769fe1de8b,L3,Tweet
36d99fd9-f72a-4f60-aa68-286d3473cdda,L3,Tweet
36dcba94-e0eb-4100-b337-4602510a1a55,L3,Tweet
36dfa123-34b9-4f95-b3dd-a37eb981db86,L3,Tweet
36e58618-00bb-4979-95cc-806673e0f884,L3,Tweet
36ed8ceb-90de-4ac6-bd28-feb976d97ae1,L3,Tweet
36f2d77c-616a-4355-9429-aa8f4ee133df,L3,Tweet
371a0c00-60f6-4f8b-bca7-719ed4fee9e8,L3,Tweet
371d8498-653a-44d1-9c11-68d2bb7d9f4f,L3,Tweet
37226f8a-101d-4812-9b14-93728a020cd6,L3,Tweet
37286234-ec76-430f-9fba-65975ab78936,L3,Tweet
372d9af4-e69d-4d4f-854e-075fad9652c3,L3,Tweet
373bc2a2-8977-4948-8547-d21b091da4e0,L3,Tweet
3750d3d4-dfcc-4a84-a2e3-37a3ad55cde9,L3,Tweet
3774d649-d6be-4662-aeec-52800382a9b8,L3,Tweet
37770dc7-1cc6-41ed-80db-d08cd2945261,L3,Tweet
3787eff6-2005-478e-8aa3-eaf176bea8b5,L3,Tweet
378ba0d8-1926-4bd7-802d-3434afbfe204,L3,Tweet
3791e737-1b86-4c4b-b6f0-196adc93c22c,L3,Tweet
3792cfbf-9130-4dec-b2d9-37ef48dd323b,L3,Tweet
37a2e0e3-49fd-422b-90e3-7f738870a808,L3,Tweet
37a473cf-e4d4-4a0a-85bf-fb88e902fa1e,L3,Tweet
37ab49db-fe5c-4641-a41e-1c2eaa960495,L3,Tweet
37afc63b-7cb5-461d-bea4-82ec3d49a72d,L3,Tweet
37b783bb-7ca5-485b-ad36-ec60c7631031,L3,Tweet
37d67ae4-90c3-45a9-89f2-1e633ed7304d,L3,Tweet
37daebc1-bf52-45cf-b514-31fd8e07af33,L3,Tweet
37e51b8a-f20e-4e70-9965-c4fcbbdf5b52,L3,Tweet
37e5f11f-536d-4263-8543-32085fb02378,L3,Tweet
37f1b729-9d05-436f-a6f1-e99e2ab13ab9,L3,Tweet
37f3450c-a181-46e0-ab1e-dd2cadf6f8e7,L3,Tweet
37f3b9f8-5b35-4acf-976d-f6423dc2de81,L3,Tweet
37f557fb-a2e7-42bf-a8e1-95b83d9e248f,L3,Tweet
37f7aec8-e9bb-47dc-914e-e72384150f48,L3,Tweet
37f883a9-3170-4387-9a87-7b2bada8c508,L3,Tweet
380e7978-42c5-4efa-8439-e030e45c59bd,L3,Tweet
382e825e-ff09-47d8-83f1-4c16e358ace9,L3,Tweet
38321cc1-15c9-4933-8331-ffbaec670954,L3,Tweet
38498b8c-cc52-45f3-bf67-7f3fe80f9566,L3,Tweet
384d25b0-9c8b-446c-be99-5ed0e6282757,L3,Tweet
387c61f0-2b29-43a2-84fa-c7960d7e5850,L3,Tweet
3885a18b-ffbe-4a79-8b8c-fee78fb160fd,L3,Tweet
388d039a-1734-4271-92b3-0cdbb8dc8f21,L3,Tweet
38925c97-86f2-43d4-9095-d80bec5f3cd9,L3,Tweet
389d95c6-d8b1-4b0b-b755-53ec70814ccc,L3,Tweet
389d9c54-5f91-474f-bb94-326ef371e7f4,L3,Tweet
38aad760-9f95-45f7-9605-231233c5f207,L3,Tweet
38aaed89-24d0-47a6-bd3a-f667d35a3a4c,L3,Tweet
38ad6f24-2aad-46aa-8405-8bb0fcd67a1b,L3,Tweet
38b5f174-50f0-405a-97d6-57a483b0c3f2,L3,Tweet
38c5ad41-4717-4f74-9868-f6b17a2e4000,L3,Tweet
38cd6afc-4ec6-4758-b692-39313128b64a,L3,Tweet
38d840a0-03d4-43e6-8424-2998477d1683,L3,Tweet
38d8d66a-4f06-4c8d-afbe-7020fb8dd9f3,L3,Tweet
38db61ca-b87f-4e1d-8596-aec0d00d05dd,L3,Tweet
38e44fe4-8cf6-4ea1-8cdd-485fbe608138,L3,Tweet
38e7036a-2a4a-4ed5-b718-86f862bd857f,L3,Tweet
38f84e8a-201d-4024-a616-64da8edb1e1f,L3,Tweet
38fee7aa-f8e0-491d-9de8-062988a1fdbb,L3,Tweet
390b9a48-d926-4622-907a-52bc60869a37,L3,Tweet
391a1588-360e-42d0-abcf-f0eb4598cf2a,L3,Tweet
391fd4b5-4396-44c6-9d49-940d9984599f,L3,Tweet
39279924-0b7d-4d43-b5df-701b7280e5ab,L3,Tweet
3929207b-382c-4ab0-a159-bafa357e6a33,L3,Tweet
3929e8b8-d105-457c-8618-73f3361cbee9,L3,Tweet
392ce898-23a1-460f-9ecd-5b64ca04231d,L3,Tweet
39353620-5988-4aa0-bcfd-62aba443d852,L3,Tweet
393a8039-280f-4206-ae72-2b26d467c3da,L3,Tweet
3944256c-7aa6-407d-a33c-d60171d2ac14,L3,Tweet
39476b16-cd60-43c5-ae41-df0a0b2944de,L3,Tweet
394b97de-9b18-4433-a66e-4aa86a6882ab,L3,Tweet
3957d7d2-eb63-467d-b49a-257c7f844153,L3,Tweet
395f06e7-b34c-48d0-9f24-a135650e82f4,L3,Tweet
396922ca-e68d-4d91-a5db-5d649329c273,L3,Tweet
3971ac2f-17cb-41f5-a305-0096d4f767a8,L3,Tweet
3975d1d5-9513-488e-a8de-69c4c2bfb3ca,L3,Tweet
39797b81-4c48-45d4-887f-70aa102073b2,L3,Tweet
397a6b31-6575-487f-83c5-657c7f1da097,L3,Tweet
397c3a6a-507e-4428-953e-be0d4b6207fc,L3,Tweet
398cbb6d-4129-4762-a2cf-642c4f6126fa,L3,Tweet
398cc261-ac0f-442d-a380-f39f502a01d1,L3,Tweet
39956a48-b2bd-4961-8451-c7411ee299fb,L3,Tweet
39965414-e23d-4203-8053-3dcf59cc97c4,L3,Tweet
399815df-8453-4b2a-af43-c49e9b6b9262,L3,Tweet
3998a157-39b8-4b90-a1df-93c7fd250967,L3,Tweet
39a3ebcb-8704-48f7-a6ee-928c3f62decf,L3,Tweet
39a763ae-c32b-4fc0-b0a8-c3711cdeb091,L3,Tweet
39ada33c-cb60-4dcb-b999-1013616a7d9f,L3,Tweet
39b1bbbb-3b6e-4d5e-b22c-6d0de73a0360,L3,Tweet
39bdfc79-2c49-4c8b-ae47-0eaf266f8280,L3,Tweet
39cdc9f3-0761-49b4-8a8e-95fdd4dd7780,L3,Tweet
39e1d842-e3a9-4606-a854-7ff0fb96b8a6,L3,Tweet
39f7f42b-51ba-49a6-ada4-00ee5567551d,L3,Tweet
3a09c73c-f57d-4add-86a9-6612109b1cc7,L3,Tweet
3a0abc10-a1ba-42b5-ab0a-f706c2fe3c85,L3,Tweet
3a0ae19e-4e46-49d1-b38d-8fa50498233b,L3,Tweet
3a108fb4-85b2-4817-970e-0e347f392b30,L3,Tweet
3a1217ef-fb5e-4ddf-963f-803a32f2d7bf,L3,Tweet
3a1bc5c4-6a69-49eb-9011-70c15fb2622f,L3,Tweet
3a1f2dc1-f74a-4ea7-854a-da55325d4526,L3,Tweet
3a2682d7-45b9-4ab5-8a88-d72ad5c41562,L3,Tweet
3a2a8be7-46a3-4df9-9fcf-4dde96f68808,L3,Tweet
3a2acecf-a8fb-46bf-a8fb-562189c5ec6e,L3,Tweet
3a793918-fa31-46ca-b5b5-a6824c519b15,L3,Tweet
3a90e19b-a186-42d2-916a-ea668c21bce4,L3,Tweet
3a9231a7-bd5c-4aa9-a2b5-2e905faf66ec,L3,Tweet
3a9edd21-01fb-49ec-90ac-c0b77b8a1514,L3,Tweet
3aa8aa9b-abfe-4297-a404-839a8fd6281e,L3,Tweet
3ab4b28d-40f3-433e-9afb-3412c94363a9,L3,Tweet
3ab983e4-bea2-4723-a32b-d22c57c4ed89,L3,Tweet
3ad2ab61-7a18-4929-8a3c-fea481d3a9f2,L3,Tweet
3ae2153d-497b-47d7-a37f-1c9badcebbcc,L3,Tweet
3ae9a439-49e7-4af7-b887-3a875949ea0f,L3,Tweet
3aeb9027-3a96-4572-bcc6-d1d908ff0e39,L3,Tweet
3afa4a1b-64e3-4bbc-b0bc-253c5b090be5,L3,Tweet
3afb7172-5387-4354-a798-7fec1c3388aa,L3,Tweet
3afe2f27-8443-464c-bfd3-790ef4c31a60,L3,Tweet
3b00bee1-7790-4fc2-bdca-40f4ced857e3,L3,Tweet
3b0473d7-08a6-4c0e-9760-d9c43cfceda4,L3,Tweet
3b0b0e0c-96f0-47ae-a50c-096a307efa00,L3,Tweet
3b1153fb-7bdd-4446-8c24-d6bdedaf94a7,L3,Tweet
3b1bf781-2919-47ae-92be-14a0ab54655e,L3,Tweet
3b22dec3-82ed-40dc-8574-7dd71465de9c,L3,Tweet
3b2b6c1c-3696-4ac0-a551-c1dcd8df113d,L3,Tweet
3b30fee2-5738-452e-ba94-ec1c790dcad2,L3,Tweet
3b318960-b1f7-4c13-b857-a73385e7d80d,L3,Tweet
3b4093f9-cb62-4da3-a031-9a4260957881,L3,Tweet
3b50b857-6046-4098-8fb9-96316475ef52,L3,Tweet
3b5b9fb5-e260-4ec9-a744-2a119b038512,L3,Tweet
3b5f49db-bf25-432a-9611-bb6e014e5d18,L3,Tweet
3b844244-794e-41d6-b42b-aa236321697b,L3,Tweet
3b861169-1d14-4b24-9956-804b5628ce43,L3,Tweet
3b88dfd4-c522-4a10-aaa1-efa4dd2c0612,L3,Tweet
3b8c69a3-43ae-4270-8078-596b0126b2f9,L3,Tweet
3b9e31f1-3383-4a07-92de-7fe6ec0daaf8,L3,Tweet
3ba220c1-5080-4020-b564-4b42e61e274f,L3,Tweet
3ba793fc-69e3-4dcc-bbb9-02e688188087,L3,Tweet
3bc05a28-7d22-487c-9564-9f478f2d0975,L3,Tweet
3bce4ae0-14a7-4778-9a38-29c8b613b2fc,L3,Tweet
3c0c06e1-73ce-41c6-8f78-bdf1b60c6d73,L3,Tweet
3c0e3a53-4825-4fdb-8fe5-624b9705bb41,L3,Tweet
3c0fda35-c140-484f-999e-696873afb7b8,L3,Tweet
3c12adde-5c82-4d3e-8b3b-44289e495409,L3,Tweet
3c16e371-98a1-4ac5-8ad8-d06d055ca5ab,L3,Tweet
3c1772a2-9ef5-40a1-9b3b-cabce0a8e0e3,L3,Tweet
3c2a20eb-579c-41c4-a041-7e60bccb70b2,L3,Tweet
3c2a627e-adc3-4875-927f-84702dcef14f,L3,Tweet
3c2d824b-aeae-4532-892e-44a165a1c470,L3,Tweet
3c31a342-07a8-4960-84a9-593ea377df2d,L3,Tweet
3c374d59-f8aa-40a6-8407-ff15c89bb3cb,L3,Tweet
3c473019-8fde-417e-b5c5-cbcded035663,L3,Tweet
3c4c34de-9bdb-4e03-a0a2-e45a7312027e,L3,Tweet
3c4e4af9-1595-4551-b726-a917fa1b4d94,L3,Tweet
3c50d126-cd9b-46ba-8424-6a9421b7aab9,L3,Tweet
3c51f723-3e6c-43fa-be29-cae3549e9fc9,L3,Tweet
3c5bd9c2-26d9-4462-8449-7c7332308747,L3,Tweet
3c61bd86-b5f1-4b53-8aaf-4c161d999d4c,L3,Tweet
3c65c3a0-6cb2-4c36-8dd8-f640546df2a2,L3,Tweet
3c68bccf-b717-4ec2-835f-004c3f52eb8a,L3,Tweet
3c770f1f-3133-4b92-a8b3-fa08ec8bdf76,L3,Tweet
3c791276-7665-4d8d-a6a1-55e5ffe7d568,L3,Tweet
3c868f6c-de28-4928-a4d3-dca5fe61ebc7,L3,Tweet
3c92e299-0ba9-4469-b41a-441739e189de,L3,Tweet
3cab29bf-f438-4c3e-8f1c-a7be66c00fd2,L3,Tweet
3cb06707-655d-41d4-8e52-eeb174491fc7,L3,Tweet
3cb694bd-5c20-419a-a616-633f6d53d27a,L3,Tweet
3cc849e1-5103-4a97-8fb2-ac8a6aeff03f,L3,Tweet
3ccd74ed-b41d-4616-96c7-5c76aab52c1d,L3,Tweet
3cd506ff-421e-44ab-bdf1-fafc02c451d0,L3,Tweet
3cd99b8f-576c-4c84-ac52-3709e8901547,L3,Tweet
3ce8934f-8631-4baa-8904-579988fdd771,L3,Tweet
3cf5de9b-7288-4f54-961b-3e11d4d2ea75,L3,Tweet
3cfa09f7-9b57-4c28-991a-bce6ebc3fe58,L3,Tweet
3d0d22db-3cfb-4cca-a0ca-48d21a82daf5,L3,Tweet
3d1ea28b-f271-444b-b2e5-d2ef48481391,L3,Tweet
3d1f9c1a-ee74-4a45-b1d8-8a7ef6c968cc,L3,Tweet
3d21ddf8-1043-4e7b-adbb-1cdf17acbbfb,L3,Tweet
3d2b6391-6bd2-449b-944f-29a541fdc892,L3,Tweet
3d3b1012-5a26-4ed9-bd96-58f411585ea0,L3,Tweet
3d3b2e85-883a-462a-af0c-9c325f6643c7,L3,Tweet
3d3d6c2b-be3e-4510-9e14-37ff1eb1cc76,L3,Tweet
3d448cdd-3d76-43c7-b699-94d47dc4c1aa,L3,Tweet
3d468ae4-058e-409a-afb1-ce070150bce1,L3,Tweet
3d5d67ea-147e-4691-9c01-dcc71279708d,L3,Tweet
3d5e326c-d9ee-4593-a3d9-6bea69ddc152,L3,Tweet
3d64f783-a26b-4de2-95aa-0e8e91c970ca,L3,Tweet
3d708655-22bc-4c3d-9fe5-0fddafef83d9,L3,Tweet
3d74a95c-d792-4c47-92fe-f52f20007a9b,L3,Tweet
3d848c72-a2fb-4454-857d-d7cea9a20b2c,L3,Tweet
3d8d5b6b-8922-4495-aa00-937f9cce0640,L3,Tweet
3d8dd372-a20a-477c-84ae-62a2400efdd1,L3,Tweet
3d9944de-9d7a-4530-a941-32022acd4abf,L3,Tweet
3da15aa7-d32f-4db5-9511-4d37bdb503b2,L3,Tweet
3da5cbef-b84c-45d5-ba69-56d31afcef9f,L3,Tweet
3da9ada4-72b9-47db-9a0b-6dea45ab71d2,L3,Tweet
3db6b022-98c8-418c-8588-edd749ec3206,L3,Tweet
3dcd0034-a5eb-4519-9574-7993e17192fc,L3,Tweet
3dd537a7-ec3d-4abb-9b7b-1f011736ff3c,L3,Tweet
3df15f97-c376-4d58-9d81-857eb8473edf,L3,Tweet
3dfc6f66-fb04-47a4-ae0b-87d58e788de7,L3,Tweet
3e1153fb-c75d-4324-ba00-de90764e9761,L3,Tweet
3e1418f8-04ba-4d0a-99e2-680403e1495c,L3,Tweet
3e23a5de-906c-403f-9237-8f9138ba72f0,L3,Tweet
3e3a60d9-e676-4813-a5bb-3724c1133642,L3,Tweet
3e3d1d7d-9cf2-425d-ac09-03f4b209afde,L3,Tweet
3e4c09d7-a82b-4b17-9626-3cd71617a08e,L3,Tweet
3e4d6d95-723e-4c35-81e6-173c20291021,L3,Tweet
3e4e4f16-4d37-45ac-a0f4-ac8b294982b5,L3,Tweet
3e4e77b3-45ba-4730-8d25-1945d112ec4c,L3,Tweet
3e568edd-4895-4862-928c-dd2475c6181e,L3,Tweet
3e5d4f73-9115-45c9-aca5-a9758fcaf3dc,L3,Tweet
3e65204d-a6cb-49d2-839a-e9c83e00e509,L3,Tweet
3e671ef4-2c24-4a06-8fa2-ddf21a7e5b59,L3,Tweet
3e7643e6-b26e-4dcc-b51f-36e260bfde3a,L3,Tweet
3e83a371-bf2e-493a-b89e-c3e42f58b317,L3,Tweet
3e8913ad-e65a-4e84-ba26-2c72e0fe8b0a,L3,Tweet
3e907ae2-f2e7-4bc5-a81f-1143b7bb434a,L3,Tweet
3ea542de-48d2-4d4f-bdf8-82b296a175f1,L3,Tweet
3eaa59a6-633e-46c0-b111-1c750a3c2e23,L3,Tweet
3eab03c3-7b2a-4e66-bf77-04f5a956ddeb,L3,Tweet
3ebc4a55-070e-48b4-a43e-c41a0c6699ce,L3,Tweet
3ece4815-a705-4f63-8822-30bd393feedd,L3,Tweet
3ed6cb53-ae9d-4eb2-8c05-51f1daf6b002,L3,Tweet
3ed8ffe8-7609-4bd1-893d-4e18f4a44050,L3,Tweet
3ed96cb3-1164-4211-a34d-ef71ccab5b65,L3,Tweet
3ee1e762-b0a5-4274-89fb-bff4065d2ce2,L3,Tweet
3ee719a1-ea9c-47db-ade9-744dfeb19aea,L3,Tweet
3ef06350-fe5e-488b-8772-bdff24789be1,L3,Tweet
3ef78a91-25ea-4d9e-a0ec-054e1a5c91c4,L3,Tweet
3ef7ce40-72c9-4a0e-ae55-549b78c10fe9,L3,Tweet
3f070f99-7a91-41b3-b23f-c108fbdb6773,L3,Tweet
3f07b059-1f49-4e47-aa3e-84d9ea950771,L3,Tweet
3f09f9cc-4407-4e5c-885b-dfcfafc16236,L3,Tweet
3f13e42a-09a0-4156-82a6-8ff7ca9ed830,L3,Tweet
3f25f82b-7976-48e1-8270-84a881d15dc3,L3,Tweet
3f28e805-0be5-4c3e-b7fa-8e69f55795a4,L3,Tweet
3f2ab96c-bf3d-4b97-88e6-83d5f58e15c6,L3,Tweet
3f2b32cd-426c-4040-a16e-62925cec44e1,L3,Tweet
3f4f2950-1f5a-410c-8f65-b4b94785730d,L3,Tweet
3f5d4c77-f8ea-452b-aafc-55015091906a,L3,Tweet
3f6cd156-7e9a-4b5f-9871-61f55f9b6b92,L3,Tweet
3f749e19-1dcc-4bed-b494-41d0803d9a24,L3,Tweet
3f763825-ac55-46f8-aff9-973b3bd712fa,L3,Tweet
3f92e155-cac4-416e-9d6c-c1d109fddbfe,L3,Tweet
3f93c898-22eb-4ff6-a0f4-6ab6f0a2e314,L3,Tweet
3fa70f10-72e5-4b1f-a6da-9c22489f2490,L3,Tweet
3fa8594d-23be-4ee2-a369-3f28bacc46f8,L3,Tweet
3fb9053b-780a-4326-888c-7b7d9b3a8987,L3,Tweet
3fbdbff1-fc7b-480f-9db1-fcb045a36ac9,L3,Tweet
3fc0689c-99c2-4bd6-a82d-ee06a402483c,L3,Tweet
3fc697a9-feb9-48e9-8905-9835e005aa01,L3,Tweet
3fd2704a-6bc8-439a-b663-e46a92eca334,L3,Tweet
3fd71ad9-2747-46f5-9b3f-b6612f0d8e5d,L3,Tweet
3fdd1dc4-dc45-4071-8895-5f9599a19dcd,L3,Tweet
3ff06f24-fa09-4523-bac4-a8632b1b974e,L3,Tweet
3ffd4f40-03ee-452b-9b94-221854f39e14,L3,Tweet
40021e66-bb72-4705-be45-fc9c997aba72,L3,Tweet
4002576a-6a6c-42b3-a9cc-43447899c4b3,L3,Tweet
40122999-4a86-4476-ab69-0f9bd3e2c82c,L3,Tweet
4015ad64-b024-4829-9ae0-2a99a409a68b,L3,Tweet
4018c524-06be-4e21-a602-aebbff37d285,L3,Tweet
401ce734-3b90-41af-aecf-dc711690adf2,L3,Tweet
401d8edf-fd63-43fb-8060-c13c4545db12,L3,Tweet
401ff09c-da2a-4fcc-b1b7-fbf5a59dd22d,L3,Tweet
402df4c6-b0bf-40ce-b86f-99f84ac136b1,L3,Tweet
402f987e-2ed4-4791-be02-ca1d13fa3e24,L3,Tweet
4044c2e3-1c68-43f9-adeb-8ceebdcd0044,L3,Tweet
4044ea68-8a3e-4663-bf36-8b71b580b712,L3,Tweet
405631b1-1a30-4435-b2fa-1e55ec9a4bf7,L3,Tweet
4060e526-6d21-4214-a9f7-4d7cabe4632a,L3,Tweet
4066864f-5d3c-47e0-bd43-779b9722b2f4,L3,Tweet
406ad2f0-a694-40c4-896e-8c916fb6b907,L3,Tweet
40730cfa-b776-420d-a401-ae0d32c1381b,L3,Tweet
40779c13-8a53-4e8a-aa18-93a8057138a7,L3,Tweet
4078a943-6dc0-44e6-a693-e0fb0870c9bc,L3,Tweet
407ed166-86a8-4c2b-9c1f-cc9032cf7b27,L3,Tweet
408802fc-31c4-401a-a7fd-875d513dc714,L3,Tweet
4094306f-4df2-4f22-b1f1-7b27874e3799,L3,Tweet
4095f653-0a06-4bc2-8d9c-3577f9177914,L3,Tweet
409eb269-6e40-4b42-a6f3-260fee99ffe3,L3,Tweet
40a11db0-1be4-42c7-8a8e-049dde3a49d2,L3,Tweet
40a17607-65a1-4393-990a-18f30b1d1153,L3,Tweet
40aa395e-d39e-4ad2-937d-0a2f23cb93ba,L3,Tweet
40b1209b-0f75-4390-ba9c-28f6f9a03dfa,L3,Tweet
40b59d33-3203-4896-a17c-5b0908730852,L3,Tweet
40b9f878-0ae1-4226-8558-d48f0dbbbef6,L3,Tweet
40bb8753-b1a1-4072-9137-b6d074e1c0f5,L3,Tweet
40dd2d61-cddb-4611-9cd1-e0d25441cc36,L3,Tweet
40e08271-1f11-4063-94e4-a36c47cd1b12,L3,Tweet
40e103d8-713b-4e79-bd11-f214aa70ee40,L3,Tweet
40e9f3fa-3c6e-4055-933a-7b572adaf431,L3,Tweet
40ff8c1b-21b1-49f2-ad5b-149b61fb7c30,L3,Tweet
4102d593-1665-4bb8-a591-34e2ac07e509,L3,Tweet
410ae61e-1ee0-46e3-9152-ac511947f318,L3,Tweet
4111a5da-bb8e-4aa6-8b47-6ab8a61beb30,L3,Tweet
411e1c38-b663-430b-80dc-efb8caf33436,L3,Tweet
412524f6-9fc1-413f-8d9f-26af4f0a66f0,L3,Tweet
413ecd9c-791d-415d-8664-448aa9671ae0,L3,Tweet
4140d30c-130a-4e1c-8acb-1a21d243f8a9,L3,Tweet
414f51ce-f219-4e3d-99af-291fdb4e2f1d,L3,Tweet
414fc4f1-40ec-4d1d-85af-074f921b1335,L3,Tweet
41530b8e-cfd1-4eef-8972-487802797322,L3,Tweet
41569f37-49fa-4540-a499-91cfdeb5b575,L3,Tweet
415b21cb-ac7d-44d6-a9fb-8799816b131f,L3,Tweet
4164320a-42ea-4c52-aa37-d0cccce978d8,L3,Tweet
4165f25e-4404-4b7a-91df-24afe54e8c01,L3,Tweet
416767fb-8653-4216-a7f7-08c1140fbe99,L3,Tweet
4180583e-e890-400b-a542-78cf549fb482,L3,Tweet
41819b67-f958-420c-8a2e-0a310becadec,L3,Tweet
418426d5-7d5f-47f5-91ee-e3410d91f44d,L3,Tweet
418dd267-4530-467b-aabd-d074b0e91efd,L3,Tweet
418f5f93-453c-4997-ad63-15e8fc4b6f30,L3,Tweet
41900b50-1c35-4c4b-af28-9c28c4b706a7,L3,Tweet
4193cab7-1daa-48fa-beac-1ff29d760462,L3,Tweet
4195af10-a564-4f2a-a4de-5fa4bf8f6536,L3,Tweet
41b79089-f350-4c55-b2a4-9f7657f4d36c,L3,Tweet
41c98447-508a-4b6c-b4d7-58dda44f9678,L3,Tweet
41d20476-4c2b-4d7e-bb3c-45a6bcff09ce,L3,Tweet
41d4676f-8c8f-4f26-996d-ca45dec8d826,L3,Tweet
41e37783-9310-432b-9dfb-94d170e7d449,L3,Tweet
41e5468d-dc2a-41bf-8666-5e7817824a5a,L3,Tweet
41e5c33f-e0b9-44fa-8012-27e311d81114,L3,Tweet
41f077ad-e994-4c93-995f-2933c9dec815,L3,Tweet
41f97c6f-9787-40f7-b36d-d7a4f609d807,L3,Tweet
420b1289-dce9-4024-844e-8719ff9dbcb5,L3,Tweet
4214e581-1c45-4af5-9829-51d010625069,L3,Tweet
4216b83d-67e9-4871-b3fa-b98cb0e1b79d,L3,Tweet
422237f2-2e38-4598-b96c-b65abaf8b8f2,L3,Tweet
42279fa5-10d2-48d0-a36c-bb0587825b1b,L3,Tweet
423b927b-7f1c-49be-8fbd-02da6fadf7bc,L3,Tweet
423ec920-4002-420f-a578-19d79458b247,L3,Tweet
424d704e-aacc-4e94-8e10-afc0cbc87011,L3,Tweet
4250b53f-8563-4122-b987-d21860721af1,L3,Tweet
42523d95-3b98-4de5-9f0d-a40da786b087,L3,Tweet
42535f1e-44f6-436c-bede-0c9de73ab66e,L3,Tweet
4253a8a6-20f5-4792-945e-86956c84fc42,L3,Tweet
425604e8-4b13-41bc-b63a-75d87e8357e2,L3,Tweet
42575a7a-1a15-4a8d-b4d5-c9c3b2c0cc5f,L3,Tweet
4257c795-b949-4c55-b2b7-247082787685,L3,Tweet
425d65da-0afc-486f-849d-aed199fa877b,L3,Tweet
426aff6c-125e-45e6-8fd1-b164ed3142f5,L3,Tweet
428bb593-7a9b-4c0f-98e0-29bcc4264b97,L3,Tweet
428c0d09-bd96-4948-9c0f-455e335b8177,L3,Tweet
4296cc5a-4358-4bbe-9ab5-1192104b8540,L3,Tweet
429aab49-beb3-479d-a0e8-a1c0c7f0b029,L3,Tweet
42a5b5dd-9003-476c-838d-addc639bb84d,L3,Tweet
42a8ab76-c592-4ff8-884b-a2d9a7d3cb2b,L3,Tweet
42a91200-d6af-4a4a-9fcc-55e601992c44,L3,Tweet
42ac2966-3c69-40d6-8d84-a003a6075ae8,L3,Tweet
42b2efa9-7e76-4a21-ad32-7252ef74eaf3,L3,Tweet
42b4813b-cd12-4ea8-b6b0-5c300205e49a,L3,Tweet
42bf75a4-d7fe-4942-8285-f4c55ec09be2,L3,Tweet
42c6cf50-60e9-4d5b-8e8f-77eedbcfcc4a,L3,Tweet
42c7984f-6728-4e31-94b5-0eff48d97b16,L3,Tweet
42d19182-fa4f-43a7-86e5-3c0383d6398a,L3,Tweet
42de8397-0cbb-4e73-aa37-83000995ef4d,L3,Tweet
42eb5241-0f9c-404b-9ab6-44cdbc39fb2a,L3,Tweet
42edadde-f5db-4a5c-b2b6-1a39e003d753,L3,Tweet
42ee74f6-4e9f-4aa6-91cd-4966a36acff2,L3,Tweet
42ff2048-300d-4b02-bbd7-b0393acc465a,L3,Tweet
4303dcb2-781b-4585-8be7-0814a4a6bcb2,L3,Tweet
4303fa6d-fda2-4196-accb-10f505f91b91,L3,Tweet
43154d69-18b3-4241-b9e7-e8842ce78f41,L3,Tweet
431e0d15-18fc-4f04-a20c-9a3423b4b72f,L3,Tweet
431efa08-2833-4324-8ed7-e7a877fcdf90,L3,Tweet
43307927-7766-4e30-af3e-35ba4904420f,L3,Tweet
43405f65-b9d1-48ee-a415-4eaff9662549,L3,Tweet
4345d2df-3850-4e4a-acfc-1362edd1f30b,L3,Tweet
434ab504-c7fb-4b25-a106-0ad7d671f25f,L3,Tweet
434cc546-49b4-463d-8613-f801fb14f619,L3,Tweet
4352d728-ef07-46fc-aef3-848e94b9c5c8,L3,Tweet
4354332b-5067-4d75-836e-ed801f69594a,L3,Tweet
435aa62c-303e-4306-9243-fc75b3c4ac9f,L3,Tweet
4365c942-18d6-4350-89f2-68b96647b091,L3,Tweet
436cf0f9-8ac7-497e-bf10-06f03bc2ac4b,L3,Tweet
4371f88c-d372-4e48-923a-7d684ec5b1a6,L3,Tweet
4372e202-317e-4e89-b6d0-b08bd26c4471,L3,Tweet
437304b1-04eb-477f-afe3-769a690269f2,L3,Tweet
43786df6-101b-4b32-9c56-728a27f6554d,L3,Tweet
437ce66f-0f77-4b56-8900-eed36351525e,L3,Tweet
43800313-76ef-432f-8c02-d737db28d031,L3,Tweet
438025e2-a87b-4dbf-9b2d-a01c92884a16,L3,Tweet
43970f99-f301-4dc9-8923-1cdbbba75dcb,L3,Tweet
439aef61-b812-46dc-a3ef-e752a1d01ec9,L3,Tweet
43a12088-3a5c-4076-b1ac-73d265e42112,L3,Tweet
43a6ac77-346e-4bf4-ad1a-97e4496f8f4f,L3,Tweet
43b2a449-e78b-4d76-a185-bfb6e990d952,L3,Tweet
43c9f505-2143-4469-b710-6f854d26a200,L3,Tweet
43cfc6a9-7f82-482d-a6fe-a1ca7ec966bf,L3,Tweet
43dc8652-044b-410f-ab98-161083681bb9,L3,Tweet
43e28012-2e28-49b7-9bf6-f9ff519de857,L3,Tweet
43ea1950-4f3a-4b68-862e-7f03d5c65d8c,L3,Tweet
44045ba4-e7fb-4925-adb4-80ec2dd2a771,L3,Tweet
440db0b0-2a42-4829-9d8d-c58680710c0c,L3,Tweet
4411d23c-26cd-4d8b-b312-c21e348b5975,L3,Tweet
4418c6d5-f373-4c29-aabf-a1e6e4614052,L3,Tweet
441eb67f-2675-439c-812c-35793e4b8aec,L3,Tweet
442376b9-24c3-4052-8198-426241edf266,L3,Tweet
44272fc5-dc4b-4261-a3e9-54757e353e6f,L3,Tweet
4428196c-5fb1-4b77-a4d0-bead3d9375b4,L3,Tweet
442ed285-bd4f-4dea-a404-a4e523348bdc,L3,Tweet
443749c8-f845-4d10-bdd1-eca056d9bb3a,L3,Tweet
44461575-1025-40a3-a596-2da6b7c2e58a,L3,Tweet
445b48e5-449f-4098-903b-df97bf93a7fa,L3,Tweet
445fbf83-4e82-4308-8092-8e73c787ac79,L3,Tweet
44712e69-619a-4566-8a91-541b15188155,L3,Tweet
447270f9-aa33-4201-b81a-c5eabb005b42,L3,Tweet
447380be-382b-4536-a605-740657a0c184,L3,Tweet
447a1b6d-d828-4d1a-a0dd-a69285080618,L3,Tweet
447deceb-89bf-4749-82c2-3e908dfe3b92,L3,Tweet
44830add-54b7-449e-8966-06817d8f831f,L3,Tweet
448f6f0b-d1c8-4bfd-9b0f-cbab40d7d8b4,L3,Tweet
449e2084-b9a4-4ea5-976d-979a21454ff4,L3,Tweet
44a6e45b-7c92-4dcc-bb0b-2e2cd5536983,L3,Tweet
44ad5772-8bfe-4acd-8d50-54f0ca416730,L3,Tweet
44ad7ae7-1445-46a9-8c8f-d9bc26b6fbef,L3,Tweet
44c12df3-b55f-42bc-bc1e-f2ac695890c3,L3,Tweet
44c587a5-399b-4274-a6fc-0fc67419df30,L3,Tweet
44cd534b-f240-4293-9f26-1588bf912577,L3,Tweet
44d3d585-5299-4b98-ae54-bd03a270813e,L3,Tweet
44dfbeaa-5108-4f0d-8286-5836d3bfbbbe,L3,Tweet
44e4de26-77fd-4645-91dd-58bfa330a37e,L3,Tweet
44f40cfa-6975-4571-a9f7-4d133d1ff527,L3,Tweet
44fc54ac-d108-496d-9524-e6f0c5c190f9,L3,Tweet
44ff319d-ba84-427c-abb1-99f360749d5f,L3,Tweet
450edec7-80d7-47ce-a0e1-dc4abdbd9849,L3,Tweet
451827ef-f37b-4ff5-9897-3563b6eee334,L3,Tweet
451da2c8-17e4-4c08-8d15-8a5147804240,L3,Tweet
452636b5-57ac-4aa2-a1df-2b57f6bc254b,L3,Tweet
45267246-f661-468e-9b02-07247257a735,L3,Tweet
4529b34c-ef22-40ce-b1de-66dc60eb62cd,L3,Tweet
4545f831-f293-4bbc-b56b-8abbf9331116,L3,Tweet
454a4379-3901-46be-8d1f-749404e477a8,L3,Tweet
454c7bad-43b1-413f-966a-373f95b743bb,L3,Tweet
45728dff-1152-4f1e-bcf0-a0e143d774d8,L3,Tweet
45795b15-192b-482c-9f51-9c47281f8637,L3,Tweet
459d3a6e-d974-4264-90e5-e085301b186e,L3,Tweet
45a5d9d3-0a14-4b69-9d73-2f1333e95571,L3,Tweet
45b50be5-f9be-4a80-89fc-c374e813df6a,L3,Tweet
45b63086-8a94-4db1-9190-d72bbb708874,L3,Tweet
45cac7e9-a527-42f4-a6ef-355d0522d4f7,L3,Tweet
45cf2e64-1028-496b-88e1-c9638408925d,L3,Tweet
45d1f617-d9ef-4065-9c83-df52335e6803,L3,Tweet
45d2cd69-6706-48ee-b4e7-70f0ad31e3d3,L3,Tweet
45d50887-3bc0-4247-a18a-862aaa59b08d,L3,Tweet
45e1961d-7906-4f48-a593-bfc56013b92a,L3,Tweet
45e46ec9-027e-4256-8529-e3d0f6d5c93d,L3,Tweet
45f6b087-8ec1-4031-99ad-be6a01a34cb5,L3,Tweet
45f84a4b-20e0-48e8-9b37-210bf379807d,L3,Tweet
45f8f739-b7aa-43f7-adc5-40eba0209c05,L3,Tweet
4601062e-ef09-42bc-8c8b-8565023144c4,L3,Tweet
4602fa6d-ddf5-41b1-a017-747913962dbc,L3,Tweet
4618d873-ac1b-41fd-b593-f5afcfaba3f3,L3,Tweet
461f1ccd-5c19-453c-af94-5642702f1fec,L3,Tweet
4620bc85-40a2-45e0-95ef-c09e538e226e,L3,Tweet
462437e9-5f96-441f-af30-131c7b9e5b2f,L3,Tweet
462bcc7b-83de-4051-b415-342dac712b28,L3,Tweet
462f32fd-a759-4659-adcf-031962958097,L3,Tweet
462f6a0b-8617-40cc-874b-76467981cb30,L3,Tweet
464aec07-d70b-41ed-a30f-ab4e0b795abe,L3,Tweet
464e0127-1a7d-432b-944f-5230c095c446,L3,Tweet
4667ec99-4fa4-425f-8644-0f743992a9ab,L3,Tweet
46791c97-91b1-43f5-810b-de845855c0ee,L3,Tweet
46815810-1204-4ae1-9070-024ac9bf91ef,L3,Tweet
4694caaa-a0c5-45cf-a882-52e433dd9e9c,L3,Tweet
469a9c6e-e509-4df0-9f82-30bac10b890d,L3,Tweet
469cba8d-b36d-47b1-a402-fc3d7e443beb,L3,Tweet
469fa54b-b98a-463a-aca2-887326907d07,L3,Tweet
46b483df-9194-4753-9ebe-5d5b153b2f99,L3,Tweet
46ba03ab-b205-4670-8725-7eba83f3f7f5,L3,Tweet
46c1b3a9-2d2a-4246-875c-c8de0f5640f6,L3,Tweet
46d538eb-9f49-49a6-8b6b-06f40930e160,L3,Tweet
46d958bc-cf4f-44f6-84c2-d3fe47a42d39,L3,Tweet
46e3dc24-dce1-42c1-96f5-2ac4c64b16ce,L3,Tweet
46e7c4a8-eca3-4b28-aab6-dda02f2b08af,L3,Tweet
46ee883b-389f-437d-a780-036e3848d371,L3,Tweet
46f31eb0-1eb8-41b7-b713-5c4830ed39c1,L3,Tweet
46f523cd-1611-4fba-9d28-41a159ac3d8b,L3,Tweet
46f67752-bd64-4caa-adcd-736e2dd552b6,L3,Tweet
47032edd-55eb-49e2-b320-c7dbb1e4511e,L3,Tweet
472097b2-3abf-4478-8e4a-ccbe47fc2bbf,L3,Tweet
473cebda-84f8-4e7f-927e-3f4b89a582ee,L3,Tweet
47416fa5-a95d-4d81-ab7e-33ff52dc08a6,L3,Tweet
4742348e-6b5e-4fc0-ac15-470eabd5f7ba,L3,Tweet
47456e99-5764-4022-91b0-53032281e7a9,L3,Tweet
4745c127-f80f-4d7b-9dbe-b68d7a35dfaa,L3,Tweet
474e1f6d-0970-40be-85db-a95e6c813f94,L3,Tweet
475560b9-abed-450d-97ed-04084e9cba3a,L3,Tweet
47742221-d935-4fc3-b23e-0441b4cebee3,L3,Tweet
477c0a6b-2525-4c0c-8937-d023ff17fdec,L3,Tweet
47850bb2-3476-4162-89eb-181a2674619d,L3,Tweet
479067ce-0eda-46c9-a577-6f48a6ec810b,L3,Tweet
479c1867-f53b-4fd1-948e-8f5faeae642b,L3,Tweet
479d1064-82c6-4fa4-a555-e0d479ad28bc,L3,Tweet
479e9a09-6f13-429e-b580-4bc410343c82,L3,Tweet
479f1f07-8b74-4ea5-b44d-3291ba2b3570,L3,Tweet
47a18938-e94d-48e1-8467-f3267882a601,L3,Tweet
47a58c5c-0cf3-4bf9-b473-0a6b357411e1,L3,Tweet
47b38396-495b-4264-a62c-eabf0ec41031,L3,Tweet
47b3b0bb-f976-4c77-b7c8-9a7beec262dc,L3,Tweet
47c8d4e8-b0bd-45b3-8634-c3d85d65135d,L3,Tweet
47c9113b-b116-486f-87fb-1feb4f3c6d7e,L3,Tweet
47ceeb65-a182-4e8f-ad3f-a8049202badc,L3,Tweet
47d1630e-236e-49d6-b403-9ab8f2bbff3d,L3,Tweet
47d66070-b503-4310-97dd-2401ff4c6179,L3,Tweet
47dc8bd1-35a5-43e3-9a44-63f3b8c08c30,L3,Tweet
47ec575b-64ce-40eb-82aa-6bc8dbd1a2fb,L3,Tweet
47fa0e85-a594-471d-ad80-d29fba918aee,L3,Tweet
47fb6dbb-75ee-45f5-a8d2-63f16216bf39,L3,Tweet
47fdce11-1ccb-4ac5-a233-4cd8a4ee6e0d,L3,Tweet
4806a76e-8314-4468-8e57-902fcb93c797,L3,Tweet
481e393a-7ba6-4892-a7ac-9ae04c7ceb14,L3,Tweet
48326c8f-ee22-4f1c-9569-79f3122c42b5,L3,Tweet
48349c0a-267e-45ec-a639-689a3459ce44,L3,Tweet
483d8c31-0291-4412-8fd4-bd7d82cb51a8,L3,Tweet
4843e720-bc72-4e98-9051-6fddd01ad543,L3,Tweet
4856a2fd-de3a-4da8-afe2-3320232e3713,L3,Tweet
486eeaf8-a6a7-44e9-a29f-f10e7159a27a,L3,Tweet
487f24f6-2a58-4b55-90fa-6badbdb767db,L3,Tweet
48905ab4-64de-4b41-a5c8-21b489d0d728,L3,Tweet
4896c7d9-48cc-4905-9390-57a365052f80,L3,Tweet
489b922e-66a6-4310-8ceb-6442d462349d,L3,Tweet
48a088ae-2070-4008-8aa0-852aa87de734,L3,Tweet
48a7d70f-3a91-4357-88d1-a46309c60ccc,L3,Tweet
48ab3b91-f34a-4d85-a988-a11473318690,L3,Tweet
48b16362-541c-432b-98a3-74d055a43655,L3,Tweet
48b17a69-ae6c-49c7-a1a1-1a2079ac6034,L3,Tweet
48b6ccb6-128e-4d90-9f72-7a87ab76ea50,L3,Tweet
48ba3d9b-f5fd-489a-b950-f4a934565d04,L3,Tweet
48bfcbec-8da2-4aa5-96e6-ced3fa95ca09,L3,Tweet
48cc265f-9aba-495f-ab38-ba59233cb3c3,L3,Tweet
48d8cd8d-5ff7-4756-8b0b-79a7b3ed6358,L3,Tweet
48edd8c9-844f-49d8-b9ee-176174c19f04,L3,Tweet
490ae645-fa39-4b43-a7d4-93868f182453,L3,Tweet
490f0afd-224f-4b6c-89fe-f04009ba6a37,L3,Tweet
4941027a-d0fa-47dd-af83-7d558c19ba09,L3,Tweet
4941c2d0-7aaa-40c7-999c-805588bab4f5,L3,Tweet
4942b02f-f0ab-446a-b38e-d6a7dfed9db6,L3,Tweet
4947a77a-ba7e-47dc-a67f-1a012e0ab335,L3,Tweet
49797733-a740-424f-9f9f-0dd4a35966c7,L3,Tweet
497a0adb-b58e-45dc-be76-f4dd58c640b9,L3,Tweet
4987f5d3-afa6-4606-8045-e540c172bb2d,L3,Tweet
49953909-9767-48fb-8184-36be2ada1ebe,L3,Tweet
499d488e-2cfe-4b89-a2f7-f9b632dc46df,L3,Tweet
49b09d3d-8325-4c47-85ea-f118417ff401,L3,Tweet
49b3eea1-6fb3-4ad3-9886-0c7019af0bb1,L3,Tweet
49bb556b-2ce5-4602-bdf9-665f6e206da0,L3,Tweet
49bd6fd9-8e81-4819-ad0f-ebc92eee221a,L3,Tweet
49c00be7-40c1-47ea-833a-ef9978b372ff,L3,Tweet
49e36466-2058-42b6-b080-7fbac907e516,L3,Tweet
49e5514d-ab23-4397-95da-cc9d860825c2,L3,Tweet
49e6ca43-9d03-42d5-ad96-a5c110e9d652,L3,Tweet
49f9e3aa-691e-468d-85d0-ff518785c03a,L3,Tweet
49fa4c0c-a829-49c4-ade1-620c33df23d5,L3,Tweet
49fbe38b-5b50-49ea-9d09-bc484151533e,L3,Tweet
49fcafa4-705c-4403-a64e-650000eb5726,L3,Tweet
49ff87df-8eab-460d-bbf3-8cf7077048fc,L3,Tweet
4a079afb-c2a0-498d-b056-d98a7e3504ef,L3,Tweet
4a16ad45-1188-417c-ab3d-b811248d4632,L3,Tweet
4a1f33d9-06e4-479e-ad35-6c30173493ec,L3,Tweet
4a1faa8a-1b74-450c-b556-bb1b5e410147,L3,Tweet
4a24affa-3adb-45f1-b762-691abdbbbd05,L3,Tweet
4a2563af-e9c2-4e34-9972-6eb15bdef6d4,L3,Tweet
4a2842e5-b7cb-4056-89c0-02088ec0d5ea,L3,Tweet
4a3ef5df-8b71-4581-bb60-f3973a5c8c7e,L3,Tweet
4a3faeb0-3764-45b9-b097-f3c82275cb44,L3,Tweet
4a47484e-c8f7-4f1b-8405-d82cc29b540f,L3,Tweet
4a4b6c75-5c2d-49b2-9b3c-2d4b1c1896d7,L3,Tweet
4a582bfc-e1d2-4b15-9e80-60dc48571234,L3,Tweet
4a621ffb-4b26-4606-a2d7-539c5ba30fe3,L3,Tweet
4a67059c-c292-46aa-8e37-f2c51e02fe3c,L3,Tweet
4a6f11fc-f205-4053-86d2-559093887a49,L3,Tweet
4a88e192-64b3-48b9-9fc0-c0b90bfbb761,L3,Tweet
4a8bd275-5a7e-4b0e-ba38-8d091e7814a1,L3,Tweet
4a93eaa6-5723-40a4-bc30-ea2c13c6fa78,L3,Tweet
4a9b6860-85eb-409f-94fe-49a1e50fbcf0,L3,Tweet
4a9e1449-c680-4605-95e6-1733ffa3ac33,L3,Tweet
4a9eacaa-e782-409d-ad2e-8b8d73de35ea,L3,Tweet
4a9f049b-5751-4c29-a5a0-c3d1cd0af566,L3,Tweet
4aa9b29d-bb14-4efe-9654-2910fc046b2d,L3,Tweet
4aaba7b0-fb3e-4191-9932-527f5c0491b0,L3,Tweet
4aae35ee-3ef4-480c-b474-b1465e6379e4,L3,Tweet
4ab35726-a066-4a9b-909d-071b8d5ba5c6,L3,Tweet
4ac0edda-2121-4051-a9b7-18cd90cfd11f,L3,Tweet
4acc80de-5f83-49ec-805e-09361a7401f2,L3,Tweet
4ad82285-4ab0-4deb-8ab9-adbe65585e0b,L3,Tweet
4adb50d4-9cad-4c20-8874-ecc237ea4e19,L3,Tweet
4adcfa3d-90e3-4d7c-972d-5ee4e7825d1c,L3,Tweet
4adfa41b-a303-49c3-9583-bc66292d1894,L3,Tweet
4ae10eb6-b60f-4421-9da8-666f9944b3ad,L3,Tweet
4ae21ad5-c1a0-48bc-9ad4-3aefc05d8088,L3,Tweet
4aefd9df-4608-45bb-b419-dcbd2964b633,L3,Tweet
4af75360-6609-4288-9d6f-e8042f30a131,L3,Tweet
4afc291d-41f5-4547-b449-363a4d29c6ad,L3,Tweet
4b098ed1-f244-4d92-b3a6-81f2d2b8484d,L3,Tweet
4b0f5e5b-94f1-41ea-af77-c5d264108f6f,L3,Tweet
4b23def5-183f-4b8e-8973-cab652210417,L3,Tweet
4b30b82b-2e8c-40f4-9810-cfcee868735b,L3,Tweet
4b314af8-d40b-4d9d-85d4-2083ef0a6f46,L3,Tweet
4b3622a5-2f43-4698-b35d-729fc3a3927e,L3,Tweet
4b3f247b-18b9-4cea-a83e-349c66da5ab7,L3,Tweet
4b66db1e-48bb-4586-bc46-3f30ce79085b,L3,Tweet
4b67769d-89e4-40e6-8c4e-c4f2c043bde5,L3,Tweet
4b7584f7-d8be-48f5-9c11-e0d759431405,L3,Tweet
4b84adde-caa1-4482-8b3a-4baa416915ca,L3,Tweet
4b9ffacd-2c9f-464c-b97f-25dabdd28697,L3,Tweet
4ba48587-a974-49dc-9bfc-67497c64d118,L3,Tweet
4ba58f79-e218-4581-b06a-38a92838b69f,L3,Tweet
4ba61f5a-a0b8-4fa6-8ebc-b9ad7a6a3d49,L3,Tweet
4ba9362c-736b-42b5-901c-fa10f296919a,L3,Tweet
4bac95ba-1af7-4092-af2f-feff97014b95,L3,Tweet
4bb7ce37-2fe7-4687-81c0-233732c68b11,L3,Tweet
4bc06044-76a3-487f-8c2c-99d23b23dbd9,L3,Tweet
4bc1688b-6b2c-435c-9696-a5238b63346e,L3,Tweet
4bcda389-9bd8-4542-aeab-7366e895ff80,L3,Tweet
4bdc6f30-d6f4-4141-a51b-aa78bab415fd,L3,Tweet
4be4c3dc-9bf2-41e5-bc9d-0f9e37ca28c8,L3,Tweet
4bee6952-8b30-43b4-bc4a-7bfed0c9523d,L3,Tweet
4c0617cf-04ce-40ad-8d9f-4b0ad1852cd7,L3,Tweet
4c065eec-1e5e-42fd-a049-535a18de385f,L3,Tweet
4c1b4715-7aaf-4bb1-b00c-bc78173b5026,L3,Tweet
4c208f5c-27ea-4f5b-8c76-5833bc25850a,L3,Tweet
4c26cbfb-5e1b-4898-8e71-c0474ce6ea60,L3,Tweet
4c2af61d-14e1-4e9b-b7b5-bbb6e9e455bc,L3,Tweet
4c2e61b3-7fb7-45ec-aa35-32d4adeebf17,L3,Tweet
4c31ef52-12a8-4b36-8f80-919501f51f0f,L3,Tweet
4c3614b9-78e1-4216-a462-0f6a46caa568,L3,Tweet
4c3e7591-3a06-4e16-aaeb-05a0fd3163cb,L3,Tweet
4c51de10-aa55-44f0-a433-eb96f2849a2c,L3,Tweet
4c5eadd4-c0a4-4695-9884-d1d3da9bfb8c,L3,Tweet
4c5f653c-c112-4937-b5cb-be9fb8398ec7,L3,Tweet
4c615452-19d4-46d5-a2d8-d2e68cba165c,L3,Tweet
4c6740d2-1fa9-4984-92f2-8151efd76853,L3,Tweet
4c6b4c31-51a8-4108-ae01-1eef3fc3629b,L3,Tweet
4c7642c9-bdd9-4661-bbc9-550914dbed5d,L3,Tweet
4c82a625-84a4-40ac-80c5-ce3089637139,L3,Tweet
4c845d6e-4083-45dd-ab0f-6b7da06e92b2,L3,Tweet
4c8f2de2-2574-49d6-8e8a-3753827966f1,L3,Tweet
4c91d12f-514e-47bc-b10b-57025ff5fcf9,L3,Tweet
4c922bb0-4ebc-4028-92ea-7460561aa6e7,L3,Tweet
4cabfe31-43d9-43c4-a04b-926c3813d81f,L3,Tweet
4cc252e5-98a8-49f6-8718-c993ce626e76,L3,Tweet
4cccb6d4-4afd-43b8-b2ef-881c7abba85d,L3,Tweet
4cdf1f64-09b6-4e0b-bf61-fae9e218fcfe,L3,Tweet
4ce437ba-5d6f-43a7-aeb6-015ed07c4787,L3,Tweet
4ced912f-bb0d-487b-bffd-eec943f39b7e,L3,Tweet
4ceedd6f-555b-43c6-925c-5a20ce274637,L3,Tweet
4cf25610-ef4c-4ec1-842b-069cfafbe9b2,L3,Tweet
4d04c4ee-a40a-4b94-b846-81e145155cbf,L3,Tweet
4d07ba83-da88-46d5-b8d1-0aa2fb2cfd36,L3,Tweet
4d2bddce-cae3-4347-9028-c7c922753dff,L3,Tweet
4d309c45-62c9-42c9-88c7-193c1ce39b53,L3,Tweet
4d4696f2-982e-4ce9-8467-d835c605f5ee,L3,Tweet
4d46f0dc-9ab2-4f38-a994-7c43e1b63b28,L3,Tweet
4d546301-fbc3-4b15-abbe-2c0425baf299,L3,Tweet
4d58684d-7015-4d37-aede-162ff53833f2,L3,Tweet
4d5ccdac-7a13-4e39-8c9c-6c57871c7f96,L3,Tweet
4d5d6158-629b-4bd2-8f0b-2ae60cbbf0e9,L3,Tweet
4d638406-a1fc-4b90-95a1-e7dab7cc48cd,L3,Tweet
4d6f6b05-169e-457c-b723-b4b09ef2a321,L3,Tweet
4d7922c9-dd24-4246-bfd4-a6a1f4fa31de,L3,Tweet
4d7a8d9b-8786-4d7e-9b81-7da59523513d,L3,Tweet
4d7b104c-bf00-4047-9516-a4713c89dea7,L3,Tweet
4d88b41d-831f-4960-a84e-b3e9408b1584,L3,Tweet
4d88e067-332d-4a8d-915b-0e0c70e40f63,L3,Tweet
4d8b1447-1d4c-41a6-84b9-a667960ebb2e,L3,Tweet
4d984aff-a795-4dd3-804f-41f9df2a80a5,L3,Tweet
4dafe81c-5c72-43cb-8f16-914be7e727f9,L3,Tweet
4db1840f-59e0-450c-a0b5-8087bf66ac09,L3,Tweet
4db8dea3-0182-41ba-9262-c4df9f6d21aa,L3,Tweet
4dc1d268-c61e-4b8e-a559-ec8183ec8073,L3,Tweet
4dcb94f0-0bd6-4347-836a-dc8c96e9a06c,L3,Tweet
4dce913c-8377-457e-bc7c-938c3fa17e8d,L3,Tweet
4ddf3e94-360a-46ad-9121-24fa859fbebd,L3,Tweet
4de020f3-ea25-48fd-87a6-5882a6efdd45,L3,Tweet
4de0eaec-960e-4cdc-b7a1-e201e31af520,L3,Tweet
4df77932-9ce7-45a2-b492-d8577365b17b,L3,Tweet
4dfe6372-1580-4dfb-9d5d-2e3dfcad7180,L3,Tweet
4e00c37f-b6dd-48f6-8590-b389b33974ae,L3,Tweet
4e045528-be34-43c3-b170-3dba7d951812,L3,Tweet
4e048ea3-d155-4213-9ad6-178b35e1d350,L3,Tweet
4e1f2e85-6b2e-41fc-b2e4-43b8640ee625,L3,Tweet
4e24a990-dbe6-4437-af91-4fe29ea6c9d4,L3,Tweet
4e258642-2377-41ed-9b18-ed59bb0e6114,L3,Tweet
4e2826cb-5d5d-4247-b405-b848a719533b,L3,Tweet
4e306a4c-a815-4a61-b4df-7c905ea451fd,L3,Tweet
4e33c034-47ce-4226-a873-17c4c484cd1e,L3,Tweet
4e3bc4cb-5487-4b8c-a81e-ce99ef4f75af,L3,Tweet
4e48731b-e908-461d-bea4-bea319c9ee5d,L3,Tweet
4e52c0a1-59d4-41ad-83cb-267e9fe0a045,L3,Tweet
4e5c850a-12a8-4fb3-9444-e93d751e4711,L3,Tweet
4e64027c-b245-426f-8823-9609d4aba51d,L3,Tweet
4e645c72-e373-4c1d-9139-ad4437bd637c,L3,Tweet
4e6d0468-5e95-4796-83ad-54bd3b44a442,L3,Tweet
4e7250d3-6285-4118-93ea-9c88b2d55eca,L3,Tweet
4e74e3c7-a73f-4779-9ff9-252abd4cfe56,L3,Tweet
4e757628-a24f-4dd5-bb2c-9592437f772c,L3,Tweet
4e76ab2c-a9c4-4602-b330-1d9f96af3c3c,L3,Tweet
4e815ab8-4306-4674-8945-42e0800a117b,L3,Tweet
4e884413-caef-443c-8fca-481c7990a082,L3,Tweet
4e9075b3-08c9-4b20-9864-10a5f75b89a8,L3,Tweet
4e9e03aa-ff40-4529-87fa-5a2a54ca071d,L3,Tweet
4eb21aa9-5095-4d64-a9a3-5cad068975c9,L3,Tweet
4eb4ee98-f5ea-41dc-893b-d3de0c7395ca,L3,Tweet
4ed04e31-e826-43dd-87b7-ba1d4579950a,L3,Tweet
4ed9dc4f-1e3b-4a5e-9a08-03a673e8daa0,L3,Tweet
4ee5e90e-5f3c-44bd-9f6d-68593339397d,L3,Tweet
4ee93509-d022-4e71-b7e9-666b15226be2,L3,Tweet
4ef32ce9-c826-49bc-80c4-0bec3b0197dc,L3,Tweet
4f03b2a5-7d62-40f7-acda-b29b0d1175f4,L3,Tweet
4f0b1e06-404b-4689-b16d-a5e8682d7aee,L3,Tweet
4f111ec0-b071-4d80-b6b6-2fd998048e1e,L3,Tweet
4f1476db-1181-4b14-9658-4a237cf803bb,L3,Tweet
4f24fc7f-1b3e-48b3-861d-7c8bd3d39cc9,L3,Tweet
4f2a522f-ec4f-4248-b50e-775f62d81fcd,L3,Tweet
4f2dcc93-db15-4d6c-9312-14a98b06d571,L3,Tweet
4f337347-6bf9-414c-b918-74f712b035f5,L3,Tweet
4f3760dc-d739-4cf2-9651-82ecf1308b39,L3,Tweet
4f4312ac-7a4a-4c39-8e5b-28d1b3d2d995,L3,Tweet
4f5323fe-8b15-4e67-b643-ca6126a66e4f,L3,Tweet
4f537a5a-b882-424d-bcfc-e99c945f550d,L3,Tweet
4f70067a-a17c-4db8-ac21-48b36ab17cf4,L3,Tweet
4f70534f-8d5a-490b-ac6f-ae3df1b17dbc,L3,Tweet
4f73d692-ee3f-46c8-8d77-31df67d62e82,L3,Tweet
4f7d899f-17af-450f-ad00-8703752b28fc,L3,Tweet
4f7eea78-854b-4d44-9b5d-a860a1867dac,L3,Tweet
4f8790e8-c482-4324-81c5-15e1ca289092,L3,Tweet
4f8c3854-997d-4368-99b3-0fb60d65a127,L3,Tweet
4f9075ac-45c6-4a4a-8467-8f84f7211442,L3,Tweet
4f94d138-4d7f-4a91-8076-d5889f4b0c85,L3,Tweet
4f952216-bbe1-4038-b98f-3b1b2dab4c57,L3,Tweet
4f99a6b4-4f09-432e-b59d-852658129500,L3,Tweet
4fa40158-f589-4231-8b8a-ce39fc7592b6,L3,Tweet
4fb44c45-5fe8-44f6-a016-b4c01b75cd32,L3,Tweet
4fb602b8-f9de-49e7-a0b5-c07e9427d2c4,L3,Tweet
4fbdde8a-12bf-4696-a81d-4916fd9c26ef,L3,Tweet
4fc50ce0-5a62-4fcb-a799-2eeee862635f,L3,Tweet
4fcd1a0d-6dae-4c6a-aa24-0eff1663850b,L3,Tweet
4fce43b2-b127-4c43-87f0-7236509507d9,L3,Tweet
4fd85f44-4522-4e02-8dcf-9cef11c0ed75,L3,Tweet
4fd943f3-79ee-45aa-b23d-a0b0cb784b16,L3,Tweet
4fded5bf-bd39-4a94-8f29-3950f84af053,L3,Tweet
4ffd19d9-e8de-499d-9eaa-2b1979cbb255,L3,Tweet
4ffe0ffc-640c-4943-afb1-380f2cf1075f,L3,Tweet
50055212-5a85-46e3-babd-2287e0172873,L3,Tweet
5014e9c6-9ddf-49b0-a1e9-4082d2dd8882,L3,Tweet
50353b7d-8e6b-4958-a791-3f929ec20773,L3,Tweet
50389c0b-b75b-43f4-b761-cbfc7fee337b,L3,Tweet
503a9f49-ad98-4391-a89f-7ae93909c62f,L3,Tweet
5042c1e2-c085-4f0f-9d3a-691de8feb0fc,L3,Tweet
5052ab0c-ef75-4396-bab8-fea58b32a0a3,L3,Tweet
505d8ce6-1575-4d22-b2bf-fd30286cfa40,L3,Tweet
5060c830-9d43-4422-8505-a9cde68f337c,L3,Tweet
506c9299-36fa-40be-a7e7-ed73c4795909,L3,Tweet
507a56bd-ca61-4840-9438-40dc8bbb021e,L3,Tweet
5081667c-d523-48e6-ba44-0dc914e0aa42,L3,Tweet
50865ba5-4987-4e72-a0a6-8b601163729a,L3,Tweet
508d6d70-19d6-4374-81f9-8efd1b5c4219,L3,Tweet
50a04ae2-a908-495c-8234-b2a596ea9d8d,L3,Tweet
50a1d1cc-3389-4be4-86b6-1e76bdbb8e0d,L3,Tweet
50a36b44-46f1-4e77-9e7e-d91db8c2de4f,L3,Tweet
50a8e931-5571-4724-a57b-e54808e7b4a6,L3,Tweet
50a9baf9-ce60-401c-a256-843cf789fc80,L3,Tweet
50ab2f3e-1f38-495d-8618-87debf5c0f05,L3,Tweet
50babc66-0c97-41d8-8312-412a4f2063d1,L3,Tweet
50bbf8d4-f5ec-4b09-a096-4b546811ec58,L3,Tweet
50c19db1-4749-4a2d-8d3a-b9b5d7ee91bb,L3,Tweet
50cadab9-d43c-4860-a1cf-9fc72d570593,L3,Tweet
50cb79df-9123-4fa8-81d8-cd268436dd2e,L3,Tweet
50cf0b45-203e-4a13-8082-9e0cb9845bbc,L3,Tweet
50d4f840-1f24-4466-9564-52830b988ba0,L3,Tweet
50dcd744-7ee0-4733-9458-2e82b996404b,L3,Tweet
50e766c5-cad2-4df6-b72f-23ff8ab33df9,L3,Tweet
50f031c7-d8f8-44e4-995d-14fc0f51c8e7,L3,Tweet
510d35f3-c5a0-4707-992c-e6c0502c2612,L3,Tweet
510e35cf-ac85-4ddb-98eb-547f178e5490,L3,Tweet
510eafd5-d5ff-4f16-86f6-4b4bb0b00041,L3,Tweet
511f3c03-3dc2-4e0f-b756-eabf9068c33a,L3,Tweet
5122aeb1-1e38-4beb-b582-1fce487c5214,L3,Tweet
5123d12d-3038-46b4-aaac-377bde2eb045,L3,Tweet
51330470-f70b-43d5-8777-3575e3a6d6b1,L3,Tweet
513647d9-4b4b-4cd5-bbac-93f38127424c,L3,Tweet
515073dd-7e1d-4b21-92ba-e684931d1986,L3,Tweet
5159d962-309c-46e3-aad9-bed82c1f41fe,L3,Tweet
5160928d-1c0c-4c28-b7fd-68093c5a0bcf,L3,Tweet
516e5294-a678-4c57-8b51-2dd0d7ed929a,L3,Tweet
51724cff-9086-444c-a4ad-ebd00280927c,L3,Tweet
517d045b-f341-4f2b-8467-6600ab986f74,L3,Tweet
517f32d3-98e3-4f2d-9122-627c5309e5fb,L3,Tweet
517f506e-4e70-4d66-b8f1-e367120f7af3,L3,Tweet
518462cd-38d5-4689-a3c1-bb2f33336a97,L3,Tweet
5187c80a-10f9-4c23-96b7-612acdb2193a,L3,Tweet
518c810c-fb8f-442f-9d32-44cbe5408194,L3,Tweet
5194e85b-ebba-4cc2-9e49-964bf748fb45,L3,Tweet
5199e44f-0769-4dd6-b74d-82988d3e622d,L3,Tweet
519b817d-af20-4561-8bd8-e24e5875c7b2,L3,Tweet
519df785-be1e-4751-8266-bb112f49bd31,L3,Tweet
51a05d07-4118-44ae-83d7-93c3edae0b39,L3,Tweet
51a21add-fb7a-4ec8-b907-1b7f6f133d7a,L3,Tweet
51b2b115-5d4e-4224-b323-6b8c549b3dcd,L3,Tweet
51b517b4-9490-4072-9efc-47dcf026dffa,L3,Tweet
51bc762d-e450-4721-874a-d8a28ac19e8f,L3,Tweet
51c6bc65-5327-42a4-95e3-0b31195e9602,L3,Tweet
51c7ef77-e3ac-47de-842f-4958faf8bdf8,L3,Tweet
51cde9f1-9810-44c1-a89f-3403ea08c2f7,L3,Tweet
51d2c049-2d13-454f-9b6b-ec5856f2052b,L3,Tweet
51db84a9-932f-4ab9-bb60-17f87a639fc5,L3,Tweet
51dc0178-59e2-4778-a7e9-8521026332a6,L3,Tweet
51dffd33-7a0b-48fc-b5ba-c1f87bc95a01,L3,Tweet
51f83b3d-2275-4747-86d8-97294074fcb7,L3,Tweet
51fb5734-1a6a-4139-a7e9-abc408ecc732,L3,Tweet
52077443-833a-443a-accb-3d4b2afa8caa,L3,Tweet
52198189-d311-4449-a846-e28918cb1170,L3,Tweet
5219cb93-75a3-4c33-9de6-f3d6977965fd,L3,Tweet
52221f25-3017-408a-865b-562145ef627f,L3,Tweet
52231837-4d67-4b67-9777-b8b304aa4bea,L3,Tweet
52268615-f286-4074-abcb-c33e9178236e,L3,Tweet
522c3c0c-802f-4cd9-aff7-74d9640693e4,L3,Tweet
522c49a1-181d-4d91-812c-2657ed895af5,L3,Tweet
52374ec4-27e4-4ed4-8d10-504e3dafb7e3,L3,Tweet
523b39ca-5d8d-453d-bb83-396f2ea207fc,L3,Tweet
523b63d2-7906-4979-850a-ab8dac5093cc,L3,Tweet
523e9a4b-a931-47f9-b03c-4c5e5984751d,L3,Tweet
523f54c3-6f0f-4649-860d-894d87009f8e,L3,Tweet
5240fa33-022f-4fac-b57d-c8d4abac40fa,L3,Tweet
5243b761-9645-4426-982b-695f606997eb,L3,Tweet
524a6927-2852-44a7-a8fc-f7557d0c49b4,L3,Tweet
5252829c-8cf0-4205-b0aa-bbbe8de4b5b3,L3,Tweet
525a8fa5-2b20-4e7e-ae26-e6a6ab160373,L3,Tweet
525c2872-caad-4a8e-a0f5-9f1f837f2589,L3,Tweet
526a5cad-8a18-4d8e-8406-f1abab094327,L3,Tweet
526c6afc-fa2b-453e-84bf-f5c19cafce41,L3,Tweet
526d0eff-b677-4ecf-ae6d-9c25282d6d46,L3,Tweet
527949eb-d2bb-4607-8759-d4666767a293,L3,Tweet
5299ad48-7336-4260-90f3-a5fc2486c3d0,L3,Tweet
529ec9b1-ac82-4e7e-9d4e-4822ed074a15,L3,Tweet
52a7781d-96a9-422b-8533-e22e929a349f,L3,Tweet
52a799b7-335b-46eb-b14c-b3910343a286,L3,Tweet
52adc6c5-5190-4648-b7ff-effb6b3b3ea3,L3,Tweet
52b3f3b5-77fa-4f1d-a8b4-cdff5caf4276,L3,Tweet
52b6f24b-b4b1-486f-b5c1-1dc7b0edab49,L3,Tweet
52b73dd2-3c11-497d-a6ce-684b0c6ef2ce,L3,Tweet
52ce0ff4-6177-45a2-9d02-c906431296cb,L3,Tweet
52e5eecd-eb38-43d8-8e96-8befc477b10a,L3,Tweet
52f15210-5ad8-4a96-8ecf-dc241e18a2ac,L3,Tweet
52f2a395-f7c3-4c4f-8307-242dc0cee963,L3,Tweet
52f7c307-7807-4a42-a793-8a2942fcd53a,L3,Tweet
530ecf88-6c23-4c1a-a771-d7ee731e45aa,L3,Tweet
53122b94-9990-4de9-b841-d9f20cd95aed,L3,Tweet
53196708-41fd-4d3c-a372-78c70a9ecb5e,L3,Tweet
53198712-9e5c-4dcd-aca9-7de391a30ef7,L3,Tweet
531ab4ba-9f83-4f51-95be-8017dbcdf00e,L3,Tweet
531d2dee-cec1-436d-b1ee-661012de0ccc,L3,Tweet
5321a979-490e-4065-9f87-65a54c9cf633,L3,Tweet
53259966-5320-4ddc-8d1a-4ad201cdcfb7,L3,Tweet
53264876-d611-40c2-bf36-e94abd296d42,L3,Tweet
533c2c0c-2223-40f2-b7a9-b42110bca2ad,L3,Tweet
533eb53c-10ef-46a3-86f6-1bf0c93a1329,L3,Tweet
53438012-153a-43a4-b3b8-9f786d03a95a,L3,Tweet
5351f41a-426c-4592-86e7-e04a289ff83b,L3,Tweet
535d5dab-67fa-45d1-a7e3-587aff57a77f,L3,Tweet
535eeae2-e037-4a79-b810-f933f4568ad7,L3,Tweet
535f14af-421f-4071-955b-c92e1fa36022,L3,Tweet
5361ba8a-8bb5-4a40-896a-a09eeab17728,L3,Tweet
536ea036-751b-45a0-b0f0-f846b5e09854,L3,Tweet
53749c96-4dc2-4299-bca6-388bdd8d4578,L3,Tweet
53a35c57-f955-4447-9ccc-3ab3b91bb65c,L3,Tweet
53b68834-fe3e-4be6-9831-95d534798e77,L3,Tweet
53c769d6-48dd-4318-a665-632ef04c0e99,L3,Tweet
53db7384-a6d2-46f5-852f-45d9613e1785,L3,Tweet
53e2a85c-497a-4cf5-a59e-871023537fbf,L3,Tweet
53e3e132-42c6-41f4-b5d9-8d69f2316e2d,L3,Tweet
53e7bf22-90f9-49df-a32c-8cee3d0c56a5,L3,Tweet
53f9d942-ec76-47ed-a18e-336406785f3b,L3,Tweet
53ffe222-48f3-4dfc-ab7e-7e1614e06593,L3,Tweet
5407410b-79ac-4ab3-8916-ef0dbfe3fdb6,L3,Tweet
542ac745-c32a-4af4-be8c-d938aa55d7a3,L3,Tweet
542eeb66-1e9c-42ac-832b-4791b04755f1,L3,Tweet
542f3cf1-cb2a-46cb-a947-297b6511fce1,L3,Tweet
542f85fa-64f4-477d-a38b-3d84caf9f74a,L3,Tweet
543eaf71-8ab1-41c1-b211-c2e54a06574e,L3,Tweet
544a15d0-90ed-4390-8bea-28199b681a78,L3,Tweet
544e8acf-064f-4fb3-97fb-a67938c23618,L3,Tweet
54502c97-b608-4b01-a425-32c23f291221,L3,Tweet
545ee712-e85c-4b46-9a01-3ed77c1b69e6,L3,Tweet
5469e104-cf79-42f9-baf9-80523728a99a,L3,Tweet
5469e914-712b-4331-8924-084e39c9cdc4,L3,Tweet
546ebd73-e4cf-4f44-958e-65cd5096eedd,L3,Tweet
5471d538-72f4-4e21-b6fb-50fd317efbd1,L3,Tweet
547507eb-37e2-4f97-8318-88a09938b8d9,L3,Tweet
549843c7-f6dc-4123-ac1c-f01add12b298,L3,Tweet
54a5990f-1e6b-422b-a836-4711a3944334,L3,Tweet
54a6cf8f-28a8-4973-b35b-632b681101cb,L3,Tweet
54bba770-e596-461b-8814-10efea311960,L3,Tweet
54c2014b-277f-441c-af89-0a5f0ca82319,L3,Tweet
54c6d08b-a27a-461a-818c-ffd97793086a,L3,Tweet
54c8e8aa-7ea4-4f44-a97f-954b99b648e7,L3,Tweet
54c9efe4-9710-4fef-b2dc-18a2a9c4fc27,L3,Tweet
54d167b1-75ad-4547-b82f-086d65ac012f,L3,Tweet
54d2bd6f-364b-47a6-9509-b3e0ad9da346,L3,Tweet
54d2dae9-6983-4bb2-a896-fac9df8e9b46,L3,Tweet
54d8d73e-791a-4173-9c2e-933384eb2234,L3,Tweet
54dfb930-2fd4-4be3-af5a-fbba92591ee3,L3,Tweet
54e9c5d5-e107-418c-a7f9-50ffe64248a7,L3,Tweet
54ebc07e-019a-4e45-85aa-d0a5bc88fd3b,L3,Tweet
54f03393-1db2-43ff-b0c4-a5ab576d2966,L3,Tweet
54f14ffd-e4a5-4b0c-b58a-9f355f6a4630,L3,Tweet
55005a40-8a64-4810-9d4f-0fab433964c4,L3,Tweet
550087e0-e3ee-4abf-8054-ddb85a5986f5,L3,Tweet
5502ebbf-e0f2-4375-b82d-084943a0a2de,L3,Tweet
550c04db-6e6a-40b5-a9e9-153295f0ab0f,L3,Tweet
5518c814-445b-4ba8-947e-2c8909951ac2,L3,Tweet
5519c226-a0c7-45eb-8de4-64d8f5e38c2d,L3,Tweet
551bd7d8-259b-4dc0-8bba-c6cf91bd5d38,L3,Tweet
551d0e8f-17b8-447a-9cd0-bfa1d33d34ee,L3,Tweet
5522daa3-c44b-4da8-99a8-fedcb90fd888,L3,Tweet
55231622-ff28-4050-8dae-402bf45d5905,L3,Tweet
552d2bd5-9348-417b-93fe-a5c8424259e8,L3,Tweet
553aaea4-511e-4d9e-9195-849d19950626,L3,Tweet
553de9ac-8f1a-4eb1-9418-45090310b43f,L3,Tweet
553ea75c-4e60-4117-82e1-7412c245afaf,L3,Tweet
55434e88-84fd-41ad-8b9b-081240b26ff1,L3,Tweet
5545401d-f6ce-432c-abc3-f7a4b77be33a,L3,Tweet
5549162c-7274-4c2c-aad0-04d93f50878c,L3,Tweet
555920b4-f6ca-4d0b-bdbd-2336a3d0f4a9,L3,Tweet
555b66b3-cf50-4833-8220-93923aeebd6b,L3,Tweet
55618773-6cdb-4b24-8cae-6959a7dc54f2,L3,Tweet
5576f952-8713-48a1-9684-76feaeee94f2,L3,Tweet
557e36e6-528f-494e-9661-1502a8ea80f4,L3,Tweet
557e70c0-a295-4c84-b9a1-99d1d85977c9,L3,Tweet
559aefe5-1218-42e8-9897-446e7ef44f2d,L3,Tweet
559fd24d-0983-4d3d-82c5-23029acd6aa6,L3,Tweet
55adc0af-7f69-4755-adef-5f4476503d36,L3,Tweet
55bc4ee1-01bd-4a5b-a0de-f00a2bbc6958,L3,Tweet
55bf798a-e28c-4829-9192-92593b138412,L3,Tweet
55c1437e-5664-438f-b45a-f5e3ab28243f,L3,Tweet
55c8d3e1-d8f2-41e8-849f-4c38954f6102,L3,Tweet
55d9255a-6e49-4c87-a4ba-3fbf9415fdc2,L3,Tweet
55dce2d3-421c-4251-9347-ba7d820659b2,L3,Tweet
55e3c98f-5158-41ea-bbf8-dff716a514d1,L3,Tweet
55eb2a6f-37a6-446f-b8bb-952b29dbb4f1,L3,Tweet
55ecacf0-0fb2-482b-b0ab-26e6ee57e342,L3,Tweet
55f98b47-1b21-43d7-96b6-1b1f73064b77,L3,Tweet
560ca48d-f951-4a7d-aacc-907f509c808d,L3,Tweet
56166c73-e3ed-40f6-b090-1c7bb9aeb219,L3,Tweet
561b99cd-e214-43a4-93b8-be0092d7432b,L3,Tweet
561d2233-1e7d-489f-a5ea-1f1816e5de70,L3,Tweet
56213610-d3c5-4613-b988-46326e8ba37c,L3,Tweet
56246cdc-bdb7-4146-a257-41c4ecf7cbf4,L3,Tweet
5626ace6-529e-4c2c-b77b-71ffcfbacd72,L3,Tweet
5627e69b-62d4-48e5-8106-a0721cfe5801,L3,Tweet
563af344-4d7b-4e32-8269-b2a504b4fde5,L3,Tweet
563b26e1-90e5-4695-bbd3-de96245845f3,L3,Tweet
564a8a3b-58ca-49bd-8865-aa1e414a90b6,L3,Tweet
56554b14-1e13-4702-9037-0711ae75aeab,L3,Tweet
56677281-1c86-4603-ab61-c9c976f9aec0,L3,Tweet
566f68eb-f3c2-4953-9365-eca10d3e0422,L3,Tweet
566ff854-92a2-4fc1-b579-fb556925bd0e,L3,Tweet
567fe29e-0d5b-4dd7-8c7c-ed6fd60ee128,L3,Tweet
5697919b-b7a1-46c3-9816-0980f99c1f9c,L3,Tweet
569d6d12-2000-4183-8958-188db2b54c2d,L3,Tweet
569ee369-3ebe-4975-97ae-b5127c7a8a6f,L3,Tweet
56a026a9-2f91-45bc-bf50-de61a1c9460b,L3,Tweet
56a38746-6510-46db-803b-5f4cd1222885,L3,Tweet
56baf7c6-3a3d-46dd-8ff8-224275ec406d,L3,Tweet
56c1653a-5156-4394-ab2a-0391b74548be,L3,Tweet
56d2fdf0-6f16-4111-96fb-990f21e82546,L3,Tweet
56d6932d-34da-48f4-b31a-87c09a860907,L3,Tweet
56e2c4da-8231-4e5c-b1ac-ce0341a36333,L3,Tweet
56f35ae0-1050-45ec-b716-a96a56ea9725,L3,Tweet
571055df-0ca7-4741-8bff-dd7d90a6f728,L3,Tweet
5719a401-8b1c-4964-b4e7-cb14d8ce2dcd,L3,Tweet
571a4438-bbb8-4294-a865-d24d7d72bf34,L3,Tweet
571f66af-cee9-4575-9d37-0cc4828c89f9,L3,Tweet
572a7a97-cbcd-450d-ba75-37a83c0f44c3,L3,Tweet
57407909-f64e-42b8-8111-cfb641dbc9ff,L3,Tweet
5747c062-1842-4d0c-9537-4d06ffd350b2,L3,Tweet
57484441-d7a3-4edf-ac82-d36e13cebcaf,L3,Tweet
57574b69-33a6-49c8-b824-e05ce6f672ff,L3,Tweet
575aa84b-bdeb-4138-bf20-e48fb6c63a78,L3,Tweet
576518dd-284a-435d-9fb1-41d8a42d5cdf,L3,Tweet
5776fc78-51bd-4edd-9910-4678ba89d8a5,L3,Tweet
577cdfd4-14e8-4f1a-8a74-5196bc47ba13,L3,Tweet
577df3c0-0913-4b40-b565-007a6c0c4709,L3,Tweet
57845301-4bee-47ba-b0b5-d3cef29d187a,L3,Tweet
578950c2-9526-4eb8-916d-4692c4d639ac,L3,Tweet
578fa305-910c-40ba-bb6a-2f894a52e514,L3,Tweet
5791137a-7c89-4cda-9edd-97e33f52d0b9,L3,Tweet
5796b6f4-93ad-4b25-818e-550231567baa,L3,Tweet
57982fb7-2877-4653-9652-7a7f53f30354,L3,Tweet
5799c2bf-d56b-42fc-b96d-b16033ad06ad,L3,Tweet
57ab8a78-9e2a-41fc-ad20-468e771f61c3,L3,Tweet
57bea284-0ec4-4bb2-b9a2-b42cb31dcbe5,L3,Tweet
57bfff8e-0ec6-49ea-911a-1920bba39f8f,L3,Tweet
57c9c283-79bc-492a-801a-b35da2e60691,L3,Tweet
57cf7d66-88ee-4d7f-8940-59f45dd1ec43,L3,Tweet
57e080b2-9fb3-400e-8ebc-c56330beb7e8,L3,Tweet
57e42ecc-6193-4657-892d-e569ea592b55,L3,Tweet
57ed9a83-83b2-4257-8cf3-727aaa580be8,L3,Tweet
57f642f9-8f41-4402-bc9a-47a4d5e092cd,L3,Tweet
57feba81-ed16-4370-861d-4d5b90a0a780,L3,Tweet
57fece46-bf12-4c6d-8db4-e9c27bf43afc,L3,Tweet
580b4aab-4616-4708-8eee-e55494856708,L3,Tweet
581003be-bde3-4c0f-bf0e-5c1e91e98b84,L3,Tweet
5811e292-e81e-4228-a74e-0f7bc4c8c60d,L3,Tweet
58187e90-f60e-4170-b5b4-23beb1eba7d8,L3,Tweet
582400b0-a9ac-4561-ade7-9eb7dcd49240,L3,Tweet
582738c5-27d6-4557-8539-3b0b77a5bc04,L3,Tweet
583f5636-3029-4863-9503-20617d0ca655,L3,Tweet
583fb195-7f16-474c-a296-33ea21c0f463,L3,Tweet
58435b8e-c19d-4241-a9e0-0cf11342d592,L3,Tweet
58460a80-57f7-45ab-ad8d-6c3b129e1add,L3,Tweet
584c6201-455f-4f64-8d56-0de3bf30efad,L3,Tweet
585e82fb-00d5-4533-8179-52e54348d51d,L3,Tweet
5864a928-a14d-4e67-94e3-55655f84e0bd,L3,Tweet
586ac461-6897-447d-9152-44b2154051ce,L3,Tweet
58737578-c0c2-497d-b7c9-ef8d43437d1a,L3,Tweet
5884f681-1001-4ce9-b15a-d25b81eb3675,L3,Tweet
588acb38-e065-4b53-b860-223a56f558e8,L3,Tweet
5895de38-73d7-41c1-8f0e-4e2251e0e062,L3,Tweet
589e733d-bc01-4e64-8da8-638e0442723c,L3,Tweet
58a4f923-b301-4daf-9d65-b7fc3444430a,L3,Tweet
58b1c2cd-a84f-403b-8642-cded7b953565,L3,Tweet
58b8d943-da27-43ef-8e91-2a9b241b5f48,L3,Tweet
58bd75b7-b8fe-445b-8771-53804bae49a4,L3,Tweet
58c3c38b-d378-42a4-b9d0-85f10f034a7a,L3,Tweet
58ca8e66-a49e-4519-b44e-2cadd09c8d33,L3,Tweet
58dca874-653b-46cc-bfb2-f94a556d7348,L3,Tweet
58ddeb3f-9099-4fe4-8a8d-f35256d32006,L3,Tweet
58de60f9-0e3e-4321-ba9c-da19042b23d6,L3,Tweet
58f8d140-c30a-46a2-9055-2ab6368c2714,L3,Tweet
58faea47-f3a1-442c-9603-d0b4cf134545,L3,Tweet
58fb1fbd-62c0-4d60-84e7-945745264273,L3,Tweet
58fb6356-e2aa-4639-90d6-d7a24e4c164e,L3,Tweet
5905d3fb-4795-4707-b45d-969e2502247b,L3,Tweet
59106566-8c2f-4c4d-9c75-89a511371927,L3,Tweet
5911df0b-4076-4b3d-a683-edaed7c67a3b,L3,Tweet
5913d65a-681f-4cf1-8e70-6559c7046740,L3,Tweet
59188def-6870-455f-8f74-365cbf89448a,L3,Tweet
591dcefe-5dc3-4b51-ba33-714fe0e8189d,L3,Tweet
591f265f-e492-428e-b675-4d19105aa942,L3,Tweet
59233ab0-d39f-49e6-8f13-9713268d2811,L3,Tweet
592cd072-4d6a-4fb0-9f5d-035f6632fb09,L3,Tweet
592fd192-6c2c-45c5-b89d-e09d10ddc2dd,L3,Tweet
59308425-827e-4ae9-8c46-f40cb0721e06,L3,Tweet
5939f155-40b5-4411-93fa-d96f84409dfb,L3,Tweet
59478b2d-e7fb-472f-a2bf-03ec46dfa777,L3,Tweet
596e44a0-242a-42e3-8652-6a1a9df94c29,L3,Tweet
59733871-f42d-42df-95f5-d6b999cc3cb6,L3,Tweet
59762afa-d047-4c80-92f0-1b55a2f8eeae,L3,Tweet
5976a7a7-c1c9-448c-bd40-4c68822b4f71,L3,Tweet
597d7ecc-a447-4244-8407-b96034e5bbd9,L3,Tweet
597fb888-13de-45cf-8520-529138249cb3,L3,Tweet
598ab3bb-5dcd-4884-9415-db091037af53,L3,Tweet
59a494c9-9d62-40ec-b857-86d6005b38fd,L3,Tweet
59b1e664-1241-4518-bc4e-5ce2da7e429b,L3,Tweet
59c24247-e71e-44ea-86e7-2ddcbab83a00,L3,Tweet
59d247fc-2245-4d21-9d58-dcd35dab010c,L3,Tweet
59d49bfc-4f60-4cb8-a678-6a2998d310a0,L3,Tweet
59e0425e-7053-4c15-8b50-5e649d683d9b,L3,Tweet
59e0b095-65f0-4646-a991-4991ab2744ec,L3,Tweet
59e413c2-1d55-4cf8-b908-888c9902e1a1,L3,Tweet
59e476e5-42ee-46c0-a688-7cb15e001fd0,L3,Tweet
59ecaaa8-6401-49a0-bb3e-8a6775bc879b,L3,Tweet
5a04ab57-a7f4-4fae-9363-cda025fe22cd,L3,Tweet
5a0653a3-92c2-49fa-a9c5-fe225787ae89,L3,Tweet
5a120e50-1433-4ca8-a7af-d6db6b9ddc3e,L3,Tweet
5a197163-7389-4220-9c8b-ba9dd6166b6d,L3,Tweet
5a1e0e9b-eb15-496f-8a81-2711749055dd,L3,Tweet
5a213b6b-e758-4263-a82c-877300a0343e,L3,Tweet
5a2f5742-ddfb-47ad-92a2-344f6da634bc,L3,Tweet
5a377237-9aec-4988-bbbe-11381d689e3e,L3,Tweet
5a5236a7-26c3-43ed-9be5-c97d315acc95,L3,Tweet
5a56ce43-45f2-475a-9dad-6560797ebc8b,L3,Tweet
5a64e1a0-ddf3-49a9-b4a0-c9ee7c85e57c,L3,Tweet
5a6db9e8-df9a-43fb-b7bf-04ab3a493aae,L3,Tweet
5a6ef5bd-6661-42cd-a5f9-d571cfed608b,L3,Tweet
5a706138-c7a4-49db-8f0e-309367c4ada7,L3,Tweet
5a76ae46-cba1-4b05-ba46-252857ac0a4b,L3,Tweet
5a7c09f3-0c41-40c8-bebc-645942cbce59,L3,Tweet
5a7eca68-d181-44bf-b8af-46da5b34a0b6,L3,Tweet
5a9db6a8-e819-4320-b4eb-398920341c80,L3,Tweet
5a9e904b-ed0d-48f6-a7cb-1d51d0a3a3a8,L3,Tweet
5a9ffb56-8f7f-43f3-a7d2-ad012a4bc8a8,L3,Tweet
5aa5b22c-bb4a-4923-baaf-272011102179,L3,Tweet
5aac6bbb-9d2b-443a-adf0-5647e9acc784,L3,Tweet
5aba8583-3744-498d-b408-8ab4103f8b06,L3,Tweet
5ac0248c-72c7-4cc8-8eda-9b68368447b6,L3,Tweet
5ac92b95-30bc-4c9f-9fc5-9a2957666e06,L3,Tweet
5ae60d75-9fdc-44c6-81ce-61d730d23503,L3,Tweet
5af767ce-50fb-419b-9971-ed121f99ce99,L3,Tweet
5af89c69-6af1-4066-8413-fffdc30a4a07,L3,Tweet
5b0987a1-44ed-489f-b7b4-ba3bedfc8675,L3,Tweet
5b0e35db-6dad-4ea3-a6b9-6501eea54883,L3,Tweet
5b261c9a-3af2-447d-b117-64c89523c233,L3,Tweet
5b2aa1d8-a96b-4904-8c59-e6c1cde40325,L3,Tweet
5b2f0515-fe82-4779-870e-5aa9f02c78a4,L3,Tweet
5b3d5fc2-d26a-44aa-9692-f3230879c279,L3,Tweet
5b4041e7-f7b5-4347-8301-dc5ca1a337b3,L3,Tweet
5b47ccb5-9f9a-47e4-b60b-3a381ea12c7f,L3,Tweet
5b59bf48-c682-432c-88e0-93c414c54ab3,L3,Tweet
5b5c8d0c-6bed-4cd5-a149-d6c835f47068,L3,Tweet
5b5e2de2-9ef5-420b-a830-c5a6fa2c9d11,L3,Tweet
5b659385-4e22-4665-abb2-1701ccb473cf,L3,Tweet
5b69bbc1-def8-47fb-a82a-9295fea274f9,L3,Tweet
5b6ec061-2ae2-405a-bd1a-523be96e2286,L3,Tweet
5b702932-50f5-49a5-9413-c051d1402925,L3,Tweet
5b74005d-f6d9-4d9e-8dd9-95f97d29fcf4,L3,Tweet
5b775e0f-98c0-4586-95af-2e5d3ccd92bc,L3,Tweet
5b8990b4-611e-4c4b-9ff2-46cf95adc123,L3,Tweet
5b8e1d7a-8e0b-4f89-82e1-b0cc4822a362,L3,Tweet
5ba6e62b-5ce2-433a-823a-9b8a055252b1,L3,Tweet
5bb1aefc-3f5b-432d-b441-6220787d46d5,L3,Tweet
5bb5130d-7cf8-4ddb-8d77-76b93bdceeae,L3,Tweet
5bb996ba-608b-410d-b6f7-6a94d251d695,L3,Tweet
5bba6edf-21f4-4229-a8e3-12aaa632e031,L3,Tweet
5bbc6e58-3df5-406e-84cf-552b273eb89a,L3,Tweet
5bc3daf2-7440-4f5d-a36c-8801c91d6b40,L3,Tweet
5bc877f9-0dad-42b5-8d19-77f46baf345f,L3,Tweet
5bd1bbb0-e117-4488-a39e-dab1d0b70f7f,L3,Tweet
5bd4e591-be8e-4d6d-b370-bcc624fab2b1,L3,Tweet
5be4df76-7322-4265-adf0-d6e285fecf5e,L3,Tweet
5bf38d5a-c5f8-4421-a8b2-d8fc33ad2f36,L3,Tweet
5bf5a00f-f6ae-4b21-9da9-d1492b12cbc0,L3,Tweet
5bfb93a3-2367-4997-8b2a-0b6f20a4776e,L3,Tweet
5c0a291e-4232-47ae-8607-2d2c54f987d9,L3,Tweet
5c1d4149-a22e-4a9d-bb20-0ea421116a39,L3,Tweet
5c28c89e-ec8d-4040-accc-764db96acff6,L3,Tweet
5c31b6c2-8ced-474a-983c-49ecdcc53dbd,L3,Tweet
5c40287c-07f7-4b14-bd21-12a48a731aa7,L3,Tweet
5c432b5b-1d3f-46eb-8b5e-ee68788db851,L3,Tweet
5c4d3d17-3410-4c8d-a81c-5c325f83bb6e,L3,Tweet
5c52edf1-5213-4034-b8a8-58b55cccd10a,L3,Tweet
5c531b8f-a5b7-4ced-ab07-c8732e45be9b,L3,Tweet
5c5687b9-bdee-4a54-89e6-21bfcb059f86,L3,Tweet
5c5b3cdd-8f3a-4e77-8476-9028f8140b74,L3,Tweet
5c5ffea3-de31-4215-b607-517ef0d7147d,L3,Tweet
5c680f42-a24f-4afe-ae67-ec4432ee1e72,L3,Tweet
5c6ce667-eeba-46cf-9f76-bdcffbd46cc7,L3,Tweet
5c6f5a8c-db7c-4764-a99f-1c5f4d946596,L3,Tweet
5c7ac59a-345e-41c5-bece-3131b8579e22,L3,Tweet
5c88147f-19f3-47c7-92fb-b82c534dedf3,L3,Tweet
5c8d17a4-ea23-4c81-a0d6-8081b0c7c0c3,L3,Tweet
5c97c5cb-b882-4302-a548-004dfe779f22,L3,Tweet
5ca579bb-d8ba-460c-9197-e5347272f7de,L3,Tweet
5ca75bca-1c1d-4140-84dc-166c99ddadba,L3,Tweet
5caa4df9-ff7c-4d8a-9cdb-95dae9608d11,L3,Tweet
5cbfcb46-7de6-4048-b58b-facb0460dfed,L3,Tweet
5cc61610-8447-4682-9d3a-aa0d31d7331d,L3,Tweet
5cd489d6-14ee-4b4c-a9bd-d28ccce81e99,L3,Tweet
5cd6e025-ea18-4c7e-9492-773d5dd0be94,L3,Tweet
5cde2dbf-eef4-4bc0-b1c7-3c1d27c66cba,L3,Tweet
5cfbed16-1294-443c-b9a9-66f40d7421d6,L3,Tweet
5d067af8-6e38-49ac-b5e8-9f26db1a2f99,L3,Tweet
5d087b6b-6860-48e7-85ee-0003749a12d4,L3,Tweet
5d0cfc5d-b19f-440b-adfa-6d94743d359a,L3,Tweet
5d0e1698-5b30-452b-b9ee-90aedda0318d,L3,Tweet
5d1b25a9-0fcb-415e-9797-bab229cde879,L3,Tweet
5d20373f-36a5-4a68-ae1d-c18894f7d2b9,L3,Tweet
5d20aedb-3f4d-49cc-8796-eccde97eaf32,L3,Tweet
5d28bb51-a046-4b30-8e2f-07b11be59ee4,L3,Tweet
5d444451-5af3-42ee-b484-f2035688c4f9,L3,Tweet
5d48ad1a-adb1-4ccc-99d8-b4d2a465e4e3,L3,Tweet
5d52d71c-61f6-482c-ac81-de327f8f6dc2,L3,Tweet
5d5c4c45-4385-454c-b30f-e610fcacff4e,L3,Tweet
5d61fe7b-df9a-48e8-90f7-d51781a19faa,L3,Tweet
5d6bcdfd-2431-4e9a-a54d-3aefbe7e53a6,L3,Tweet
5d6fa1f1-f9b4-419f-bb13-1a3557d45b3f,L3,Tweet
5d8036d9-fab0-4998-8ea8-7f72b1f5e5eb,L3,Tweet
5d8a557d-afda-4115-a9ad-6134a4e9cfab,L3,Tweet
5d921df7-e673-4f1b-a7e2-96750080c6fd,L3,Tweet
5d932e0a-6e19-4748-b313-242bc1818bcf,L3,Tweet
5d957d93-5a22-4f6c-83a6-3d04bad93add,L3,Tweet
5d9e4a80-07ec-41a5-95d8-31baea8321db,L3,Tweet
5d9f0ff6-bb13-46f9-973b-eac2b66df618,L3,Tweet
5da1d7d0-1abe-4d80-8e15-70637b8bdee2,L3,Tweet
5da3b6f2-f670-4db9-88ed-908b4cd3655f,L3,Tweet
5da701d6-1ab3-4976-90cc-0dc74f45d8f2,L3,Tweet
5db04db7-0f9b-4127-ab49-80feea23428b,L3,Tweet
5db49c11-b685-45c2-afb9-2cb21ae68237,L3,Tweet
5db8dd61-40d2-43fe-879f-2afc2dc89d55,L3,Tweet
5dd3d84d-5362-4435-af6d-16f447913e40,L3,Tweet
5ddbc173-8218-4727-ab18-5e56e9c8f5c2,L3,Tweet
5de0310d-ae96-427a-bfb6-2914cb3c2f11,L3,Tweet
5def5a46-a15b-4101-ba0c-40abed249a04,L3,Tweet
5df7b729-80b9-4285-9c9d-44ef8709d968,L3,Tweet
5dfb9ee3-d57f-4e6e-80d8-d3c9e078bb87,L3,Tweet
5e071dd5-5685-41c8-a6e0-d1a28c9dce98,L3,Tweet
5e09cb4e-9556-4614-94c0-8eeef027776a,L3,Tweet
5e136589-d0a8-4b3c-a573-3a21186ff617,L3,Tweet
5e16fe72-1890-4524-8ae8-9268677e8b35,L3,Tweet
5e17b7f2-5e2c-4d58-b33c-7613cbcb8215,L3,Tweet
5e17f16c-7234-424a-9e5f-42374f04606d,L3,Tweet
5e190908-46f6-4cf3-a996-7e0847613df0,L3,Tweet
5e1994b0-7609-40b5-8059-02d09b435c36,L3,Tweet
5e1e4bd9-4bdc-42ec-a569-3d724cd4274e,L3,Tweet
5e24b5a6-18f8-467e-bf4f-c169277afe43,L3,Tweet
5e2c8ba7-76fe-4b19-9560-e38b928e5dbd,L3,Tweet
5e34edc1-6f96-4325-a6aa-5ee08e054470,L3,Tweet
5e377caa-c2ab-4874-85ab-354a117af88a,L3,Tweet
5e3a97ea-df89-4a6c-85ca-61754e589a5e,L3,Tweet
5e3afb1e-5445-42b5-8a93-e278c3940b13,L3,Tweet
5e44260c-65da-4c2d-8d42-d38671897ee0,L3,Tweet
5e4dbc43-157e-4f6c-b9cf-832f6378e187,L3,Tweet
5e517b30-d316-45d3-831a-3580d6ab0672,L3,Tweet
5e5694fe-91cd-4fe1-8d7a-a44bc3dfac67,L3,Tweet
5e58de86-a668-4a32-a66a-a59fe8c3155b,L3,Tweet
5e6c76ea-35d0-4dea-9212-65e22e815dce,L3,Tweet
5e8cce97-df69-4136-a418-b3d01382ebc7,L3,Tweet
5e93b787-e4dc-4a67-86ec-ae28d06f9683,L3,Tweet
5e9828e2-9646-4ced-98b9-00c5766af6ca,L3,Tweet
5e9f5568-d6f0-42d6-970a-8a67d2ed3fc0,L3,Tweet
5ea8bdab-73c8-4276-a4c5-9526898ee5fe,L3,Tweet
5eadeaea-7c71-470c-8aa6-1f537e20f77e,L3,Tweet
5ec0e4d4-e9bd-4484-91bb-ea2711819df1,L3,Tweet
5ec32ad0-53e3-4e2b-ad78-ddd0c8404867,L3,Tweet
5ec373a2-5bff-4f18-ad85-bd9747647100,L3,Tweet
5ec4b301-64be-45e0-8b94-974b249bbf22,L3,Tweet
5ed333ed-5ef4-4a7f-b637-87fc9fc37258,L3,Tweet
5efcbfa2-08a7-400f-b8da-936600154379,L3,Tweet
5f00e08e-ff58-4224-a8e9-8ffc626e0ef7,L3,Tweet
5f0425c6-4a99-45b3-93bc-f3ae1cf950e0,L3,Tweet
5f077899-f62b-42fd-a913-1dcc821161be,L3,Tweet
5f11230e-3c15-44fa-9e89-4e786932405e,L3,Tweet
5f1382eb-03e4-422b-ac7a-6d68c1d8aec8,L3,Tweet
5f19e3d1-14dd-4318-9c4a-f96c3834dcf5,L3,Tweet
5f1b535f-701c-4ef4-b271-d21d82764577,L3,Tweet
5f24a91c-d396-47ba-9045-f73cd0a6b1c8,L3,Tweet
5f2af0b8-3cb0-40ea-9dde-a926af6bec5d,L3,Tweet
5f2ba36f-7b75-47d1-9a4c-9aa370a0afa8,L3,Tweet
5f3d6002-ab30-4538-9610-746d23eb9820,L3,Tweet
5f4519e7-0a92-41e4-9aff-3910905e2be4,L3,Tweet
5f46343f-2680-4e82-9a60-545aa7fb3144,L3,Tweet
5f480556-f6c6-4727-94dc-d317202284f0,L3,Tweet
5f4b2970-1b8e-4576-a40c-e492a2352e25,L3,Tweet
5f548e14-5918-4bf2-9c01-374cb3ce9510,L3,Tweet
5f56d3b2-cd81-4604-944e-f6e21cfe755a,L3,Tweet
5f5e03fb-eaf4-4e73-ad15-c5273792ff3f,L3,Tweet
5f5f9364-4668-42dd-849d-aebf8222c221,L3,Tweet
5f763a48-b938-4420-a91b-8209eee4b15f,L3,Tweet
5f7b65dd-c4a0-456a-b81c-8c1ce31bf8c2,L3,Tweet
5f7e3efd-ae13-46f5-b98e-44520b713b14,L3,Tweet
5f9bdeb0-87ad-4c40-949b-823bf82ddd5e,L3,Tweet
5fa08a3d-12c1-46d3-8b45-de10c2b2b055,L3,Tweet
5fa44025-f221-4a2c-896b-547045b990e1,L3,Tweet
5fa80429-3107-4370-966a-c655d5685fca,L3,Tweet
5fad1612-684e-4ac1-be94-f0c2469b54d5,L3,Tweet
5fb70035-c4b6-4589-9cda-dad3e9fc29de,L3,Tweet
5fb7d7bc-7acc-433a-a9f9-2bec5b6ba0c7,L3,Tweet
5fb9b70c-0975-4558-b937-c557ba96afbe,L3,Tweet
5fbacdb7-2e58-4c5e-b161-9732cb357b32,L3,Tweet
5fbb61c6-d116-4573-9f24-a14358718e51,L3,Tweet
5fc1f4f7-4a7b-4a75-bbd8-b76c0a658a63,L3,Tweet
5fd0c119-517a-479b-8081-303defdb768e,L3,Tweet
5fddd44c-d04e-438e-9d1c-f393415e0aaa,L3,Tweet
5fe153a0-a69e-4513-8af0-07da2137cbbf,L3,Tweet
5fe73bbd-2d5a-4ab6-b46c-27d4d7a6e71a,L3,Tweet
5ffc7b40-dfa5-4090-8ab1-7018898575e9,L3,Tweet
5ffd6411-9d85-4602-a1a1-7204a0dcca1e,L3,Tweet
5fff3c40-5c0d-4c64-b750-ea3eb94a9c91,L3,Tweet
6002ef18-aecf-4dfa-97f0-9e9e4c1d74cc,L3,Tweet
6005d7e4-20cf-4fea-9cad-60d96e2e4a62,L3,Tweet
600bc4fa-d468-43d1-8b35-41fe3b573bcd,L3,Tweet
6027667d-f687-4a01-b04e-6d8d6d5e763a,L3,Tweet
602e1679-caa0-45a2-a493-4063c57d9a02,L3,Tweet
60303642-7f06-4f9d-8d23-b8cd736f6009,L3,Tweet
6037ca7e-9e88-441c-a83a-c2702572d3c8,L3,Tweet
6045c6f1-5c72-45a8-ba13-9ae1b54f3f54,L3,Tweet
60467ba5-a428-4698-8160-05aa3f14a9ef,L3,Tweet
6046f552-9ba4-43fc-b173-700c50ddcc50,L3,Tweet
604c36b8-e3b6-4a1b-96f3-7d720390ff82,L3,Tweet
6054a418-c3ca-4c9f-ae86-f76a2c9d5aae,L3,Tweet
605e8d79-fea9-4163-a56f-36ac96b4c6ef,L3,Tweet
60643192-d54d-4411-8c4e-b266595d25d7,L3,Tweet
60673c8d-f84e-4e05-9d04-0f19bbe667b1,L3,Tweet
6090b1ef-ab2c-4a48-bc5e-50323ef50412,L3,Tweet
609bfbe8-88c8-4f58-be15-f96ced8fb520,L3,Tweet
60aa0c39-4145-458b-a3f3-e5ff17dec02e,L3,Tweet
60b8d8e1-f893-48b2-8f5c-e310c628757a,L3,Tweet
60c165d0-f8be-4847-99e9-23e0b59579a9,L3,Tweet
60c300f2-670a-44f8-a916-6d542a98c815,L3,Tweet
60cc8655-355a-4085-be49-0371b74fc205,L3,Tweet
60e40e48-067d-4f7a-a5e0-b63a89c2cca1,L3,Tweet
60e71570-1b22-4de6-999c-0228d581baac,L3,Tweet
60e88f19-0c1d-45c3-956a-d6b91f42f727,L3,Tweet
60ef8a07-9b2b-4923-8d4b-0906edf4190b,L3,Tweet
60f86757-e975-4e2e-991e-1ad530a7b073,L3,Tweet
60fa7aa7-5cfa-4872-abbf-6f8803f52804,L3,Tweet
60fe8fab-11c0-495f-b4f6-d86d4e91e764,L3,Tweet
610461a0-5c18-49fd-b637-f3ba397f643b,L3,Tweet
6104ab44-35fb-47ac-a516-4f9650e46289,L3,Tweet
61138f5f-9694-4e50-8d68-1fb3654068ec,L3,Tweet
611d76c5-8cd8-4aed-9fbc-f5fc74b4f800,L3,Tweet
613b40a4-9943-49ff-9894-8f3d19b47ef5,L3,Tweet
6141c6c4-bfe6-4dfa-b957-4a35d705867a,L3,Tweet
6145cae3-67fb-4ce7-9ca7-616cb4f0cdfa,L3,Tweet
61600e27-63a1-4b99-b6b8-2114e91e8f08,L3,Tweet
616bd8ec-a7a2-40ed-8b18-ddc7d203aef4,L3,Tweet
617d1f47-e379-4b92-8c44-470412bcdfc4,L3,Tweet
6192d068-ee0c-4956-b93d-a6f38b4811a6,L3,Tweet
6198e8de-9945-4d8e-871d-a4580ac886a9,L3,Tweet
61a1c6c5-9a2e-43ac-81ff-0f9837facf9a,L3,Tweet
61a305d9-96b8-4a5f-95dc-e598432f9b31,L3,Tweet
61a50adb-e1c6-4075-9fb4-2a654623bc20,L3,Tweet
61abaebe-0596-42f5-9385-3ff4dd8f628a,L3,Tweet
61c1468c-965d-4d3f-bd44-5a47262163bd,L3,Tweet
61c16018-cc6f-46e6-8f4c-350ab44df356,L3,Tweet
61c1cbaa-c220-4b0c-b761-6df28a384c9c,L3,Tweet
61c2fde5-1468-4782-8306-a4503a59a628,L3,Tweet
61cf8a02-6ee5-4206-81cc-4fc9fd7fb972,L3,Tweet
61d0e0cf-69b6-43a5-9ced-e4c1cf93497e,L3,Tweet
61d1f151-b8a0-42b5-86a0-a764e7321842,L3,Tweet
61d70fdb-5041-4e55-bbf2-17217e32b8cf,L3,Tweet
61ebb98e-1b1a-4d00-8eb6-32667572d321,L3,Tweet
620200b0-3f0d-436a-9e5a-9d85812933be,L3,Tweet
6208cd27-fb58-40e7-8716-0392d5f6f729,L3,Tweet
621303f5-8331-433c-97eb-a797317cdc07,L3,Tweet
621c966c-f6c0-47a0-87a1-044c0575ef83,L3,Tweet
622123d3-1bcb-4ae5-8917-f421b0f2f3d9,L3,Tweet
6223a714-2bc9-4023-8aa9-858f577dd50a,L3,Tweet
6225bcf3-2cf8-4b61-9c7a-7b98693f8c25,L3,Tweet
6225d67c-6fed-4ebd-b04d-661241966a3e,L3,Tweet
62293f0d-3b07-4d5e-bbbf-443d15ac0645,L3,Tweet
62329d84-d2d4-4e39-b969-a616eedf3446,L3,Tweet
62396493-c862-4082-b502-ff29e6ff7402,L3,Tweet
6241cf8a-aef9-41ee-b058-518e276e6911,L3,Tweet
624696c9-4c3c-470d-83b5-1e40bbb97005,L3,Tweet
62485e80-f24c-418b-b2d4-16c03f962b9d,L3,Tweet
6249bc16-0e36-4791-bc9c-16739bbe24b1,L3,Tweet
624c67e2-79f4-482e-a349-f53dcf99dcd9,L3,Tweet
62545088-5b6c-47b8-9777-3a82b208b549,L3,Tweet
62558a4c-0597-435f-9829-7ae3bf004637,L3,Tweet
625ea3cf-bbaf-4261-9188-77502ef2bb26,L3,Tweet
62689906-2b3d-4f9b-89a6-e8b0da48f0d4,L3,Tweet
6271310f-710c-4d58-8cce-7b966b2fe87b,L3,Tweet
627b24f8-0d38-4ba0-a1bb-2eb3824e1c8b,L3,Tweet
628c683d-e518-47f8-8716-1463d92f8a29,L3,Tweet
6298224f-98a5-4f5c-99f3-c2006eacba6a,L3,Tweet
629868ec-7a09-4091-a0bc-732660cd47a7,L3,Tweet
629c1849-1f58-481f-b54f-413f24d919e0,L3,Tweet
629d6ee7-9141-4dc6-9a6d-d0748e8f36b1,L3,Tweet
629de0c9-f36d-440e-8c7e-e6b1f1c31d92,L3,Tweet
629f95db-cd53-4073-874a-e0b3be8c3bca,L3,Tweet
62ad85e7-f9f0-4bb7-8b9f-7821c0741195,L3,Tweet
62b53d84-dc8f-44c0-99e8-7d804ca578f4,L3,Tweet
62ba4c29-93f5-4d8d-ae98-a3af292af053,L3,Tweet
62db18e8-80e5-4bc7-a7ac-49ae5b088056,L3,Tweet
62e56f57-bd84-4f81-997b-5b78861a57ca,L3,Tweet
62e93bdc-c015-41d0-a2e5-a910b45eaa53,L3,Tweet
62ecd7ad-c8de-488e-a87a-bcef5cc2b036,L3,Tweet
62f42d91-02cc-4eca-8166-5137cf0646a6,L3,Tweet
62fc0efe-1576-4f11-a135-e1de7c000517,L3,Tweet
63157f28-1cb0-435a-b5a7-fe007c96ca4d,L3,Tweet
631a3104-a37f-4046-8be8-cac29f4bbee4,L3,Tweet
63334bdc-754c-4bbc-9f1f-1814e96b883f,L3,Tweet
6338b290-1616-433c-980b-88c971d3390c,L3,Tweet
633ae9cf-f8ef-489c-a9a5-c5c924f00767,L3,Tweet
633d3fff-4d1c-4d73-8a10-e2e6e6b9e624,L3,Tweet
633e9977-41ff-4996-8cc6-db84975d5459,L3,Tweet
63442f12-066f-4e82-b13a-b84c62c2dd47,L3,Tweet
634ba9f1-8bc9-4e97-8593-2a7097c0389e,L3,Tweet
634e159f-df9f-4493-829c-62141366d94f,L3,Tweet
634fe433-1db9-40b3-9129-5e132f0ba38e,L3,Tweet
636471a2-7be5-49e2-84cc-21182dafe5d7,L3,Tweet
636bc617-8b87-41d2-876e-fd134e59f073,L3,Tweet
636c2fcb-0636-45d4-b20c-9c0ec5952262,L3,Tweet
6376efed-60c2-4c58-b156-f0c95218bf4d,L3,Tweet
637a195f-4223-45f7-937b-bd94539ca936,L3,Tweet
639537a4-55ee-4e8d-9388-4e88c5ce50df,L3,Tweet
639d9153-bf9f-416c-86ff-19f0ce5df3ea,L3,Tweet
63a2c2c4-8234-4a45-9885-607d8487ea44,L3,Tweet
63a3bc33-36f0-4a6c-bc32-ddf3fb02faf9,L3,Tweet
63a591df-fc9a-48a8-9b7e-dffc6a653a7a,L3,Tweet
63a7e5f5-3136-4d50-bf1d-e24b114b5ea3,L3,Tweet
63acacf9-6143-4da2-acc3-b3ba0eeeb9e9,L3,Tweet
63b295c0-dcd9-4742-8b87-085c2b85ad29,L3,Tweet
63be45b9-707c-40c5-8241-dbf5df01382f,L3,Tweet
63d5b337-365a-4c67-9937-4a9a50535272,L3,Tweet
63d66152-ece2-4f7f-b845-e7daf034c294,L3,Tweet
63d78612-8a5b-4ceb-842f-9d329bcdeba7,L3,Tweet
63dec2d3-0afc-4fa5-aa81-fa40a5dce433,L3,Tweet
63dfb75f-cccc-4f4e-819f-16ee6dba746f,L3,Tweet
63e3aef5-62d0-4b0b-9635-244436d9cf60,L3,Tweet
63e49800-5330-46f0-aa24-14ae43f145e1,L3,Tweet
63e7ea6f-f982-41ef-9856-0f596648e592,L3,Tweet
63f3c3f5-675b-451e-ac75-dd71a8e35374,L3,Tweet
63f529ec-a97d-473c-8501-4fd8e3572430,L3,Tweet
63f9c841-f899-41b9-8496-e467aa69ceea,L3,Tweet
64008d67-6918-4971-ab97-b372085a3039,L3,Tweet
641a29c3-97b8-4657-a710-2ea13a8928bc,L3,Tweet
64220318-b572-4cc6-a8f2-19de32551796,L3,Tweet
64292ebf-14e2-4ac6-901f-899810b3fc68,L3,Tweet
642c8cf4-4008-47fe-91e8-b2f42a43b851,L3,Tweet
643445bc-e5e1-41cb-8a1f-c5ef9112cddb,L3,Tweet
6437769f-0734-4dc7-a7e3-1d0cca91b9da,L3,Tweet
6441a50b-c4fe-4782-973b-b067368334a3,L3,Tweet
64430d2c-76ff-4924-8ba7-40dae3289868,L3,Tweet
6443f07f-c933-40f3-9334-bed165cab021,L3,Tweet
64449005-fcc2-4930-9e30-290776f833f0,L3,Tweet
6445955d-2067-4b14-80b6-ca03482ddae6,L3,Tweet
644a2cec-f4cb-4fbe-bb51-7f52e8adb164,L3,Tweet
644ba855-5142-4b36-84af-f974ca228a0a,L3,Tweet
644c787d-4682-4aaa-bbad-9bdf2d46fb73,L3,Tweet
645da5ec-cc9c-4a5c-b26e-36aaa90f0b61,L3,Tweet
6463d14a-665e-496e-8efa-0b7688d79708,L3,Tweet
6471cb6b-12e9-45ab-b05e-ba2c1505469e,L3,Tweet
64872aab-ecd0-403d-a4a8-27f7e834c749,L3,Tweet
64898d0b-8e00-48b0-8390-e44890ea2241,L3,Tweet
64899313-d96b-4a38-8b36-dca98f941024,L3,Tweet
6492020b-dbf5-4800-bdff-8a26b4ac80af,L3,Tweet
649487be-c7f6-4ac2-85b3-3cbfac7d257d,L3,Tweet
64949200-7390-49a0-b6bf-3081c17373b3,L3,Tweet
649b5945-36c3-499f-bbfc-01a8e1522d17,L3,Tweet
649c870e-a37e-47b5-ad18-7d3d384b763b,L3,Tweet
649d0fc2-fcb0-4f1e-893a-83d9b626e1cf,L3,Tweet
64c2e3fc-a235-487c-988c-f67d73136513,L3,Tweet
64c5eebd-c4bd-4d48-a0ca-1ea95a326fc2,L3,Tweet
64cad1b0-0fb7-4d02-b46d-baa479c985e5,L3,Tweet
64cc27c7-c71f-4ea3-b779-fc4067996f1b,L3,Tweet
64d98385-21af-456e-b7b7-cc9be10c4861,L3,Tweet
64e1100e-b878-419c-a87e-3ae722013a24,L3,Tweet
64e854ab-4876-429a-b7a0-38c142a56552,L3,Tweet
64e8f924-5bc1-4e30-998a-8a631675ce6e,L3,Tweet
64f06024-a054-4b91-a9a2-16a93660d427,L3,Tweet
64f1fa0b-6cf1-4ea2-94af-c8840e835c19,L3,Tweet
64f28407-eeef-429a-aab8-f3d7238e13a5,L3,Tweet
64f6d42c-6c82-4ed1-bac6-441ae990e624,L3,Tweet
64fe70df-ab46-483a-9b23-fa7659d89c07,L3,Tweet
6514e879-0594-427c-ba2a-2a13fa902364,L3,Tweet
652bdec5-ca94-407c-9c43-a7eb973dc6ff,L3,Tweet
652c398b-740a-424b-b9ea-7526ff672489,L3,Tweet
65333638-aee0-4353-ba52-bda6ef249f5b,L3,Tweet
6540ef3e-eaed-4c90-9756-6af7943fc829,L3,Tweet
654f688c-cb5e-4026-b833-52f48847cdca,L3,Tweet
65528c27-bcea-4080-ae3a-83f6f41a4e74,L3,Tweet
6565a42b-9c53-441e-87a0-79ed7fe652de,L3,Tweet
6565bf78-806a-43e1-a368-25d74009284b,L3,Tweet
656afc7c-a3e1-47e4-9047-5ce0e1b81217,L3,Tweet
65804f4a-4a33-4e90-9cdb-b73432925ecb,L3,Tweet
6584656e-6eed-4b07-810b-5a986c2c6ece,L3,Tweet
6585e514-1909-4235-8fc2-362bd3248df0,L3,Tweet
6587e795-af3b-44de-bdd1-533f218fc814,L3,Tweet
65883df0-e45f-4fb0-a0b6-ebe599463a29,L3,Tweet
659a4712-4c9f-459d-ae81-65fdae37321a,L3,Tweet
65a77dfc-693d-48bb-8a75-f036a658056e,L3,Tweet
65a8d661-3808-4349-9a0a-8ca0e44633b4,L3,Tweet
65a8f646-1ea2-4cd7-b829-b31265d781a6,L3,Tweet
65aa0fdd-4e5a-4563-96b6-80990a38962f,L3,Tweet
65adfe86-f041-4838-ba4f-b347805569e3,L3,Tweet
65aee525-a107-4ed6-9cde-74f8ba4c7060,L3,Tweet
65ba1b68-a4ee-4b69-bb83-a3d58f479f1d,L3,Tweet
65d67dfa-866f-4f85-ac60-67b11096c8e8,L3,Tweet
65d77ad1-d807-4e7f-8b14-4d58d12f543f,L3,Tweet
65eca685-6f93-49fb-9c7e-e483bcfb4f39,L3,Tweet
65ee19cf-eb35-4358-9a89-ef19c9bbc191,L3,Tweet
65ffa1a4-dd2c-4fcd-85b6-9b83f865f948,L3,Tweet
660585eb-23d3-48c3-97c5-09a6e6b8b4ea,L3,Tweet
660809ab-ba4c-4668-b468-3dd8311ec464,L3,Tweet
660b3059-0ea1-4e8d-aa02-13f1a290eb47,L3,Tweet
660fedd0-9d95-47f0-9922-fa586e1439f6,L3,Tweet
66177417-d651-41a4-a961-5bcfb8e8355f,L3,Tweet
6618bea7-1e91-4e5f-9edc-e4c7da49f598,L3,Tweet
661c1ecd-0172-4662-8dea-d4801c0487fd,L3,Tweet
663e0ac2-154b-4749-b765-7ab35deb24e5,L3,Tweet
66538d15-828d-40ee-a306-abed9d66d40c,L3,Tweet
6659df9a-fc5f-4fd0-b404-070f8d68358f,L3,Tweet
665bcecf-1afa-4b1e-89b3-4490d5de2567,L3,Tweet
6660428f-dcb8-44de-a941-b6dcf2bd85fb,L3,Tweet
666c0030-2beb-43fc-a475-35bbdf14a3b6,L3,Tweet
666d0234-bf01-4b24-87fd-7e983d840793,L3,Tweet
666db17a-119a-4258-9725-8a7343e49e05,L3,Tweet
666dd23f-b68d-4428-ab0e-7588107a9e93,L3,Tweet
66791ef5-7197-4b96-a91f-15b7f623a2c5,L3,Tweet
668a4d56-9444-4e9c-8b9e-0cb7a384bd5a,L3,Tweet
66966fca-d609-4757-81d8-b9f405ed0e1c,L3,Tweet
66bb1819-12ec-4f0d-8120-419a8f30d36b,L3,Tweet
66be0c0f-3282-479f-b30e-5e1e145f3def,L3,Tweet
66c200be-dd00-488e-8902-890b58f91f3c,L3,Tweet
66c49cea-3f13-4b28-9174-c0bda121d3e0,L3,Tweet
66d2bb20-0710-4834-aab9-f32cc3591988,L3,Tweet
66d9703a-50cc-41f7-a38a-bd07a7635346,L3,Tweet
66dcc695-e988-4623-86fe-0a478d0d92c1,L3,Tweet
66e0e52e-077f-497b-a891-c26cd4dce57f,L3,Tweet
66ea6cca-697f-4c09-956a-ea05ca407f6e,L3,Tweet
66ee27a9-0960-4fd0-a66c-daefc63ec91e,L3,Tweet
66f2b59f-69b1-464d-96e6-c794d2e718f1,L3,Tweet
66f63127-1891-415d-a602-1b1988e3c5ea,L3,Tweet
66ffe566-f61d-4a87-b8b4-4589c42decb4,L3,Tweet
671203a0-7bf6-4b3d-a15b-70204491246e,L3,Tweet
6725abd4-34ae-4fe7-b3bf-7982909bbc76,L3,Tweet
673ed407-5103-4524-9b9f-d12932f13ea0,L3,Tweet
674c36f4-0a9d-4156-8571-4aacef7fc084,L3,Tweet
67509a7a-a5b9-46c4-86d6-9cbd5b218289,L3,Tweet
6750bad1-0ceb-4363-bcea-5e40c2284a05,L3,Tweet
67526f7e-2ac1-4576-801d-520249be17d8,L3,Tweet
67570c87-afa6-4f89-8363-40a628b8511d,L3,Tweet
67571979-0f0f-4616-866c-588bc2b8455e,L3,Tweet
676e4f70-9815-47ed-b03c-11302da2b2a2,L3,Tweet
67761663-19b5-4c2f-a29d-38b3706378d9,L3,Tweet
677fa3d6-6014-4ce0-8570-aadd41bddba9,L3,Tweet
6781f49b-e1b8-492d-b65f-8ef32e305ddc,L3,Tweet
67864264-6a0b-4719-9a37-1bbf8e7bc122,L3,Tweet
67909929-2077-4f0c-adb8-e4376f2a38db,L3,Tweet
67a333be-7e79-4686-addf-d0502ffdb6d5,L3,Tweet
67a62795-725b-4655-aa15-1594908fff93,L3,Tweet
67ac38c0-b6ac-4fe9-aae7-341c19413d14,L3,Tweet
67ae1b38-d6b7-4a2a-8f6c-3e60f21fda27,L3,Tweet
67c013fd-461b-4a67-82a1-2c9dce29e74e,L3,Tweet
67c0d39f-d02a-40b2-ab34-27f73d983dee,L3,Tweet
67caa9c5-1363-4d5b-b044-e4beaf1c765e,L3,Tweet
67cd3f1e-ec2b-446d-be36-9c823b865ac2,L3,Tweet
67e09294-ba82-4719-8442-b64297aaa502,L3,Tweet
67ea0997-61a5-46e3-9d51-129dbd823280,L3,Tweet
67fc1ded-cbe1-4124-b110-73e60d6aa616,L3,Tweet
68168f4c-470c-49e7-b064-0fbe3c41fc0f,L3,Tweet
681a29ea-f7bf-4812-9211-82e8585b06ba,L3,Tweet
6822f564-6110-40ca-af4e-b4a6b961f43b,L3,Tweet
68241cc6-ff45-47ab-986c-770c3d537c04,L3,Tweet
68330ef2-67ed-41be-a525-cc229aaa3e48,L3,Tweet
68441012-8067-498b-b5f9-d5bc2d05035a,L3,Tweet
6844e749-1948-4f75-9079-3aca0f01c9c2,L3,Tweet
6848b887-1b27-457d-a491-28375706a633,L3,Tweet
6856267e-5458-44f6-8270-3a133c7f2a2e,L3,Tweet
68664ecd-7869-4a96-bad5-efc9af32aaa8,L3,Tweet
68768ff3-afc4-4e9e-ac18-44e030dce83c,L3,Tweet
687fd254-8b29-4fba-9043-9ca3edaf6461,L3,Tweet
6881a2e6-93ba-4e68-8768-b70d7706789b,L3,Tweet
688343ef-52fa-4392-83c5-18aa9d3f35c7,L3,Tweet
689333d8-8f76-40f8-b935-451778e5c889,L3,Tweet
68961b46-40f4-4e3d-9bc0-285e43f38271,L3,Tweet
68b2bae3-9fe9-433e-814c-7b5bae7ba108,L3,Tweet
68b89cd7-4571-48f4-8a28-26d38d80e0c6,L3,Tweet
68d32f50-5953-4b1e-95e8-a49019337c4c,L3,Tweet
68de0f6b-6100-4061-b983-5aff2b4136e9,L3,Tweet
68e4c641-71f3-48af-8870-bf2b2d0078be,L3,Tweet
68f56930-fdd2-4dd4-bb0b-8e5e9d22b044,L3,Tweet
69068d9c-d8be-4f0c-ba1e-27425f91ec12,L3,Tweet
6925605f-ef7e-4b00-a639-470936cc51dd,L3,Tweet
692ed62f-75bc-42e1-95b3-4f08c3710dc1,L3,Tweet
69435048-34a8-4f85-8e3e-2c6ce3b83b51,L3,Tweet
694455f5-cbe7-49e1-bd0e-150f4d00a81a,L3,Tweet
69473d44-dcbf-49a3-9d95-b451f3ba5f73,L3,Tweet
694b837f-0c3d-4473-9d3b-a2b93abc7ec1,L3,Tweet
6955f8eb-6aed-4b75-b94f-ea712d3c9b87,L3,Tweet
696e80e8-4783-4bf6-b1c9-c10019768bfb,L3,Tweet
6970f9fe-eaff-4dbf-baa8-49deb2b9d3a0,L3,Tweet
6971b199-6b74-4c3f-b0d1-30e575bfdb83,L3,Tweet
6976d9f2-6991-4147-b109-8ef829d41548,L3,Tweet
697bc252-c33c-4405-9458-f73aa3413d04,L3,Tweet
697d7371-eb10-40da-9c54-bba5d7d8e2d7,L3,Tweet
69801b2b-2001-430b-b47d-09a1fb66330d,L3,Tweet
69892be1-29aa-4885-a03c-6f94c44516aa,L3,Tweet
698b1250-c071-44ce-a49d-54729fd9fc92,L3,Tweet
699591df-42e4-491d-97b6-412afab9703b,L3,Tweet
699710ca-49f4-4f39-b41f-6166d887ca49,L3,Tweet
69994235-d955-4385-b8e9-8a3bc22b8231,L3,Tweet
699be9a0-40db-465f-94f9-d20211426c6e,L3,Tweet
69a4cedb-4845-49f8-9508-b8e8a22b982e,L3,Tweet
69ac2d41-6a22-4019-b609-754092b57701,L3,Tweet
69b042ef-3ebb-422d-88c5-1eb914216330,L3,Tweet
69be5e6b-7e8f-4c6a-8bbc-a8091f1d97a3,L3,Tweet
69cc91bc-285b-4f34-9b76-f5fbc9e570f0,L3,Tweet
69cf0d5f-bbd3-41d4-948a-0f2d3122cf5f,L3,Tweet
69e1ae32-020d-4fe9-9da0-36ec7c925355,L3,Tweet
69e51cf1-173f-43ba-bf0a-6369bbe62c56,L3,Tweet
69ebe511-ad03-4b20-95ad-11fd341dc7e1,L3,Tweet
69f608d1-d515-43b1-9961-54bed26001f0,L3,Tweet
6a0df2a0-bae2-4958-8add-309ae0e5f81b,L3,Tweet
6a12f8f1-fb3c-4dca-927b-e9755bf376bc,L3,Tweet
6a13ad01-ed98-4f5c-be84-b4abda08a75a,L3,Tweet
6a153371-45b7-4aa4-bbfe-4d253037980d,L3,Tweet
6a29d2d9-6cf3-4be9-86ce-67df34c6fb66,L3,Tweet
6a306905-f3ca-4cdb-88a1-5801415abe93,L3,Tweet
6a34ebce-99be-45d8-a6dd-07e517f86f37,L3,Tweet
6a37e8c6-03ea-4586-829d-190e6546824a,L3,Tweet
6a3d15b4-122d-4975-b8df-379ee43c8dab,L3,Tweet
6a3dd48a-35f6-44cb-836d-46bf01441dc5,L3,Tweet
6a4117ab-7983-41e1-83d9-517e2c59ea48,L3,Tweet
6a4c4621-a4ce-4f44-a3ac-fac88ed1d235,L3,Tweet
6a659045-9f65-4cc5-99f5-c5bbe900defe,L3,Tweet
6a746a2c-6620-493b-8fad-7375192fe855,L3,Tweet
6a76832b-a988-4edc-9810-17f111e5e428,L3,Tweet
6a8c22f8-3e20-45af-bd26-cd7e880ab389,L3,Tweet
6a90a85e-2c95-488e-a4d7-0fc31ab17c78,L3,Tweet
6ab4397f-3073-4e4c-85dd-ed67aa0b064e,L3,Tweet
6ab6d354-a59e-44fc-9fd3-fb98b7d5a864,L3,Tweet
6acce7ad-60aa-4851-a779-a1fd08211b7e,L3,Tweet
6ae3829e-f333-450a-ba00-a48350011e5d,L3,Tweet
6b05b482-94fe-4c70-87e3-68a28d8d9be1,L3,Tweet
6b1adcb5-81e1-45c3-bc79-020e223db93b,L3,Tweet
6b2d0448-0e95-4a52-bf65-13db69cee44f,L3,Tweet
6b3484e2-d6c5-4902-8cc4-92e51cd5908f,L3,Tweet
6b3a9b77-162c-479a-a344-73a67c9e0c79,L3,Tweet
6b40d66f-e620-4c9c-8058-e6ec310b0f9b,L3,Tweet
6b44e9e2-c78c-4005-bbf3-0a21ca4c49d9,L3,Tweet
6b47fc78-2242-4d5f-9bc1-32e92d70e395,L3,Tweet
6b4b8d24-85fd-4867-99b1-d673be10173e,L3,Tweet
6b4fb812-4806-4d14-8c94-656e58b55880,L3,Tweet
6b53661e-ddb5-49ee-b3f8-8bac5454d698,L3,Tweet
6b590943-2c92-47e8-8fce-0ebe57ad3475,L3,Tweet
6b5d6e6e-b379-4ca1-8ad4-efc88b847493,L3,Tweet
6b66472f-c59c-427a-9e18-133791124163,L3,Tweet
6b68d572-2088-4ffe-aa20-819d546f6866,L3,Tweet
6b724ebf-2d1c-46bc-82ad-721c6e86b0d9,L3,Tweet
6b7b7765-f68c-4de7-8b56-3f5321148584,L3,Tweet
6b80c383-c109-4439-a2bf-0039257432c3,L3,Tweet
6b82cc6a-47db-4783-bf74-684a464f04e5,L3,Tweet
6b8abec0-4539-4832-873b-a0ee025002e3,L3,Tweet
6b8b7288-3a64-453f-b8de-5019a45ef7e7,L3,Tweet
6b97a343-d5d7-429a-853b-b044e3f4b2a5,L3,Tweet
6ba4a080-7e28-4563-9148-f04ec67f7e89,L3,Tweet
6ba82667-7640-46f0-b8e1-d8ea85b5ef5c,L3,Tweet
6baa4c4b-a421-4387-a39b-b2a3b2a78d6f,L3,Tweet
6baeb253-3021-4ec2-bad5-1430e3abb6d3,L3,Tweet
6bb4a881-f5f0-4954-90af-0dd4e5b4126f,L3,Tweet
6bb7412c-b10a-448c-be5f-1a7bd2a82a51,L3,Tweet
6bc93603-80d5-4b84-8bb5-e5677464171f,L3,Tweet
6bd4508d-4a1d-4499-90d7-6f6e31b14a8e,L3,Tweet
6bdb77c1-0029-4649-8277-0065cf95bb0b,L3,Tweet
6bdf3bb7-00e6-43ee-90b0-b74ab6503901,L3,Tweet
6be27b7e-56dd-4c0c-8ae1-56fbc352c7f5,L3,Tweet
6be598f1-7c42-4a35-a2fd-7a82f72e63d4,L3,Tweet
6be737b3-b221-48ed-a67f-635e83a79997,L3,Tweet
6befd043-dc9f-4f87-83f1-d8a2866cf228,L3,Tweet
6bf04542-28e0-42ec-ac6b-b3d7979cdbdf,L3,Tweet
6bf69bf7-7793-4c8f-9406-516c9169804e,L3,Tweet
6bf79d20-882f-476a-89f1-566a3bd53b0d,L3,Tweet
6bfbdc48-cedc-4b5a-a47d-b313ac277ed6,L3,Tweet
6bff7528-905d-4400-91b2-6a30026ec793,L3,Tweet
6c006432-d27a-4e61-b5ad-4a29edd265b5,L3,Tweet
6c132dbb-9633-4881-9fd3-df3a31178b20,L3,Tweet
6c19e2b0-d719-4d7b-be7f-4bc67c6c9250,L3,Tweet
6c2397f3-9b48-47fc-90ac-6f11da948335,L3,Tweet
6c23ab29-f4e8-4d6d-b5fb-428f8d5f7272,L3,Tweet
6c265caa-24d8-4ea5-a9d4-f431dd6385c9,L3,Tweet
6c3be3be-99ba-41ce-a731-4ce56987df27,L3,Tweet
6c43c427-129c-450f-b624-386768d8c169,L3,Tweet
6c486470-505c-4cc5-909b-5c5ba6413ea5,L3,Tweet
6c4c8d8b-9bc5-4c8d-9ff8-2cdd052fdadb,L3,Tweet
6c50a1d4-2eb1-4646-87af-fb28648674b7,L3,Tweet
6c518fdf-1244-4ebd-96d5-d9dbcc99287b,L3,Tweet
6c595338-1155-427c-8c5e-34c85a6a2611,L3,Tweet
6c5d3acc-c96b-4957-a21d-34b1b4fda230,L3,Tweet
6c62ea8c-f102-4347-881c-c40a3a4ea580,L3,Tweet
6c6daf29-323b-4993-9e74-6a36a05e09a7,L3,Tweet
6c7aa962-7ec2-49ea-94b2-fbfc1246a679,L3,Tweet
6c7b8065-f244-47f3-b149-a70caf4037ba,L3,Tweet
6c7eef2c-ba46-4243-a0fa-69a5a8f3c463,L3,Tweet
6c819d83-c4f5-43bc-846b-98b0e372a061,L3,Tweet
6c823108-968e-447c-8af1-6cf7c71881b9,L3,Tweet
6c9c18ef-c9a6-4d2b-a4c6-f987dd52d4f6,L3,Tweet
6cbb9a9e-885e-41d7-809e-28daee0c4dee,L3,Tweet
6cbde5b6-bd38-48b5-82fb-e7e283c5feac,L3,Tweet
6cd80751-c69e-4361-84e4-f06ab94b16a3,L3,Tweet
6cea8f02-4ad2-4f9a-91d3-383ddd1ee0ab,L3,Tweet
6ceaeb6d-ade0-46bf-a918-b300cef14109,L3,Tweet
6cebc73e-9dab-4514-931e-8552194bffe7,L3,Tweet
6cee5acf-11f5-4bc0-8809-82c813070766,L3,Tweet
6ceea0aa-0809-4148-94a0-28f6ae7fe446,L3,Tweet
6d0b4276-ab48-4cc6-b781-9c4cd97f09ee,L3,Tweet
6d28991a-3bcb-4766-8e22-04ed4c291b05,L3,Tweet
6d2caa8f-5b0f-4b7d-a67e-30bc96fa077b,L3,Tweet
6d2d773a-30d2-40a2-85b4-916c22967432,L3,Tweet
6d38666c-5a2b-452b-bb98-78f0eb102add,L3,Tweet
6d40ba8a-7ae1-4e57-ab2f-69e7b367b711,L3,Tweet
6d423cdf-bfae-44d4-bee3-bde08e19b344,L3,Tweet
6d450f8b-b6aa-43f4-a748-c93b69bd58f5,L3,Tweet
6d5a8941-6947-418b-b537-5299efe89299,L3,Tweet
6d6d281e-2924-421c-ab16-6bb9804daaa7,L3,Tweet
6d6d9ba7-7b2d-4563-9c5d-8f972dd39343,L3,Tweet
6d720896-6454-4037-ae9a-1b6f84c3bd4b,L3,Tweet
6d7e648d-f180-464d-a49e-48677b8f0a85,L3,Tweet
6d808258-f796-4cb0-91b7-b91a72be6f35,L3,Tweet
6d86c9ce-ba90-4ffa-b2f8-69b54e8429f8,L3,Tweet
6d8830bd-f92f-4b2c-af1f-a7412c0a6b9c,L3,Tweet
6d8e4ccb-3f41-4df5-bd42-74cb2f32c28a,L3,Tweet
6d9dd6b0-d774-4c46-bcef-0a7b13027e83,L3,Tweet
6da1299b-2a5c-4975-9088-f1ab548530af,L3,Tweet
6da1588a-498c-417d-9fce-bc86a5d65c70,L3,Tweet
6db38f49-8dd7-4feb-9414-8050b898dd92,L3,Tweet
6dbd21c4-b986-485d-8706-a5bbe7ee6d95,L3,Tweet
6dc03596-9a53-46c9-acf5-ebaf4bf68347,L3,Tweet
6dc25319-7ec1-4170-8874-89fff49cc0cc,L3,Tweet
6dc7de8b-f5ab-4f5c-b592-3ffde152b987,L3,Tweet
6dce3880-2fbc-47ed-9519-3e30e9e8be47,L3,Tweet
6dd474c5-8441-4400-8554-1fcb4a400ecd,L3,Tweet
6dd878e5-2131-4caa-8e10-c1085367ba53,L3,Tweet
6ddd5d4f-8d96-42b5-994f-c40b8b55d75a,L3,Tweet
6df61d46-dd15-4e16-92ae-c55dbf4bde60,L3,Tweet
6dfd606e-301d-4b42-975b-f8d028ea7baa,L3,Tweet
6e06f4bf-9843-4672-94f3-65fe77a7eba3,L3,Tweet
6e0cf903-626c-4fbc-8dc0-3b02fcce6578,L3,Tweet
6e126286-d9a7-47a9-bb39-5c7a7c757387,L3,Tweet
6e1a3abc-ab04-498d-9ecd-3445791a549c,L3,Tweet
6e1ad633-4425-4ed3-8eba-febd34d42dae,L3,Tweet
6e1b3d0d-bd6b-4af3-90d7-4a00ab15e4f2,L3,Tweet
6e22beed-6204-428b-9bfe-eb2f735091f8,L3,Tweet
6e2dcaf7-e247-425d-9bc2-fd582ec96a49,L3,Tweet
6e3032f9-a834-4cca-b88c-a2c5a6040c3a,L3,Tweet
6e358378-c442-44a1-91cb-45f4e9239732,L3,Tweet
6e36c276-deb2-435c-b168-2177fe33a2fa,L3,Tweet
6e3f2e8c-5e34-45a7-a4d3-a507af93bddd,L3,Tweet
6e54178d-abf9-4cf8-bd29-5448ba806329,L3,Tweet
6e572806-a772-42f4-b230-de269711c281,L3,Tweet
6e577126-59e0-448f-b521-b8d6035a57c2,L3,Tweet
6e643ffe-eb41-4b14-9283-56ce85fffb2a,L3,Tweet
6e89282b-eaf1-4b79-a541-a29537ec186f,L3,Tweet
6e98dcce-3baa-4815-99d3-8370db6e9a52,L3,Tweet
6e9b6077-21b7-4874-9e4c-c5ec310eaae0,L3,Tweet
6e9d0e95-256d-4647-85a4-b47e018f1fd7,L3,Tweet
6ea16772-2b05-499e-af5f-82527da15f0d,L3,Tweet
6ea4d87c-88b4-433f-ba57-4cc57552cfaa,L3,Tweet
6ea53182-d17d-4af2-ad5f-9e589c0b85ed,L3,Tweet
6eb05601-dbcc-4b05-ab33-a3d1599f74cc,L3,Tweet
6eb78e0b-b797-4067-8521-bcc65a2e2635,L3,Tweet
6ebb1d46-a6b5-40bc-a76e-1d84f43d2005,L3,Tweet
6ec4d784-8699-4da0-a6b3-03b28d6a6ee2,L3,Tweet
6eca128f-0d6c-4408-b4b5-b05a5a2e3c13,L3,Tweet
6eda4a51-2b64-4b8f-b285-cfbdbc716ab9,L3,Tweet
6eddb6db-00b9-4b3a-b021-26aa530b59c1,L3,Tweet
6ee3628b-5c41-45e9-89f8-1b4c02ad9537,L3,Tweet
6ee60718-10ca-45fd-ab8c-14f8fdc18344,L3,Tweet
6ee648b4-f8dc-449e-a397-e59b5be8a709,L3,Tweet
6ef0e75a-6ab8-4562-84af-ab22dc8ec882,L3,Tweet
6ef3ba39-acc0-4bcc-b248-49c9b7246ce0,L3,Tweet
6f249488-c6cf-4a2e-9a4f-89783a36d4b7,L3,Tweet
6f25b838-0db9-49d0-b5bd-fad83591f0f9,L3,Tweet
6f3c41a1-814e-49a6-ae8d-cd3548165cfd,L3,Tweet
6f3df1c6-2f5f-4711-98e5-efffc7048665,L3,Tweet
6f4b622d-92f0-4e3b-9e06-94644fef7173,L3,Tweet
6f51839d-7094-40be-a7df-e1ac9615a5b8,L3,Tweet
6f5bd605-9613-433f-ace2-1534ab72c719,L3,Tweet
6f636e63-2512-4349-8a40-cff98acdcc2b,L3,Tweet
6f7adeb7-70b2-4484-aff2-270d6f9e9767,L3,Tweet
6f7b926b-a9ca-4090-bc4b-87eb4260725d,L3,Tweet
6f7eb8bb-5855-483f-9792-61caac7a0d8e,L3,Tweet
6f8cdd25-a079-4869-a674-7b8e7601e3cf,L3,Tweet
6f8d0fd9-f3a7-4311-a22f-58b62929c354,L3,Tweet
6f91c32e-9615-4fd6-a8a3-010537ec3590,L3,Tweet
6f998902-fe72-4217-b140-3e8e67c650a9,L3,Tweet
6f9a29aa-9d15-471e-adb9-569472589d9a,L3,Tweet
6fa0e488-7b49-4d1d-a86f-c890569303ae,L3,Tweet
6fa3b2aa-43fe-44d1-ba7f-4960e6e1a8a2,L3,Tweet
6fb52721-4f7b-4dc7-a819-28f65a533db7,L3,Tweet
6fb7556a-16e8-4766-a04a-a9ecd50340cc,L3,Tweet
6fbbe934-d026-4b9e-99ab-9e3d9b46142c,L3,Tweet
6fc320ab-973f-4366-8802-bf8388b4b0c4,L3,Tweet
6fcd3996-d689-451a-86ba-2203fc919e1b,L3,Tweet
6fe6c994-0d8e-4091-8adb-7a188d5f9d85,L3,Tweet
6ff9c2ff-c4ad-4092-b2e4-feddeba5a18d,L3,Tweet
7002b071-862c-4fd4-a4e9-dd1385c528c3,L3,Tweet
7017d81a-d26b-446c-88f1-49fc6c99976e,L3,Tweet
701d6238-9668-4efb-a62b-59f4a7dab384,L3,Tweet
7020ce48-5bd0-4273-a98b-c5a557022144,L3,Tweet
702fb4db-b75b-4b01-94a3-fb4683ac94cc,L3,Tweet
70362a82-924c-4424-8362-10c171d65ab3,L3,Tweet
70450629-6bbe-421c-9426-e4afc1a724e8,L3,Tweet
70455751-c246-4f33-8610-71fee39d5942,L3,Tweet
7049b4ec-ce45-4cea-ba48-91424899535a,L3,Tweet
7051eb7f-196c-4628-97d5-bf3bc1d20cdf,L3,Tweet
705519d1-47bc-416d-9c0d-82c10c14decf,L3,Tweet
70719763-50ab-4ff5-9f48-a7c7bea96006,L3,Tweet
707cea1f-f2b5-48dc-a8d0-b637ca2fe554,L3,Tweet
7085acdd-c8e4-4523-8f8d-716cf6227d77,L3,Tweet
70893c01-de0d-4f18-bf43-fab4470f4385,L3,Tweet
708a1d42-fe75-49d0-b585-01b5fe15117c,L3,Tweet
7091a360-2616-432c-bd18-425003a82281,L3,Tweet
70940c83-5776-43ea-a267-39bc8ba43c2a,L3,Tweet
709a2032-4ee4-4819-94d5-f0b10a5d6956,L3,Tweet
70a095c4-5968-45a4-b304-6a548f65257d,L3,Tweet
70a3c443-8834-46c5-9af8-50aafbc1914e,L3,Tweet
70ab23d2-37ce-4adf-9d31-cc182953909a,L3,Tweet
70b15a04-7f42-4e99-b318-a534139b6eb2,L3,Tweet
70c8a7d5-ead3-4bf7-8cfe-fe17f28702cd,L3,Tweet
70cbd1fc-11d2-445c-a68d-09ecc16f554b,L3,Tweet
70d0ef54-355d-4c1f-8b69-f55c33e98fe6,L3,Tweet
70f457fd-c986-4a59-8e9f-9804ed060aa1,L3,Tweet
70f91031-0b17-4aaf-8f09-9d905162a10d,L3,Tweet
70fcf57d-6dfd-424e-bb7f-c5e692a8a75e,L3,Tweet
70fdc243-28c8-4390-a55e-00aace401832,L3,Tweet
70ff1e05-b31e-445f-8f90-c18f85400bed,L3,Tweet
71061603-92f8-433c-88ea-ef8b06164c5f,L3,Tweet
71111ab0-0353-47ca-bb75-49548e10e4b4,L3,Tweet
71111c3a-4eb0-49ef-a37f-ec608cd250bf,L3,Tweet
71181e0c-9cf3-4a32-a23b-bb7208d18cfd,L3,Tweet
71385c1d-1388-426f-aa01-340b691c8dc1,L3,Tweet
7143d404-0752-4d7e-ab15-57b2076ee325,L3,Tweet
71451559-e696-41de-a26b-5cc359246d67,L3,Tweet
71543182-ea97-4d50-acbf-9a9192df1042,L3,Tweet
7156a2ed-241d-456a-b28e-810f6cc0402e,L3,Tweet
71606bfa-fee7-46ef-9d9d-5d5a1c649654,L3,Tweet
7168b579-a394-4b80-81fe-7e8e76928aa6,L3,Tweet
716e6603-0505-48c4-83cf-e3ab59792f77,L3,Tweet
71768984-380e-4e95-8c46-69cb71bcf483,L3,Tweet
7178b439-58c7-44af-bcd2-7a0d9245a1f6,L3,Tweet
7179ac9c-23be-4f08-a1c6-7d8ecffd00f8,L3,Tweet
71807b98-f69a-4eed-9a38-3ab526a4493b,L3,Tweet
718b11fc-31a6-47e1-84e5-a52048a7b41b,L3,Tweet
718cb6bf-18d7-4380-9848-38c308cd43ff,L3,Tweet
718ef709-9bc4-4e12-93d2-620e56ee8108,L3,Tweet
7195566d-fa77-41bc-af8b-743b20955d06,L3,Tweet
71984b0e-b6e5-4060-9252-f94a002cb3cf,L3,Tweet
71a04b4c-9176-475e-a453-5e8ff8281e0f,L3,Tweet
71aba61f-075e-48e3-9be4-6a9dedb26c1d,L3,Tweet
71ad1ed0-b6a1-455b-81aa-9326926c1140,L3,Tweet
71b84466-0396-43ba-9c3b-f9d1dd664bd8,L3,Tweet
71bf9ab3-96b0-4e56-9f6c-8c9f09d5e4d0,L3,Tweet
71c33260-6e21-49d3-b562-79ff56647a5a,L3,Tweet
71c8ddf4-f6da-48ac-92ef-00d656353184,L3,Tweet
71d1331b-027d-453b-9618-2896d470aa73,L3,Tweet
71d5cd86-3ac2-4452-b63d-b21d301b3861,L3,Tweet
71d898b2-ca05-4581-9aec-8a0ed3109d0a,L3,Tweet
71df1f9c-f31b-4bc8-b485-1f08c07e61f8,L3,Tweet
71e5f0d2-12e7-438a-aa3d-32c619e3b791,L3,Tweet
71f97330-43af-49ff-988f-2968aaba6366,L3,Tweet
72068d0b-aae5-489a-bcf5-94b461102644,L3,Tweet
72087b3e-28bb-42a0-bf9b-50b3dd0a8cd1,L3,Tweet
720a5c4f-916f-4dc1-bef5-bdfcf17ac1ca,L3,Tweet
720cd6b1-2f94-4728-9092-2bd96a51eb96,L3,Tweet
7216f84a-f305-4961-b504-6a5703b1da70,L3,Tweet
72225b2f-2dd8-4ab3-a0d5-8aec12bcf6b7,L3,Tweet
722e1abd-a6cc-4dca-a043-2e0f8d7952da,L3,Tweet
72368a48-a528-41a8-92de-d12748c4db3b,L3,Tweet
7241ded1-cc1d-4a0c-8c89-223ef2d1d3c5,L3,Tweet
724700ac-c113-49be-a093-80be7f0d1d93,L3,Tweet
72477b50-b7d4-4338-a449-bcc934965423,L3,Tweet
72550621-a98a-41d1-a4c8-e281436bd0c6,L3,Tweet
7266548d-94a2-457f-baf3-01badfcdb91b,L3,Tweet
726c14fc-7236-4849-a51b-7895e5c78343,L3,Tweet
727efe18-57d9-489b-a3c3-7799a40a2c15,L3,Tweet
728a3070-e8ac-446f-a1b4-e994a925850f,L3,Tweet
72925ad6-ca9b-489a-9175-3221a9706d7d,L3,Tweet
72926d3e-26f3-42a6-ad16-a39c3632c993,L3,Tweet
72926d4b-bdb8-4308-9875-65890b6bdeaa,L3,Tweet
729d8157-059e-4d43-a240-cacb2480c010,L3,Tweet
72af276b-5ea4-4050-bf21-b7d65ebf4244,L3,Tweet
72b27c12-0b8f-44d4-a366-e0e622cdaac4,L3,Tweet
72b62ee8-23b3-4034-9cae-df16aa43eac9,L3,Tweet
72bc55e8-b9e4-4c71-b1fe-c3807d8e0423,L3,Tweet
72befef7-1474-400b-972f-2219b986c76d,L3,Tweet
72c4b705-5ffb-4d6c-aea3-0acf09134ea7,L3,Tweet
72d482bd-0a97-4f17-8c80-53788ecd39e8,L3,Tweet
72db0015-40ea-4c4d-ae31-0175f9aadc54,L3,Tweet
72e3d73b-0ff2-490b-b8fe-f3a2ba9d647e,L3,Tweet
72f386b8-23b3-41cd-bcfd-918a984dd89a,L3,Tweet
72f53004-13fe-45ee-a375-0942b943467d,L3,Tweet
72fa6e70-8653-4a11-8dd1-db3ca3175284,L3,Tweet
7304525a-c543-42de-9281-6d1b6fd3d4c0,L3,Tweet
7304fb66-e1c4-4da7-bcd3-55b64bfc004f,L3,Tweet
73052ee1-7dc9-4bb3-9857-2e59774e5fc9,L3,Tweet
730c15e2-49a7-409f-8aa0-88afb03a2375,L3,Tweet
731f0388-9ed6-4d60-b05b-75ff41d3d214,L3,Tweet
73217838-f634-4b5e-a6d4-a7e54d6710ad,L3,Tweet
7321d4ce-d978-491c-8189-e4ec552ca0fe,L3,Tweet
732ae554-2cbc-47dc-99dc-8fa34fbfa83b,L3,Tweet
734d3c0b-b5e1-4730-b9c3-4bb2571a15bb,L3,Tweet
734dec36-a280-44ff-a22c-733131464e81,L3,Tweet
7357f01e-53f2-4222-9fb5-da802bfed53b,L3,Tweet
735c6452-da3e-46d2-8d93-5b4c40021031,L3,Tweet
735c7b1f-5dc0-49c4-869d-c944637a81d6,L3,Tweet
7362a50e-f9c1-4ead-9a72-7593ec31e430,L3,Tweet
736a6a13-4031-4f6a-99c0-9e95e988cfcf,L3,Tweet
73789549-152c-4477-b6fc-50b7a065ba3b,L3,Tweet
738095de-6ad0-46c8-b738-c964220224b4,L3,Tweet
73865715-8c88-4006-9ce6-7e3a0f42e208,L3,Tweet
7387db63-a73b-4487-9f62-cda20c8b1f99,L3,Tweet
738c3d58-c978-4873-a834-8331b6e3746a,L3,Tweet
738e6b8b-2dbe-4186-b1ac-760501fd6c25,L3,Tweet
7391fa24-24ce-40f5-bb74-c8c6ff8555b6,L3,Tweet
73aae16a-3467-48de-80fe-081e7edff68e,L3,Tweet
73b2811e-804c-4466-a73d-690260209b77,L3,Tweet
73c3460c-193c-475c-9413-985d05f8236c,L3,Tweet
73c8c2c4-617e-48e7-8058-a2ef46d0f102,L3,Tweet
73caf086-f4d2-4f39-901f-58198e73815e,L3,Tweet
73cd4061-7a8f-4b11-9806-3cb307c04d33,L3,Tweet
73d70b06-ae5e-432b-8019-90378b5d43f3,L3,Tweet
73db36e0-930e-4fe2-92f2-775dd80bb835,L3,Tweet
73dd8175-c95d-4184-83c7-e21a0d841eaa,L3,Tweet
73dda954-33b2-43da-bb08-61826c4b9a67,L3,Tweet
73e10e6c-d223-4ec0-9da8-966b0151ff50,L3,Tweet
73e14231-5e79-4c8b-b8f0-85dbf2840cf6,L3,Tweet
73e3cb91-5654-42f5-8c26-29d2e2ae5569,L3,Tweet
73e85b5b-0902-4894-acf6-dc23f055336b,L3,Tweet
73fd890d-c005-4d31-9886-8d3b0fdfc3b4,L3,Tweet
7403c9e3-d93b-4444-998f-c9f0ca384f68,L3,Tweet
74083947-bfb6-4b6a-a34a-2c9f2cc81f36,L3,Tweet
7411e6ec-3d2d-401e-9319-1245cd51f469,L3,Tweet
7419ea2f-a338-466b-baf5-0edf1e04c64b,L3,Tweet
743219bd-5d4d-4ced-ad62-a3df73c17608,L3,Tweet
74324bff-7e95-4ffd-8707-55ee4d13dc65,L3,Tweet
743d76f9-1820-4b96-a5c7-defe3f52519d,L3,Tweet
744af881-b58b-4818-ab9e-9562065c3e43,L3,Tweet
744fc4d0-1cf9-4eaa-9967-2d07b3ab58b1,L3,Tweet
745863f6-8a93-495c-a73f-94a9f08670b4,L3,Tweet
746762d1-bb72-4c00-a961-db4e505ae107,L3,Tweet
7467f2c8-20c0-45a2-af89-26474d50ba8c,L3,Tweet
746834b8-4f8d-421a-bba0-e402dde2930b,L3,Tweet
746db01f-f4ee-47e0-85e5-4d8b05b3ed7a,L3,Tweet
747f0add-70ab-49c9-92d8-3a07d263d1f8,L3,Tweet
747f5505-7e64-4913-ba5e-4115ad607fad,L3,Tweet
74855536-d31c-4483-aee1-140e84a5a82b,L3,Tweet
7487cb17-5c2a-4ca6-a57a-0addd80a3ffe,L3,Tweet
74891ffa-12da-40a3-a656-3db0f14468bb,L3,Tweet
748eb02a-c92a-494e-b9ff-974db3f8e21d,L3,Tweet
7495357c-10cc-4dca-9d03-d2c93af150c4,L3,Tweet
74a4de0e-32f1-4753-bed0-657e2f3a1d9e,L3,Tweet
74adae75-02fc-4765-9877-a48b8635693e,L3,Tweet
74bd3371-747c-4dbd-b738-0fe3935cdf69,L3,Tweet
74f0a122-252b-4b62-b2f0-f314e0e6d5ce,L3,Tweet
75019ac5-2fa3-4049-923f-acd4a12cf654,L3,Tweet
7501c048-25ef-482c-87d7-65876430a58b,L3,Tweet
750cd30e-1f75-408d-a556-7b103f72eb4b,L3,Tweet
7513a7f2-d988-4749-84f0-08caf7b3f3a6,L3,Tweet
7513ea8f-fb9f-4144-8578-592872952852,L3,Tweet
7515c7d4-8a74-45a6-886f-e9943ffcbeb3,L3,Tweet
7515f5e7-1fc7-43f4-9710-c22ffccbae79,L3,Tweet
7526a325-0eea-4827-9d53-b104aa0ae812,L3,Tweet
752a8129-c758-404d-873e-60883e06b399,L3,Tweet
752e6b72-a81e-4c1b-a9b8-7cbd07ba538b,L3,Tweet
7530fd63-c4a3-42e5-b8ae-c08f65a9a3bd,L3,Tweet
75435d53-cdc9-4962-974d-747f6d5cf1a7,L3,Tweet
754e549a-03a7-452a-b9b7-a07bf2e6d386,L3,Tweet
75593f45-aa7c-4d38-aefd-da3e2d42cd29,L3,Tweet
756217e3-e2a7-437f-9f64-9679f89adc50,L3,Tweet
7563bf14-2564-432a-a462-2ca887a1937b,L3,Tweet
7567ec78-9953-4273-ae5d-c486a66cc6e4,L3,Tweet
756991ff-a3c3-43be-9fcc-69be1bd487bb,L3,Tweet
756e0386-67fa-4cb5-b302-a3df7d05d03d,L3,Tweet
756e1f9d-7ca8-4ebd-890d-1a0ae39d4d9c,L3,Tweet
75708a6c-818d-4b18-8dbc-ef4c25c9f39f,L3,Tweet
75730ba4-b4bd-42ce-adff-90c837f65146,L3,Tweet
7574def3-2136-45c8-b0a9-139aed6c8335,L3,Tweet
757805de-2ba3-4f6e-bd61-c43b1ad86533,L3,Tweet
7578d277-d7e7-48f9-a919-c35d21f97584,L3,Tweet
757914a1-77fa-468c-8e53-46fc488ba752,L3,Tweet
7579e64c-098e-43e3-9c74-ca700b25d452,L3,Tweet
757f6abd-af8c-485a-8ca6-eb45b7e86ece,L3,Tweet
757ff9d3-8e11-4783-965c-e867770d38cb,L3,Tweet
7597e0b6-b1d1-4de6-8231-4e78db95c6b4,L3,Tweet
759ed28f-4ba4-48e3-b9ab-02b70dd2f133,L3,Tweet
75b0bf2c-c356-430b-a9f9-50d1f3d0c034,L3,Tweet
75cd6c5e-3c35-4ad8-a79a-027eb28375b3,L3,Tweet
75cefa42-32e8-417f-b5aa-721407cd2ecf,L3,Tweet
75d80641-a5b3-4226-9153-c96c2d8532ba,L3,Tweet
75d91d87-d4f7-4f81-b33d-cc0f72e5a4cf,L3,Tweet
75e242a4-528e-495d-bc4b-9cc3a333865a,L3,Tweet
760add9d-f173-45bd-ac50-2045fecc3661,L3,Tweet
760c6306-1e5c-4d7d-a41c-c71a7d6c6d65,L3,Tweet
7624366a-b22b-48de-b53c-fc7593580816,L3,Tweet
762d98d1-d933-4611-bb0f-ba1cf6371e9a,L3,Tweet
7630d428-7721-44e2-90ea-7cedc7b68fff,L3,Tweet
76331d31-d76b-4afa-841a-a494519f9f11,L3,Tweet
7635fec7-be61-49c1-bf8f-f314dff603dd,L3,Tweet
764218d3-4427-420e-899b-5d127f1c1a6f,L3,Tweet
764356a4-5b5d-4466-a639-65be03532d89,L3,Tweet
764cfaea-2040-415c-897a-5dc04234c96c,L3,Tweet
766118a9-67e7-4a1c-b657-d4d626809b8e,L3,Tweet
766f3572-7aa1-40f2-9b44-1d2f41bc9999,L3,Tweet
767a67a3-6d2c-4fa7-9e36-9186c00b3e9b,L3,Tweet
7690e2e5-424b-4d87-8c30-e61da590768b,L3,Tweet
769fb676-cc2f-486a-a62e-6bcb2e8e165d,L3,Tweet
76a536b3-0b97-4baa-ab30-9ef665f7f1c4,L3,Tweet
76a718a9-12bd-4c3c-a64b-30de50108852,L3,Tweet
76a86ac4-ba30-4f67-90e3-9cb80d383a39,L3,Tweet
76a8ce06-9e1a-4a42-94b7-10cc19d6fe66,L3,Tweet
76aad59d-3517-48e3-82e5-a893e02c2e3c,L3,Tweet
76ad1287-108b-4d06-a817-38f0ed643950,L3,Tweet
76b80bd6-a74b-4834-8411-e07c284b3806,L3,Tweet
76babd5e-b0b1-4b41-9581-65b347668240,L3,Tweet
76bf5db9-3d64-451e-a809-250ab5ca4eb6,L3,Tweet
76d77776-248e-425c-b638-614ca0d635b7,L3,Tweet
76d9bdc3-4a0d-4587-8432-e7fc906e233d,L3,Tweet
76dc542c-15c9-42ee-9f2e-5667f5cf9139,L3,Tweet
76f83e03-4a38-4a2e-b9e8-2e5f68344c52,L3,Tweet
770b970d-d073-4188-9dbf-c6d256a04dd3,L3,Tweet
770ca181-2c94-4902-b261-a8c01d2eb266,L3,Tweet
77171797-38b0-440f-9f78-55f9804ea951,L3,Tweet
7717bb71-bd82-41b2-8831-b3a5fd9b4a65,L3,Tweet
77183580-53b2-4960-9683-7875548b8d5f,L3,Tweet
7731ba22-104e-43b7-a6b7-40139b2940e0,L3,Tweet
773400cd-2716-4547-9715-10940d8882c0,L3,Tweet
7735b14f-a114-4ef9-b2aa-6990206569e6,L3,Tweet
774101d0-c43d-4cc6-90e3-8a7f361ef64d,L3,Tweet
77436d81-f281-43f7-a8e8-0d3e89350c13,L3,Tweet
7744e6be-c42a-4cf2-baa2-ec04c15df5f6,L3,Tweet
7756f1ab-08f2-4157-874f-13effa9ebd69,L3,Tweet
775b973d-4983-4dc8-a362-dfb19783872e,L3,Tweet
7769982b-2cc7-4165-953d-cb7bf25ea52c,L3,Tweet
77874765-6dc5-4e09-a7c1-483fcecebc90,L3,Tweet
7797fc35-0013-4f8b-a4a8-67f3e8ddcaea,L3,Tweet
77a8ab9a-593e-4191-900a-37fbac411ffe,L3,Tweet
77ad1288-2848-41d8-92f8-13503b584d40,L3,Tweet
77b00197-e0c4-4f41-a82a-c6bfebb6db25,L3,Tweet
77d12f80-8877-4b3c-9fbf-e83f7be1e9ca,L3,Tweet
77d371c4-c3cd-4d00-b55d-e94221387c25,L3,Tweet
77d58db6-f151-4166-803f-c9021a5be711,L3,Tweet
77df9590-ef68-4000-9c44-f46d7c4e60f1,L3,Tweet
77e1bbc3-5d1b-475a-9b93-c0f173f166db,L3,Tweet
77f05865-bd93-4b13-9d33-3c574f59fb9c,L3,Tweet
77f5b96a-7284-4218-8bd9-81c62628d3cb,L3,Tweet
77fbdf9c-6816-493c-b51e-cab358660364,L3,Tweet
77fcc74c-bf51-4049-bb0b-e3bec949a5aa,L3,Tweet
7819beee-b015-4110-9595-d97775efdb95,L3,Tweet
783afb5a-3fd6-46f7-a66d-71e6b762c557,L3,Tweet
784a4250-dbc8-4caf-bd52-ee60807e522c,L3,Tweet
7852deef-780f-4934-8843-a9872c9cf1b8,L3,Tweet
7853b784-a5ab-4b50-80d5-00452d64fe76,L3,Tweet
7865c569-32b5-4438-a055-f179a1f232f9,L3,Tweet
7872e32c-871d-4b21-8dc2-fc3cf645e6dc,L3,Tweet
78744d42-4969-4b9d-9d75-bbe4488d9fa4,L3,Tweet
7893341e-f6e7-441a-9f31-ea632fe7b2fb,L3,Tweet
789ece05-6c17-4865-85ee-29f9002bb97c,L3,Tweet
78a5dad2-cb41-4ebb-bb7b-9422acddf2fc,L3,Tweet
78b5dc6d-b7fe-4f4a-8148-036f7c87c61c,L3,Tweet
78b69f63-8ce9-4808-90f7-712baea5a665,L3,Tweet
78ba0706-5e63-4aa3-b661-3f082961d78d,L3,Tweet
78c7ec1a-6d45-45d5-b62b-1a88eb78a216,L3,Tweet
78c85366-9971-4bc9-bbcc-d8988bb07168,L3,Tweet
78c89737-a75f-4d28-8fc8-5f0f2299d2c7,L3,Tweet
78e4bd23-f7b8-4b77-a7c8-5f57a0300f3f,L3,Tweet
78e4ecf3-2e15-4fa9-ab86-8d8e20d06f5f,L3,Tweet
78f10589-86ed-4b7e-ab13-9417daf3f81c,L3,Tweet
78fa753a-f884-4034-a719-a5861dfbd580,L3,Tweet
790c15c2-dc1a-4bb1-9443-cb4f1cae955c,L3,Tweet
7944856c-3a90-4933-8acd-732e03799b0e,L3,Tweet
794a72f4-65a6-4545-9756-1770d9053af8,L3,Tweet
79514af8-7737-4411-b8a9-63226d702a4c,L3,Tweet
7960cb23-6124-4824-b2d5-3603d250eab2,L3,Tweet
796105f5-6b56-4b2f-ae2b-7ae8fc0d8527,L3,Tweet
7966b8dd-8051-4673-8e62-051df1e3499a,L3,Tweet
796d1546-3dac-49fd-a27b-8701919fd728,L3,Tweet
79932a75-ce26-48e2-851e-2b9ae938a6fd,L3,Tweet
799698c4-39af-4f57-8532-f5a4eed8deae,L3,Tweet
79a6016a-7726-468f-8c55-9983f1967806,L3,Tweet
79ad386e-3599-4a0b-980a-95392bfa9df6,L3,Tweet
79ad8b9b-65e0-47d5-8814-5be903087658,L3,Tweet
79b3baf5-03f0-4c1c-923e-3b1a1c593f92,L3,Tweet
79c77ee8-c8b2-45e0-b4cd-12b1f12733b8,L3,Tweet
79cc95d4-21b9-49a3-a387-2c5b2bb21b95,L3,Tweet
79d46ec8-48c0-4234-bbd4-b353268c25dd,L3,Tweet
79d88c8c-cb31-4e90-8d57-0b1a766155e1,L3,Tweet
79d983cb-c358-4837-aa5a-dce3a2725edb,L3,Tweet
79da58b5-afa1-4997-bdb6-00146dca5f58,L3,Tweet
79da6d21-3071-41cb-aad9-06a4d4b4b9f7,L3,Tweet
79dc6e08-7515-4d25-a00c-6bcce0ce803f,L3,Tweet
79e3a160-b162-4251-8f8c-105e68263ebd,L3,Tweet
79ec86a0-460e-4da7-88e5-e775f91754d0,L3,Tweet
79f52b47-e039-4794-8c24-814d4ecdc04d,L3,Tweet
79fe0574-89b4-4355-bd6d-425f212b162c,L3,Tweet
7a048978-c24c-4202-9e4a-c58773f567dc,L3,Tweet
7a1a6294-7aaa-41b3-a54d-56266df31e55,L3,Tweet
7a1bbd20-cc67-4941-871e-56609bccfe81,L3,Tweet
7a4b2f10-2faf-4ede-b54b-9d3e1c0d7aea,L3,Tweet
7a4faed8-0105-4022-8136-ca7d5aed40ad,L3,Tweet
7a521c1e-946d-45f1-a763-476f977c4c3f,L3,Tweet
7a57559e-2cf8-4ba7-bd0c-6ed95e497470,L3,Tweet
7a63a520-ae73-4f06-a235-3bd3b2a1c090,L3,Tweet
7a692a67-b45c-4b36-874f-fdcbd0d579cf,L3,Tweet
7a88539f-6dab-452a-8f76-8e4f48264365,L3,Tweet
7a8e3dff-cdcb-4f41-a77d-9f84e803057b,L3,Tweet
7aa7cf27-9755-455a-9d86-098dabd8d0de,L3,Tweet
7aabf0f6-5b0f-45b7-b6ee-9a297051af85,L3,Tweet
7aaed4cd-3830-44cd-ad93-df6b4b78a288,L3,Tweet
7ac007e7-a7bb-4ce7-b676-f56e1ed38e57,L3,Tweet
7ac0c117-fb87-48f9-8ae5-7a3db595dd6d,L3,Tweet
7ac1572e-889f-4cc4-b027-5079e4f5759d,L3,Tweet
7ac1d5b5-7d39-4851-9299-0ab522cb1458,L3,Tweet
7ad8086e-4ea6-4313-8def-80d40df66697,L3,Tweet
7ae15842-32d3-4c68-82bc-d7bfcc35bc41,L3,Tweet
7aebd33e-5167-466a-abb4-cf4248d9ed3f,L3,Tweet
7aeffcbd-b88e-484e-954c-03fbd2fd1750,L3,Tweet
7af085ce-563e-4ce6-ba3a-a63a05b6713c,L3,Tweet
7af3de2d-97e2-4577-8aae-5d482be1bafb,L3,Tweet
7afa1163-1b1b-49f3-a817-1386fe179806,L3,Tweet
7b135f60-6ff1-4cab-94ce-af7bfba16a18,L3,Tweet
7b14596d-62e5-43fa-8fd3-16db451b155a,L3,Tweet
7b15d5d2-b461-47a9-b111-8fc6e7dbb35e,L3,Tweet
7b19665d-d87a-40a2-871d-39c6f4665757,L3,Tweet
7b2f1c5f-019d-439f-9fe0-ebf98c65bc28,L3,Tweet
7b5f01e5-a445-4c13-934d-e98c02e0ce42,L3,Tweet
7b6ef09c-7039-4fe0-8812-886cb5105aff,L3,Tweet
7b9410b8-fd43-4d0b-8857-c367885bd313,L3,Tweet
7bb3d407-034d-410f-b301-1c491213d708,L3,Tweet
7bd0c6cc-b090-41f5-97fd-e06d58bee9c5,L3,Tweet
7be6366a-8292-4118-a94a-e2652946c2bf,L3,Tweet
7bee57ab-49a2-4196-8929-efadd6845512,L3,Tweet
7bf5b9f3-1e4a-43c5-8c74-8e5f62bbb576,L3,Tweet
7bfc698f-7ee4-46de-83fb-35ba60ebecfe,L3,Tweet
7c08723b-06bf-4d96-80f5-e429f3ee7c22,L3,Tweet
7c0d2253-630f-4ad7-8663-2c13b6d5f53b,L3,Tweet
7c129c0d-a16e-4454-bcaa-ee4cd9482153,L3,Tweet
7c1e20a4-b835-455c-b026-c7e7f4894c78,L3,Tweet
7c22ac2c-a634-4530-81b8-0a45883585e3,L3,Tweet
7c22c186-56c8-4091-8dbb-f407c17140ee,L3,Tweet
7c24a7ef-c170-4e9b-8ce3-ce0ad5b5fa3d,L3,Tweet
7c29d13b-16b3-4e96-ab29-882fff2d67f6,L3,Tweet
7c2c8365-ae38-4507-95bc-5a9d19bb30c5,L3,Tweet
7c3110a3-b704-48d7-9e12-15f20799a0d0,L3,Tweet
7c396924-182d-406c-b2ef-820216383925,L3,Tweet
7c39d6a7-8b1f-456e-bff8-235c8d954668,L3,Tweet
7c3c8dfe-cdc0-483f-977a-4a4666fc7516,L3,Tweet
7c3ec67f-e493-4704-8ad8-e6f08a996701,L3,Tweet
7c4d586d-b62c-46f8-ac23-80cb36cf06ce,L3,Tweet
7c55a4c4-d848-40ef-89e8-726d2e6be288,L3,Tweet
7c5ae140-5447-482a-a075-4bcb4a562515,L3,Tweet
7c5b1280-fad8-437e-9097-e1d417969fd5,L3,Tweet
7c6002e5-4bdf-4c73-8f04-40a587838d15,L3,Tweet
7c62ebb9-ddd8-49d0-9068-1a9977ef68b3,L3,Tweet
7c661623-dbdf-4a42-8c40-accff6c1ef88,L3,Tweet
7c77d24b-7270-4313-b1c4-750998fc1f06,L3,Tweet
7c82a846-65c3-41ce-abd7-890785f229a2,L3,Tweet
7c8ab2d6-871b-4da3-b089-af4b7254e91c,L3,Tweet
7cb22d8c-87a7-418f-937b-04a91c3d39da,L3,Tweet
7cba5993-d9af-4455-9410-7ee805d80126,L3,Tweet
7cbdfad1-261a-4811-8fc1-c9988c38a19f,L3,Tweet
7cbf6aeb-dd4c-4e44-b8aa-06f9ec7bc01a,L3,Tweet
7cbff0e1-f8ae-461c-8e6e-5b5e25d99484,L3,Tweet
7cc18a50-1143-4b87-a991-58cf9a168e2d,L3,Tweet
7cc2c884-75da-4fa0-a485-f38d6d7020e0,L3,Tweet
7cd1ce61-c6c7-48a8-8b71-1a17f599a0f9,L3,Tweet
7cd2046c-6739-4b03-9fab-17fefe5388a6,L3,Tweet
7cd2c27f-248d-4a56-bd41-f1fdd2f6eb5a,L3,Tweet
7cd42d61-ebdf-466b-b6cc-83f29995f7f4,L3,Tweet
7cdc10d8-cb73-4301-ad81-329a2189dc1e,L3,Tweet
7cdec04f-8915-4f23-bbf0-fdf6886db8e9,L3,Tweet
7cdfc985-bdbb-40e9-a2cb-640ac844bf38,L3,Tweet
7cf0baa0-0279-480e-8330-c8cc3b6d18fa,L3,Tweet
7cf4687d-0339-478f-a670-92d2ea3ef13e,L3,Tweet
7d08716c-1d3f-47e9-b783-ecf9a59fff0d,L3,Tweet
7d0d2548-eb7d-43dd-af28-eb628b070eb7,L3,Tweet
7d1c5b54-ef58-4b65-ba95-bce8d5437ce3,L3,Tweet
7d1cbd31-d78f-40f9-9b47-72410b3ab88e,L3,Tweet
7d245009-4a21-4c4e-a8a6-936ab9b23e8f,L3,Tweet
7d373b7e-00ef-48c6-a70c-a47dc6909e00,L3,Tweet
7d437f4d-e101-4f84-8954-955aad06d5c8,L3,Tweet
7d44f1f3-0562-4912-b6eb-52370a50f620,L3,Tweet
7d4808fd-8451-4db2-8c10-90c38bccdb99,L3,Tweet
7d5021ee-6f29-4630-b695-5378a2dd2bb1,L3,Tweet
7d5b93ec-b37b-4f42-9116-954998e1265c,L3,Tweet
7d711e2c-c11f-4f7d-a4b8-1631e56f7ff3,L3,Tweet
7d7f8e28-4737-4f6f-a4af-14d383037d6e,L3,Tweet
7d82b398-c035-41f1-b3dc-f12b82d7570b,L3,Tweet
7d8b8fbd-d0de-45cd-8f24-4d224321b594,L3,Tweet
7d91cee7-9007-4a5a-8138-84aba910d3a5,L3,Tweet
7d93ed98-5572-4e51-b383-77d9eae3c308,L3,Tweet
7da43358-fc12-4519-b4b3-c05fde6700a3,L3,Tweet
7daa325b-e2f4-49fa-9c46-b06f4bcd9410,L3,Tweet
7daa534f-1fd3-4198-96f7-3c3d9fa8c87b,L3,Tweet
7dc633eb-5332-40c1-adf3-0b39de4143bd,L3,Tweet
7dcefee8-5f3b-41db-b807-9b17f7e1574f,L3,Tweet
7dd0ccaf-998e-4167-b6b0-2b822d27b977,L3,Tweet
7dd3aaa6-8929-4d30-9185-9d6620283f80,L3,Tweet
7dd4f94b-cca9-48c2-b3de-127d7ed3057a,L3,Tweet
7ddf56f6-002d-400f-9be0-40f985a3b803,L3,Tweet
7ddfea52-0942-4bfc-b4bb-52e88623be94,L3,Tweet
7de849ec-eb37-4c64-9757-7da75a7be2a7,L3,Tweet
7df14039-1616-4330-b86e-43a29959452f,L3,Tweet
7df65113-3dcf-4aea-8f0c-00d5ffa05637,L3,Tweet
7e011fa4-9af9-4c5f-aeac-e776c88ceef9,L3,Tweet
7e051900-2814-403f-b1e0-04846ba25056,L3,Tweet
7e0dd6ee-0b29-49e9-a56e-418e4fc9a6b9,L3,Tweet
7e0dde03-a801-4a13-a418-f760f16c0334,L3,Tweet
7e26466a-4251-417e-b7d8-5fb44a5ea836,L3,Tweet
7e402fea-8de9-4de1-9c00-9bdd2554e4be,L3,Tweet
7e4e5d0e-52d2-4647-8eb7-b95b8f8bcc99,L3,Tweet
7e5cba26-d8fc-4e55-ab32-96510906ca0f,L3,Tweet
7e5fbaa7-4c84-401b-a252-79d95be02a5b,L3,Tweet
7e618104-6e1a-4ec6-8e41-71d61d164d99,L3,Tweet
7e640ede-104a-49a3-b7f4-b571596550d5,L3,Tweet
7e69b9d5-cdeb-4e0b-a034-f93791d6731d,L3,Tweet
7e71f69b-c0ea-4fcc-81fa-882bd92649c1,L3,Tweet
7e7de92e-4584-45aa-87d0-6b05c83e34db,L3,Tweet
7e807cb1-317c-4137-a98e-df9d02fa9e9a,L3,Tweet
7e948685-cfe6-4c44-b6b7-7dcfa893c2d6,L3,Tweet
7e954c4b-e3b3-4831-bf2d-ff0ab04ce037,L3,Tweet
7e96b642-6edb-4706-a3d9-926774666cc8,L3,Tweet
7e974348-a8a0-43c8-a48c-d2284e2eb6b7,L3,Tweet
7eae21fd-848e-46b4-92c9-2d085dd8f060,L3,Tweet
7eb1133f-48f1-4736-8753-6f1c02d61636,L3,Tweet
7eb7bcc6-af85-4cb0-8d21-6536c0611587,L3,Tweet
7eb99e0d-8edb-4be9-b9f4-2c7711da4f64,L3,Tweet
7ecd102e-00ea-414b-9b8f-f6b146031374,L3,Tweet
7ee3b3be-22e9-421d-a7d2-ceb6d4982d80,L3,Tweet
7eebbc8e-80b2-4076-8e9b-2a81fca1be42,L3,Tweet
7ef1bc9b-df00-4c51-b5d2-a2f39d5c3eaf,L3,Tweet
7efcdd1d-d6c0-490e-98d1-cdb19fa6adcd,L3,Tweet
7f07b61d-8835-4050-b5da-cad0aaf46e7a,L3,Tweet
7f117dc1-33ef-4432-9946-a2083514a31e,L3,Tweet
7f126d15-9599-41c9-8f21-f970b75b3733,L3,Tweet
7f19b6d3-5f25-4d41-8b74-0850acb0d406,L3,Tweet
7f1b05cc-66ca-4345-a536-b97cc44b16e3,L3,Tweet
7f1b649a-9e39-48bc-92da-df9f5de88a86,L3,Tweet
7f2141cf-585d-4492-b4ef-c1f08ad3ab1c,L3,Tweet
7f271730-a1e9-488b-b7c2-b792528ae4da,L3,Tweet
7f2c949f-f74d-47f3-9194-217cb49eecc2,L3,Tweet
7f321be0-0f88-46ea-9be7-e743809ab3d6,L3,Tweet
7f49de8d-14c9-4e9a-912b-154952ef6752,L3,Tweet
7f4bcd61-c90e-4650-a057-fd113107f8f3,L3,Tweet
7f4f9f89-fa8a-4667-9a5c-af424f4f995f,L3,Tweet
7f55b308-37b1-4846-8405-d28df75637a1,L3,Tweet
7f57e262-2790-47c8-aa2f-b5fd4ae4367b,L3,Tweet
7f5afa67-094b-46dc-9399-b851cdb713a6,L3,Tweet
7f65ba7b-3ea4-477f-8d0b-82c3ac099860,L3,Tweet
7f737bf0-5dc8-4737-959b-2323fe0e984e,L3,Tweet
7f7e06af-e59c-4f85-a5c7-a6a00bb830bc,L3,Tweet
7f800fa9-e9e5-4c35-b434-26021b0e102e,L3,Tweet
7f8a20e6-4ad2-4879-a619-49d0341e5f44,L3,Tweet
7f9ac31a-24df-481a-a8d4-a377f084ee50,L3,Tweet
7f9cfbc8-cd56-4e57-bde9-ba65b1aab78c,L3,Tweet
7fa8b768-93c4-42c0-9b59-8fe961561de8,L3,Tweet
7fbb2d6e-f7e8-4799-b690-6e62aa8d335e,L3,Tweet
7fdc2ab4-4cda-4fe2-92d2-7a7a191457b9,L3,Tweet
7fe5bd27-f9a1-4367-b213-e0dcfc34d2d4,L3,Tweet
7ffa10bd-1ca9-44cd-853f-6b17dfe3c4ce,L3,Tweet
7ffb3e93-08ba-4945-98a0-e64f88587972,L3,Tweet
7ffd4164-8ae0-450c-a0ee-420dbfdc5721,L3,Tweet
7ffd71bc-18cf-46fe-b93f-2d7273e3edbc,L3,Tweet
800d99d2-a9e3-449c-8773-c8e7605e37ad,L3,Tweet
800eee02-f988-48a9-82a4-9f4bad6a6809,L3,Tweet
80328621-5f72-4b18-96eb-7b1df6125697,L3,Tweet
8033d11e-b03b-4e2f-9936-0cd81e26c10b,L3,Tweet
8037f92b-a50f-444f-99fb-8a4cca3e2b68,L3,Tweet
80485271-f44d-4ea9-bacf-2faf431a52b9,L3,Tweet
804a3e49-bb57-4f28-9a16-53eca8c1e6de,L3,Tweet
804ef776-4e97-468b-97a4-d8440a0a0a46,L3,Tweet
805a7f33-52d7-4a11-96f4-ccf4b7a00996,L3,Tweet
805fe454-2827-4e7c-b4b3-697f5d384ef9,L3,Tweet
8061b544-aecb-4216-abb4-7b49d25014d1,L3,Tweet
8065edd5-0ce1-4374-9cbe-f4b89f542b80,L3,Tweet
80665a72-3947-4ec5-bc4f-cf25a3d0b37c,L3,Tweet
806ce9ef-9f7c-486a-aff7-58e2a01e29db,L3,Tweet
8071a3f0-a160-49f4-a71a-12b1c7b0f717,L3,Tweet
807b31f2-340b-4d07-bbc4-048a2405ee75,L3,Tweet
807c8aee-cac6-4132-a9c3-58d8f5c6c06d,L3,Tweet
808a7690-59f0-4c8a-8cbd-ade94f117c41,L3,Tweet
808fbc1e-5d19-41b4-ad36-f79deae84209,L3,Tweet
80900ca9-840e-4484-b5f5-67f273034cb6,L3,Tweet
8094e07f-b18c-4363-b44c-8a20e0699001,L3,Tweet
8097b341-b9bc-4621-ab64-4b17d03fb3e5,L3,Tweet
8098fdd0-e245-47d4-b6b1-298e426d8bba,L3,Tweet
809a1e00-fb3b-4e58-831b-61f681fe760f,L3,Tweet
809f35b1-811a-43e7-ad66-a25df2834e87,L3,Tweet
80a4cb20-01e6-43ec-92f2-5482a4511dc8,L3,Tweet
80b5d9c9-4ee9-45cc-8d81-f2008047f984,L3,Tweet
80b5fde2-40e3-4a46-98dd-fa31ebd1ff53,L3,Tweet
80c4e9fb-8efa-4172-a73c-a4161cc13dfd,L3,Tweet
80c52929-3c28-4d6f-8774-53c273205769,L3,Tweet
80d30b3e-0c4b-4f75-b497-7164dee4c48b,L3,Tweet
80d5c6dc-972e-4a39-b0b8-b87cb2d198e9,L3,Tweet
80de882d-a5ae-4967-a8b3-99c524cafffb,L3,Tweet
80e6f6e0-fbf9-4cd9-a56a-f463be0c87d6,L3,Tweet
80e9b773-2202-4306-aeec-3beeb9ec3513,L3,Tweet
80eee914-9ff1-4bb8-ab6f-60c2d0c5908b,L3,Tweet
80f1ebdc-f132-4483-afa0-22b6f448bffc,L3,Tweet
80f6ca81-b865-4384-b8f1-2f572d41c6b3,L3,Tweet
8117ca40-e604-4464-9438-0541f4591d06,L3,Tweet
811f99e6-f027-4580-ad9a-b3cf8fd178a1,L3,Tweet
81276ffe-ca55-4bb5-b9b0-d45ec138daf5,L3,Tweet
8135e9b8-43e9-4984-badd-f07e90b12b5e,L3,Tweet
8138f0e5-cd2f-4a3b-bdf3-130fc30e792c,L3,Tweet
813d87fe-2775-401f-8950-88ff6020ccf3,L3,Tweet
8143ec03-af4f-4784-b8bf-50224900341f,L3,Tweet
814719e0-c595-4152-b1ce-595b83d0b1f2,L3,Tweet
815591b8-5c69-4321-8e06-e5ce865c9de5,L3,Tweet
815d993a-7aa4-4278-9894-e6b6a0c00dae,L3,Tweet
81614a5c-947c-4286-a4c1-67243ce8193d,L3,Tweet
8179773e-1c91-4f3a-8d37-1e45ad6a4588,L3,Tweet
81810d58-fb19-4589-ac78-8f3a6b82b98a,L3,Tweet
81829ecf-06be-4cca-a9ce-e1ec4bb8ed14,L3,Tweet
818f2813-f466-460a-aa8f-195d7be4c54d,L3,Tweet
819f2cf5-5567-452a-9702-cc03c81486c8,L3,Tweet
81a0d45e-f628-45f4-a3a2-01146f9176f2,L3,Tweet
81a5726d-a86f-4e19-b516-e962cce9d732,L3,Tweet
81a59b6d-fa0c-48a5-83bc-ec2c06522e40,L3,Tweet
81a7eac0-6d5a-4e20-b2df-c43a3b2b316f,L3,Tweet
81d48d03-fbda-40fa-a41b-85f882fc98a6,L3,Tweet
81d5aabd-8e24-4b59-9607-4a25a256c7b1,L3,Tweet
81d6d336-4183-47e7-a9fa-ced1d3221b21,L3,Tweet
81f3a80b-35b6-46f8-81cb-2a87707109e3,L3,Tweet
81f4aac9-369d-45b7-83c5-a51daa35f427,L3,Tweet
82075ccc-1f23-4ecb-82da-675b8e86f68d,L3,Tweet
820e4468-3488-41ac-bc95-3d141e244ba7,L3,Tweet
82116b2f-7b6b-4d51-aaec-d1d6bf53352a,L3,Tweet
821483d9-1eea-4657-8ff3-24880c3f6e3b,L3,Tweet
82149835-3eed-4e3e-abf1-89f771d2725b,L3,Tweet
821bdbf4-2688-471a-b236-95fb3f69c00b,L3,Tweet
822ca5f6-2a47-427d-83ca-b5cb8c47b7b5,L3,Tweet
82447642-e071-4831-91e1-52ab8d95fab2,L3,Tweet
8247b98a-a160-43b3-b29c-336572ef9c2f,L3,Tweet
82580db5-87c6-4e09-b1dd-9b921a097951,L3,Tweet
8279e5b8-021b-45eb-8e0a-91117426a7b6,L3,Tweet
827f5853-d08b-4018-a383-54b46bc953fa,L3,Tweet
82832bad-9702-4803-a70b-9cc8fe5ab060,L3,Tweet
82848924-1231-400e-9da3-e3b892cb434a,L3,Tweet
828db54d-14d7-45d9-9e0a-4b4027d50249,L3,Tweet
8297d37c-024a-4003-b448-28c1913d5851,L3,Tweet
829b1031-ce7e-460b-8ae3-61fb2dae7822,L3,Tweet
829bacee-e548-4f40-8caf-c7e248f24ce7,L3,Tweet
829d76f6-09ee-42f3-928a-96ccef77a1ec,L3,Tweet
82a5ea11-2c4b-42e1-8ef0-ca885ffbb580,L3,Tweet
82b2a255-3064-432d-87cb-b16bcee03629,L3,Tweet
82bd15be-3531-418f-9e57-d8a9a1a5b353,L3,Tweet
82c27202-fb81-42aa-823b-390be731ab1f,L3,Tweet
82d5619e-e498-4c33-8699-cd8f596993bd,L3,Tweet
82eb5431-6576-4e24-8d0b-e91148ad8ca0,L3,Tweet
82ecb71c-1ce6-4ea9-9c17-29013371636a,L3,Tweet
82ecde81-62d9-4d72-baec-aae7d545785a,L3,Tweet
82eefbf9-52eb-4c3a-9b50-03d5b168f99e,L3,Tweet
82ef499a-947d-489b-afce-f3c901786c71,L3,Tweet
82fc3f73-23a5-492d-9928-7cd5c72a046f,L3,Tweet
8301bf5a-a6cb-459e-b247-8cb964f076a5,L3,Tweet
830fcb84-8bdd-429c-9339-f9abcb405459,L3,Tweet
8310fce2-62df-4141-bf28-74138b2a2dce,L3,Tweet
83114a3a-9bf2-4e72-88d6-8fa93ab97a00,L3,Tweet
831237a9-aefd-419a-8b69-0e16961910df,L3,Tweet
831ba896-4666-4f04-b921-e75b6625dd84,L3,Tweet
832249bc-1f42-4286-a412-bc6b6659a387,L3,Tweet
83268609-a738-4dc4-9346-dcf22706bb0e,L3,Tweet
832f7f5d-5c79-4338-837b-cd05db37cba7,L3,Tweet
8331849f-f8fb-4adb-a154-99e59a2f7327,L3,Tweet
833749cc-532e-4709-89d0-8b200fd89206,L3,Tweet
8339aef7-962f-4815-9d69-0823f038f114,L3,Tweet
833be425-4dd5-4afb-9123-5cc4226ae2c1,L3,Tweet
8366406c-0584-4c35-8e7c-c1b251ddd0d6,L3,Tweet
836c8f9d-5c95-4db0-b3fa-ca58eb78e471,L3,Tweet
8377822e-f743-4881-addf-e4cf78316f27,L3,Tweet
8384edc3-e8c5-4bfd-99e1-67e352161314,L3,Tweet
8386173f-ca19-450c-b9f6-3dce7abf2ae2,L3,Tweet
839ca907-d97f-4059-ad49-92db665f4905,L3,Tweet
839e9d35-48ed-4974-b887-9b7da56d8e29,L3,Tweet
83a2e2e1-9830-453c-8a37-7eee470d311b,L3,Tweet
83af0db2-0cba-4312-a4e2-9e2755aa5431,L3,Tweet
83bd1e76-a503-4a20-a209-140c3b549c66,L3,Tweet
83c31d6f-823f-490d-bc6e-d06c80010e84,L3,Tweet
83cd46fa-0eb2-42e3-8c33-26aebda38688,L3,Tweet
83d2272e-faae-421b-9236-4fc7a6433c1b,L3,Tweet
83da2aa6-766e-48d9-80b3-768b4533f9e9,L3,Tweet
83fa3935-7fd5-4747-a45a-8760825435b2,L3,Tweet
83ffdb3d-a7cb-4962-b998-87d370ccd531,L3,Tweet
8408ca51-31b9-43db-be79-19b03712041e,L3,Tweet
8409321e-755a-4c72-9281-e4d08b799b3f,L3,Tweet
8417c4b4-8b81-4d5c-935e-840d0309bcca,L3,Tweet
841cc1dd-d2a7-483e-af9f-d8f08061f1a3,L3,Tweet
84295308-5da8-451b-bcb2-c95dcb4351bf,L3,Tweet
842d78d5-45af-41c8-b702-20ec243f9ab4,L3,Tweet
84304ab0-cac2-4059-a53a-7b48e3ca20bb,L3,Tweet
8431a10d-b66b-404f-9629-3bdb431feafb,L3,Tweet
84334b62-e1ee-4863-bcd3-f26e599e81e5,L3,Tweet
843376ea-99fe-4b1a-9c46-1a1829349e22,L3,Tweet
844cbd21-9088-4af2-83d2-9971e05c6adb,L3,Tweet
844d2484-da0b-447f-b236-b29c9f7aa348,L3,Tweet
8454b741-7ad2-4f0e-a9c8-8c35cbcc7c9d,L3,Tweet
84550508-4f27-4826-b720-3ebcb52f103c,L3,Tweet
8459a240-c27d-4749-896d-697b8ee97bab,L3,Tweet
845c0a9f-267e-475d-9203-ef809be7106d,L3,Tweet
84654be2-26fa-4b4a-9d0c-4253c9c9c9b9,L3,Tweet
84675475-df06-4f2b-aa93-002282d328a8,L3,Tweet
8470d5a0-bfdb-4a1a-9172-26eb1a074ddc,L3,Tweet
84789b1c-6280-4762-b769-be07129ce38c,L3,Tweet
848c1d5d-3726-486e-8a38-b1b278648ec7,L3,Tweet
8492ff36-3c3b-4e97-a9a5-a90ae29a2cfd,L3,Tweet
849a90e5-e3ee-43eb-8fe1-ed07b2181ad8,L3,Tweet
84a97f39-34f7-4f9b-879c-19fc3b6b7330,L3,Tweet
84afaf31-dd9b-4004-b49d-6c2d19d5b1ba,L3,Tweet
84b23fe1-725e-493f-a89a-b3d6aec878ff,L3,Tweet
84b653ac-e73f-4869-bfd5-73f8ee28b289,L3,Tweet
84bbff25-6ebc-4caf-a340-92f7c2796f1e,L3,Tweet
84caecaf-9559-4b41-b13e-fc68413a7429,L3,Tweet
84ccd4ab-4017-4398-b25a-7c5eea6d0b69,L3,Tweet
84d86f1b-f4ab-48fe-83ee-92632fa8ee42,L3,Tweet
84daf0d1-fa2b-48a1-beb3-330a0f9c5ad7,L3,Tweet
84dce006-dbf0-4303-a13a-94d34ca055da,L3,Tweet
84e0b15f-2c15-48a9-ac61-7975413a0d99,L3,Tweet
84e9875e-6508-4983-9f63-9362dfa6d652,L3,Tweet
84f77d56-b123-463d-8a89-9a5f99333146,L3,Tweet
84fb49ea-c3a5-4af4-aa63-a6853f124fd6,L3,Tweet
8507c1d7-bf82-4439-b73f-31eec6a3116b,L3,Tweet
85230617-39c6-4de2-b04f-fec0574cd0e6,L3,Tweet
8528725d-c2c8-4a99-a097-63a8067e5a5b,L3,Tweet
852bbdf0-8f40-4f03-890e-70e47298730b,L3,Tweet
853b8dcf-e02a-4492-adc0-d6c02a1afd20,L3,Tweet
853f00d7-bba1-448c-807f-468dca3baf12,L3,Tweet
853ff924-ed1a-4927-8004-b643466f6f4e,L3,Tweet
854732d5-fe6b-4222-ac50-527f56a96db2,L3,Tweet
854b2bc0-b184-47b2-b100-73434ddf8f5d,L3,Tweet
854d47c0-91d1-47aa-8427-f8fa73d1fd07,L3,Tweet
8556f297-0523-496a-8c4a-d41cde80e54a,L3,Tweet
855b2f3d-fdcb-4fce-b066-746508e7278c,L3,Tweet
85608186-9488-48ab-ba52-d244fd142d99,L3,Tweet
8562d36a-2f51-4f87-9208-a56131ff8171,L3,Tweet
85641e31-0085-4fc6-ba71-1fb631c9d156,L3,Tweet
8569bba9-8945-405a-9a40-3f5d96cb6d80,L3,Tweet
857581e1-8dbb-4fb7-9eff-a041a162e1c4,L3,Tweet
857a2098-843b-4ac5-9e5f-e06843baf193,L3,Tweet
85817b19-00fa-4abc-8682-8591cb0b8dfd,L3,Tweet
8588d398-aab0-4413-b735-3ec307dabebd,L3,Tweet
85896a67-868c-4b85-93ee-ee8ead179f06,L3,Tweet
8593e93b-0caf-48e6-82ba-8ec9ceeba93b,L3,Tweet
8595595c-1fd7-4081-83dc-59b049d1abb0,L3,Tweet
859f8f53-7aac-4bd4-bd24-df1b8af0660b,L3,Tweet
85a84058-1f0a-4b4a-862b-40ff3a165966,L3,Tweet
85ab70ee-cc88-46a4-9701-f0174e7bfa97,L3,Tweet
85ad45ac-d28a-4330-b892-bac3559fd488,L3,Tweet
85ae35cb-867e-4561-b8bb-659821db2294,L3,Tweet
85b0a2b8-231d-4a2a-951c-d6ab9d047665,L3,Tweet
85b15bb4-b5c2-4722-9be1-d3b4e956c17b,L3,Tweet
85b1aa42-e092-4c7c-a47f-1ad26e79f35a,L3,Tweet
85b57d74-0f5b-487f-a24b-2bbacb69aa38,L3,Tweet
85b67196-eee8-41be-8c27-eb74e546d7e2,L3,Tweet
85ba6535-59f3-4f96-b89c-279b9140ef00,L3,Tweet
85d069ae-d84e-4dd3-b1e1-7c94a0404cb9,L3,Tweet
85d9f12c-791e-4893-a66d-6d8cefb9b4f0,L3,Tweet
85db351b-0fe1-4d56-bcc1-15a2474e0774,L3,Tweet
86091c05-058c-47d2-b074-c29bcd0e8e66,L3,Tweet
861592ad-9c01-4f7c-9e29-8d4e16b4381a,L3,Tweet
86177515-b4df-4649-807b-6b74166feeaa,L3,Tweet
86194bb3-a66e-4979-9e5c-1310531dd8c4,L3,Tweet
862e5a53-1e14-44cd-9646-377df0763d04,L3,Tweet
862eb70b-e0b6-4941-9c3f-e9bff2ee07b7,L3,Tweet
863f3ff2-23e7-4517-b837-7a87256b1644,L3,Tweet
86424004-69a5-4703-a12f-5b6ddeb7eb25,L3,Tweet
8642e1f6-dbed-4754-9826-7e367e819f6e,L3,Tweet
86520ef4-548a-4986-81f3-beab6e03d599,L3,Tweet
866768d0-e380-47dd-8074-612ce9c3bde3,L3,Tweet
8667bac4-25d3-4717-8e1d-3ec378d2740f,L3,Tweet
86719cf1-2581-4237-838f-9c4c87f38f10,L3,Tweet
867d0633-a2ef-4fc2-b260-96380dfb4af5,L3,Tweet
867dad29-79ad-47f9-84c7-917ce631fe66,L3,Tweet
86852227-6960-4fb7-be4d-11d3bfd8def7,L3,Tweet
868fd5f6-96df-4b68-91a3-79bebcc3e55f,L3,Tweet
86995a99-e54f-4e23-8b06-5be19121b533,L3,Tweet
86bb4bbd-89f6-43b0-bbf2-d7d98aada544,L3,Tweet
86bcf5f1-fb17-4aa7-89ab-72edaaf1ec90,L3,Tweet
86beb6ad-4272-4867-a11f-adf7da08956d,L3,Tweet
86d6406f-175d-4170-a506-878643205882,L3,Tweet
86d83516-bc20-408f-b2e7-d5450d1b79d4,L3,Tweet
86e534e3-4c17-4c8e-b10d-bf51fac9fafe,L3,Tweet
86e69fee-69d0-46af-b175-52455c65c3d2,L3,Tweet
870442fc-f3e4-42c5-8f92-ebafd8b7c33a,L3,Tweet
8706b08f-9f5a-4c56-ab60-9928f01f5cd3,L3,Tweet
8708b64b-c2d4-4c64-ae1a-ccbeb947088c,L3,Tweet
871180af-54c9-473b-aa77-77cd6b897793,L3,Tweet
8724b88f-2b53-430d-828d-7e6230e0c99e,L3,Tweet
8728dc51-91ca-482d-801f-aa7864097c1f,L3,Tweet
87395c2b-8441-4b1c-ba6c-18f3877fec4a,L3,Tweet
87497015-9efe-445b-ad32-03178e77fee4,L3,Tweet
87590d37-f9cb-4ec8-9999-0d4057e6c01d,L3,Tweet
875a06a6-c202-41bd-be7e-b6df6c244334,L3,Tweet
875d60d9-637c-41eb-8e40-4e313617ed92,L3,Tweet
87606b7d-4437-4aa4-87f8-33b8bddc1f33,L3,Tweet
877598ea-a502-4f87-a696-40afe38c5ee6,L3,Tweet
8781c315-682b-4beb-aff6-b5e71ad7fb4d,L3,Tweet
8785d2e8-354f-4a42-a4d2-7c5d1aa9566e,L3,Tweet
878b0c8a-4792-451d-adb8-664c9bcd1a89,L3,Tweet
879195aa-befa-4761-b113-87bd3cf08604,L3,Tweet
87a2cc16-28c0-46f1-ade5-5c305a4a47af,L3,Tweet
87a79401-4a78-47e4-a43f-793f6d84672a,L3,Tweet
87ab479d-5f2d-4de3-863b-c242540c61bd,L3,Tweet
87b30a34-6a6c-4ad3-b884-7c007128a0aa,L3,Tweet
87c19865-c10e-4487-ac31-28907efcc216,L3,Tweet
87c32579-c8e0-44ea-8b02-1a623a5753a8,L3,Tweet
87c840e7-4d2c-4220-a2a6-a26708385f40,L3,Tweet
87d44f3a-9ed4-436e-8e9b-04ca39accf9f,L3,Tweet
87d57302-4e2c-47ab-944c-1ff95d81a050,L3,Tweet
87e4aee7-98dd-4da3-9430-334fb5a05c27,L3,Tweet
87e71df6-8e39-42d4-9bea-5f2fbf390792,L3,Tweet
87e90a49-764f-4f94-87b7-47a1d47c62b8,L3,Tweet
87ebbaff-e008-4db9-ab60-475cff19b020,L3,Tweet
87ed00f2-098d-482c-b5c3-aed5a324b4e1,L3,Tweet
87f881b2-e06a-46dc-b191-fed712007e26,L3,Tweet
87fbe6fb-fa7f-4848-856c-b3bc1194dc2d,L3,Tweet
8809f122-8ea5-4826-9ae2-0daacf2bfe73,L3,Tweet
880e5dfa-53c0-49e7-9b9f-5e607b55f373,L3,Tweet
8815d80b-1785-4838-8449-8969453776ff,L3,Tweet
882720cd-ed6b-442f-a73f-2c6899810375,L3,Tweet
882a4d6a-9f8f-4c78-ab6b-e7f6ff3542b0,L3,Tweet
883369d3-57c8-4dc1-8d02-5d7bf9afb669,L3,Tweet
883899e9-3cf2-4f89-979c-012756c5a7d5,L3,Tweet
883be79c-ee27-498f-954d-612f0482807d,L3,Tweet
883f5eef-898f-41f2-8472-d104ada066d7,L3,Tweet
88417d60-d58e-49a7-a353-98e761375089,L3,Tweet
884709ca-9831-42a4-9727-203ae17f4f30,L3,Tweet
884f16f9-e39f-40bc-a62e-4a97227f3817,L3,Tweet
884f6040-101b-4867-9764-efce1d9a3910,L3,Tweet
8855da81-bee6-4249-8b6a-c9f7a4399caa,L3,Tweet
8859532b-45db-455d-af85-957844273e9e,L3,Tweet
885a5652-5ffb-4cc3-9192-cc79ad8486dd,L3,Tweet
88630d9b-9fdf-4558-9c44-109eee1c0f63,L3,Tweet
88647fdd-c84b-4e85-9769-db3c52d57040,L3,Tweet
886e7c0d-2714-4c6b-a19a-60749f9ddd48,L3,Tweet
88723800-0ecb-40e8-8c9f-4a289e06e48a,L3,Tweet
887d1ad5-a914-400e-b8f3-303036925a6a,L3,Tweet
887dfc9a-9c66-40cc-985e-792ae7b77757,L3,Tweet
88893955-7a8b-4500-9ea0-6dfed730cb7f,L3,Tweet
8890c291-3fd1-45d5-bbe9-b7de52629f5f,L3,Tweet
88a0fadc-2d4e-4d82-ac6e-26de99d8f63d,L3,Tweet
88aa3d02-9868-4d94-9a47-cb86d9095f47,L3,Tweet
88aa412f-d2d4-45ef-a5d7-ead07bd29672,L3,Tweet
88ac87e2-7a47-4c79-aef5-26433a651a7b,L3,Tweet
88bd20ba-e3bc-480e-a6f3-bc47e1352b06,L3,Tweet
88c0f597-d925-45b3-8089-06a905b0d112,L3,Tweet
88c92248-b032-4706-9df0-ae6573a3a385,L3,Tweet
88c9b779-62b4-4678-b363-a1d27043047f,L3,Tweet
88cb530f-8d25-40ba-ad7f-03c1a0bfd670,L3,Tweet
88d6c46b-a70e-470f-89c2-887bbf4e28d1,L3,Tweet
88e7f8cd-7ed3-4f83-a8f3-8cd586724dd9,L3,Tweet
88fda7d3-92cf-42e1-b244-d6ec14561eb7,L3,Tweet
88ff10fc-8728-45ce-80bf-f98086d87287,L3,Tweet
890c4cfd-4278-4238-90c8-5996176a4bab,L3,Tweet
8924e3b5-81cc-4444-9824-54eb8cc88b05,L3,Tweet
8927b21f-cbae-4212-8856-0d3850635fea,L3,Tweet
89287fdc-aaf4-4b72-8dcd-b09d196805b9,L3,Tweet
892a144b-1867-4d77-ae48-2b5a0202106c,L3,Tweet
89333a43-6c3e-4757-9987-bbeb9aa420f6,L3,Tweet
893d51d9-91d4-43ee-be81-5152347930cd,L3,Tweet
893d9a67-fa39-4f4e-9afe-89c0b232c0d4,L3,Tweet
89465fae-a81d-49e6-8c6f-2a1fb61d6844,L3,Tweet
8948ea69-7015-4a73-b1b6-d3e7af8afd92,L3,Tweet
894b1ac9-2ff4-46b9-a845-95e7989d3cfa,L3,Tweet
894bdc2f-f96b-4f9c-9491-89af5e77402e,L3,Tweet
894d5d7e-cb64-48c1-b379-5cb709a4e46d,L3,Tweet
8955af61-3de3-4c71-876b-fed2459cf097,L3,Tweet
895f45d6-434e-48b5-9a5a-a1e7308f933f,L3,Tweet
8963b67a-cdf2-47dd-a808-f301742e13cb,L3,Tweet
896cc4b5-e4f5-4652-9de2-147c49d70819,L3,Tweet
896fa73c-6819-4dcf-a857-7ba66416b17f,L3,Tweet
897acb3f-d4ca-4e70-aef0-bd7822d53239,L3,Tweet
898197bf-c723-4b79-9033-56431cbb64e9,L3,Tweet
89937c88-22a5-4dd8-acae-589f4d748830,L3,Tweet
8995d64c-4ce8-4828-9877-a6a45e81945d,L3,Tweet
89a46fa1-1d51-46cc-ac8c-236591e2bd74,L3,Tweet
89ac67b4-5e4b-4af7-a3ee-eafda2b16538,L3,Tweet
89ad07dc-6688-4a0e-a58a-0a3f17abf288,L3,Tweet
89b87c8b-db69-414c-93a9-d98d6a6b5df3,L3,Tweet
89bb9152-f840-4d68-983b-9fc210aeda30,L3,Tweet
89bf0e4e-153f-44fc-9970-cad67b584232,L3,Tweet
89c93a48-aafc-45b1-9102-51b2e7ff8e3f,L3,Tweet
89d8a5c9-adc2-41fa-9b99-597a3521a141,L3,Tweet
89d9af31-fa85-4a26-86e5-8bea8a2b8852,L3,Tweet
89e3dd99-b25a-4b84-b50f-30f51f2bcf2f,L3,Tweet
89e6297a-dcfc-43b9-8548-224e4e4b5f0d,L3,Tweet
8a03ed26-50ad-46a1-bd72-75357d85707c,L3,Tweet
8a19e6ed-aa88-4db1-bd74-959c7b4e42a3,L3,Tweet
8a257909-2f1c-4fa5-9819-d524afd2a221,L3,Tweet
8a265a0a-95b4-4e11-8010-ff06e191b6af,L3,Tweet
8a290349-be29-4157-8ca4-1f5414b83648,L3,Tweet
8a30fe12-e3cf-4718-8490-cdd77c216aef,L3,Tweet
8a396bcd-64d5-4b1e-8bb4-80cc161ceeb8,L3,Tweet
8a3ef488-bc8e-40b3-8837-b86f6a7fd41a,L3,Tweet
8a44b1b2-7f62-4d64-94b7-4dbd058473be,L3,Tweet
8a64a434-2d7b-43c7-aa5d-e4dfde25955b,L3,Tweet
8a8cd45d-1ddc-4a4e-858c-fe92baef2af6,L3,Tweet
8a8fa7f6-ca1b-42f5-9ca1-e6a0f7074380,L3,Tweet
8a974fbe-e22a-4c52-9371-91ccb379c525,L3,Tweet
8aa11cb6-dc77-4dae-9394-c6e35d92cc3f,L3,Tweet
8aafef3f-4feb-450c-bbeb-988654a9c207,L3,Tweet
8ac0329e-0bf2-4598-ac94-000081f7a31f,L3,Tweet
8ac119ba-7e6d-4a09-987e-4d9b5e8029d8,L3,Tweet
8ace11d8-9d8b-4d54-8b8e-10b211d07004,L3,Tweet
8ace7ee9-91fe-4b35-91f0-bda7f379f6a4,L3,Tweet
8ad35cd4-470c-44bd-b534-09ae69ec449b,L3,Tweet
8adaa611-ebbd-4c75-aa91-7777289a3caa,L3,Tweet
8adb6fb8-2338-41d3-b76d-2eb43bb2b54b,L3,Tweet
8afb40de-3592-446d-bfa0-4da78538a478,L3,Tweet
8aff01cf-4281-47ac-a397-9fd87988f1ed,L3,Tweet
8aff2201-2785-4061-b4db-376ecdafc68b,L3,Tweet
8b1973a4-8cdc-4c78-92a8-b440c0069a58,L3,Tweet
8b30d616-cea9-43d6-b2de-cc3c3df6d2f2,L3,Tweet
8b435890-cb17-4de7-b93d-86c6526e66d3,L3,Tweet
8b44997d-2b10-44b2-bac5-a630a3f387a1,L3,Tweet
8b4ebc4f-7921-43c6-b0bf-92b74ac41965,L3,Tweet
8b51aa0e-17da-4fa2-89e2-1cf5117372ea,L3,Tweet
8b60c51e-5880-43fd-a812-895752ceabbf,L3,Tweet
8b6558f7-ff4a-4e04-8a0f-8f1103788490,L3,Tweet
8b658cc6-ee60-4d77-a1d6-08a875c2c0e5,L3,Tweet
8b74fa71-cf92-4fec-bffd-e2280420d18f,L3,Tweet
8b76e44f-65dc-42ae-82cb-4e647c5aaac6,L3,Tweet
8b795f65-3279-432d-b02b-5fd7094fbc9d,L3,Tweet
8b79c5e0-40d6-498b-8f93-00936ec49ae3,L3,Tweet
8b7ac35c-7370-4776-b8cd-a5295bc777c5,L3,Tweet
8b89dcf6-f869-4e6c-950f-103e14c9be17,L3,Tweet
8b94b1a9-759d-4550-a1d5-214d131ea760,L3,Tweet
8b9ae68d-de7f-420a-9320-91554065d74a,L3,Tweet
8b9db059-95d4-4310-844a-d1335a888a3c,L3,Tweet
8b9fe825-2049-4155-aaa5-da72687299bc,L3,Tweet
8bb71b7f-0c21-4692-956b-f162b14e3f22,L3,Tweet
8bc4d66d-88c4-465e-a5bc-c1f615cfa2db,L3,Tweet
8bc7b4cb-938d-4904-867c-084961b57b9e,L3,Tweet
8bc9a0a3-6a89-4f02-bc0e-838f29b5ed3a,L3,Tweet
8bcbb0e5-f91f-4644-b4a4-a947c0a19a1e,L3,Tweet
8bcbbb02-084f-4e55-97f0-cddb510873c6,L3,Tweet
8bf343ee-a1aa-46c9-8d98-3e78d36212d1,L3,Tweet
8bf61950-1393-4ec8-80db-2f11bf9cc72a,L3,Tweet
8c09af12-e50a-43ff-ac39-7e8d5065d722,L3,Tweet
8c0a6515-ae35-4033-b97a-4a92d211fc6f,L3,Tweet
8c0ee5c0-b1ba-4086-9d6e-810b0c8dcd7d,L3,Tweet
8c1ae4d4-ea5d-4a54-b142-c6688054a6c8,L3,Tweet
8c2099ee-e6eb-4288-b41a-46fdf4b9ba24,L3,Tweet
8c20dd78-01e7-4bf6-988c-fb8b6cdf94a7,L3,Tweet
8c24655d-d2b1-489b-ad04-429b7d597cc9,L3,Tweet
8c24662e-a650-4682-a479-36e76e4795f5,L3,Tweet
8c298120-b58b-4b47-a5d4-7a520ea8fc39,L3,Tweet
8c3b782c-d276-4c48-a694-5a4147dad987,L3,Tweet
8c50252a-5c39-4ae3-a2d9-cfba4ee7edce,L3,Tweet
8c56a29e-cbfb-48e3-959e-04c8ba5e78e8,L3,Tweet
8c60c547-9cfb-4bf2-b60e-316af0ace29d,L3,Tweet
8c685167-4d1a-4144-b0e4-bfa0a28ecc45,L3,Tweet
8c6b0ed3-6549-430b-9463-cd31522ea82e,L3,Tweet
8c709ddb-aa8c-47d3-bff1-ae9d7764973c,L3,Tweet
8c78b9fa-6fca-4a34-a6a8-d0886dffda0b,L3,Tweet
8c79c8ea-fbd9-4678-a938-db99bccbb74d,L3,Tweet
8c7a760a-f1e1-4b16-8c16-9f12075be057,L3,Tweet
8ca651f0-d3ff-4abb-9543-719cadad8e41,L3,Tweet
8ca7028f-8c91-4cec-bf85-f8a6ff26cfbf,L3,Tweet
8ca7e4dd-7a3e-4d15-b408-4c938214b724,L3,Tweet
8cb4008c-68db-43bc-a692-ac0944049906,L3,Tweet
8cb5ead8-634b-4c6d-8142-f90c23520c08,L3,Tweet
8cb773ac-e1a1-4c6d-a832-2af8de34018c,L3,Tweet
8cb96dad-86c3-4032-805c-e06d2ad1f250,L3,Tweet
8cbc2d5b-946d-47c1-ac20-b28f4712fd49,L3,Tweet
8cbfb819-2ed6-491f-9c3a-20414e906df5,L3,Tweet
8cdc8f19-495a-401a-80f8-6a4021b4b065,L3,Tweet
8cdcb1f7-57bc-44be-a8b2-4c2e80861b8f,L3,Tweet
8ce8e470-0ec1-46dc-8512-a0265769ad0a,L3,Tweet
8ce919f4-7639-40b6-ae60-125fa49dbc1a,L3,Tweet
8cfcd87f-a1d6-44bf-9bd4-f192b05cd53c,L3,Tweet
8d16b5a8-fe14-403e-93e9-1c9ceec25f82,L3,Tweet
8d16e6b2-34ca-4ba6-8cff-1ecd544dc3f6,L3,Tweet
8d1c51ba-61dd-4606-8c9a-61decc6aa8ae,L3,Tweet
8d1f70d0-21c5-40ac-ba16-c78105ceb40c,L3,Tweet
8d264cb8-5323-4805-ab0e-2862886e9d36,L3,Tweet
8d275f78-62d4-4661-880f-b9d90c50eff4,L3,Tweet
8d2dbe36-a5e9-48a6-b239-caf477499918,L3,Tweet
8d36c0f3-c35f-4036-a56b-accbf8cd3f9a,L3,Tweet
8d392217-b080-4386-b0d3-60efea8d4664,L3,Tweet
8d47b806-fc4b-492e-9694-c004bde4a053,L3,Tweet
8d6adfd7-0413-4ca8-ac8c-293072b7608a,L3,Tweet
8d6f7d0c-ac65-4da6-80e1-5e2b73246b53,L3,Tweet
8d71d7c3-2ead-4601-b06c-f6e498b3163a,L3,Tweet
8d76b9c9-63f8-4782-9b85-6c010a6e69e9,L3,Tweet
8d798e64-c158-4d71-880f-8cbf0f6adc74,L3,Tweet
8d960e52-6578-4d5f-a295-6fae0aaee195,L3,Tweet
8d9918b6-2116-4592-927c-2d298dcd95cf,L3,Tweet
8d9b5116-bcab-4044-8a59-7093c35429a0,L3,Tweet
8d9bd7b3-7ac4-423e-83e1-3ffe52fd913e,L3,Tweet
8da13e48-2146-4bf2-bcfe-c42a78eee135,L3,Tweet
8da2a16f-14a5-4cfc-898a-f1c73dd117de,L3,Tweet
8db2af71-dea8-427b-8d5d-a54cfb8b35a6,L3,Tweet
8db500e4-fe38-4c28-b6f4-19d058071c2f,L3,Tweet
8dcc5611-9016-4eca-86ec-9dac2e73f2e5,L3,Tweet
8de0ea11-c2ea-4b6a-bbd0-a99df4ca1162,L3,Tweet
8df45551-8625-448c-b085-85734c76c967,L3,Tweet
8df630e4-e252-4b8a-b527-645d2b8d9108,L3,Tweet
8e076729-5523-4a42-b315-9d8f48b30a62,L3,Tweet
8e142118-3ae8-4523-b6d1-752cb85eca2e,L3,Tweet
8e1ffa2d-6eda-40fa-95eb-d78b6160b923,L3,Tweet
8e249a06-cdc7-4255-a4ca-88b59b8067b8,L3,Tweet
8e25162a-51f6-455f-8c29-bdb36a7e3fb3,L3,Tweet
8e385a1f-65de-4599-bd89-19c9fcc04a97,L3,Tweet
8e3e7505-6db7-4def-949d-04d1acd4b395,L3,Tweet
8e3f852a-79c1-4c42-a9d7-8ad145826edd,L3,Tweet
8e46ca56-3f3d-44ed-ac99-938543d1040f,L3,Tweet
8e4713bf-0231-4090-952b-af1ccc0520cc,L3,Tweet
8e491d24-b9f0-45ec-80d0-176ad891985e,L3,Tweet
8e522e77-26d4-4ace-8357-cecb5d92002d,L3,Tweet
8e533596-4a47-4b1e-bbbc-513bdbed8081,L3,Tweet
8e5dbed1-49bb-421d-be77-c8b0dc38df19,L3,Tweet
8e61d9ea-a950-49bf-b35e-b278ac05eb17,L3,Tweet
8e6728a5-b242-45a1-8846-6783320db7c7,L3,Tweet
8e698832-efc8-43f6-ba00-ec9c3d3e9fba,L3,Tweet
8e6a6506-07c1-4e50-9210-94af82d0c87f,L3,Tweet
8e6c1445-5f8d-462e-b2fd-8865e7d19c54,L3,Tweet
8e720cf6-d6ae-4538-9182-239fbb7e1d1e,L3,Tweet
8e765a07-06e3-4ed8-834c-0f40e8dcfbdb,L3,Tweet
8e7f673f-3ec9-4829-b609-f74b50b5830e,L3,Tweet
8e87b677-1c39-4914-8b58-a8bb80d89bdb,L3,Tweet
8e8e3758-6e89-4017-9cc7-8f0b52ede6a5,L3,Tweet
8e96a42d-4f71-445a-90ed-4b78be7a0103,L3,Tweet
8e972633-fab0-4c93-9a4e-924e3e5d88e3,L3,Tweet
8e9c9a47-25a3-4a89-b4c8-9e2cab7066bb,L3,Tweet
8eaf8e96-e9fc-4a40-a78f-8162ac79d05b,L3,Tweet
8eb39a2f-3c5f-4f65-8186-92c36036b2f6,L3,Tweet
8eb69720-f235-4fd7-b35c-8c1254516da8,L3,Tweet
8ece2d5d-7ada-4bb0-878a-8740d62a42c8,L3,Tweet
8ed0f12b-dfac-48c9-bcc3-e62e496fe15d,L3,Tweet
8ee0d496-f042-48aa-bd02-ae127aeb3792,L3,Tweet
8ef914bd-0be5-40c0-bba3-228036a79f5e,L3,Tweet
8efedb84-9c55-4c61-a33c-9a794d459168,L3,Tweet
8f006dbb-feb9-4c37-a755-77fbf59fd204,L3,Tweet
8f0b166f-19c1-45ea-98fa-2187dc117a44,L3,Tweet
8f0ec7df-d442-452b-a5c6-3c15119dc13f,L3,Tweet
8f1348b3-1357-4ed1-87d4-be915f6167fa,L3,Tweet
8f176759-4498-4653-89b2-df436c086ffb,L3,Tweet
8f1862ba-ed56-4c56-9306-079a9d388cbf,L3,Tweet
8f20d6d1-0834-481d-9708-4da0b2b79800,L3,Tweet
8f313c6f-d634-4bf6-8a13-ee3c8f510e04,L3,Tweet
8f3c3a5b-1b8e-47cc-85d2-9fb23bf19ba0,L3,Tweet
8f54f4a3-e92f-4e8d-a537-3c4491067f19,L3,Tweet
8f5e7cb5-7ec0-4742-8885-e82ce0bba8c4,L3,Tweet
8f663963-dee1-4211-bad9-68a8816bd5c6,L3,Tweet
8f66e22b-bf61-430f-b0de-3b3ad16b0ac8,L3,Tweet
8f71d96b-f0a1-4e2e-a1ea-e8975ab86f21,L3,Tweet
8f7b5da0-fa91-4c05-b478-bdd9a5c0f046,L3,Tweet
8f836497-d4a3-4ec7-bbc7-ff230fab70b5,L3,Tweet
8f92e8fb-c213-4b82-8761-57b0c12d5258,L3,Tweet
8fa55b2a-5db6-4e4e-a2da-4dfdb5b7f07f,L3,Tweet
8fb0ebf3-db96-4f60-8a88-b3c3fb81a964,L3,Tweet
8fc9823b-2eae-4d68-b897-45d6626800c4,L3,Tweet
8fd5a8bf-eb8d-4d44-b12a-d5abac0dc5b2,L3,Tweet
8fdf4ad8-431a-4390-9436-38ad346da23b,L3,Tweet
8fe9d2d1-b800-481d-9ad3-a8d7f74c5d1d,L3,Tweet
8ff0f182-4bc6-40e5-a5d9-105b82232cf3,L3,Tweet
8ff30949-55fa-4deb-8b0f-e09d809e3623,L3,Tweet
8ffcd95b-6047-4a60-bd55-10cd0118eb13,L3,Tweet
900475f2-9269-4980-aa33-a38437dff6ac,L3,Tweet
9005be54-ff10-4750-9e39-6fa6032e32ad,L3,Tweet
90132b8c-6453-4e68-b3c4-e22ecf56811b,L3,Tweet
9013e5ec-a6bd-4773-826c-186e2d922290,L3,Tweet
90259868-84cb-4ded-ab09-408ccfcef198,L3,Tweet
902bf7e8-272e-4d9b-93a0-a98d9bdde87b,L3,Tweet
902de00b-2df0-4e22-8f8c-c652f58bdf7f,L3,Tweet
902f27f5-8d14-4884-b847-7e496f5bb5d6,L3,Tweet
90394099-e759-41a9-8e00-d99fbe60af71,L3,Tweet
903badd0-8871-4166-bfdf-7d61dd2b748b,L3,Tweet
904c4dde-4574-4c2d-abf3-8cde866b033f,L3,Tweet
90510fa6-69e2-4fb4-a04b-9b75a8512659,L3,Tweet
905c6c1a-8e80-43a9-9ede-2bf33a908f62,L3,Tweet
9060b4c6-0778-4efa-a990-68f465a3ad85,L3,Tweet
906d711e-127d-4f17-b4cb-f5f7c0bd6cc7,L3,Tweet
90847526-4944-4d67-8ce2-78398e5070f7,L3,Tweet
908bc9ca-38d7-4690-bbf7-5628e1b38268,L3,Tweet
90a1e6a5-1d87-4239-b2e7-83a61b5cc843,L3,Tweet
90a25e06-f09d-4c9e-a304-605ad34ffe58,L3,Tweet
90b359fe-853e-4ccd-8895-2b7d91e44b8f,L3,Tweet
90c99774-50ee-40b9-9364-c273343d7900,L3,Tweet
90ca3501-ed44-4fc0-9c41-6f0caf2141a6,L3,Tweet
90cb85a9-431a-4255-b382-ac438ad4c1cb,L3,Tweet
90ce03a7-4113-4c97-b8a6-dcb168c0118c,L3,Tweet
90cffa45-aa02-42ea-8dee-7341e1cad03a,L3,Tweet
90dfb640-16a3-4114-baf4-68b7a291b204,L3,Tweet
90f3ccd9-a5d5-4b26-bc8a-c5375cafd65e,L3,Tweet
910553dd-824d-4bd8-987c-5b6b064220d5,L3,Tweet
9105c1be-5362-40b7-b8e5-b081ab6da3d5,L3,Tweet
9107af1a-8d0d-4e71-a9d7-7d3e08c7d8a6,L3,Tweet
91093cdf-b417-4d7f-82d5-da3ae7bddc1f,L3,Tweet
910a310e-cf6e-4a2b-aa47-cc46e3ee0705,L3,Tweet
9110695c-c8fe-4cf1-b6b2-6d935599c769,L3,Tweet
9143904c-794f-4800-875b-021a58ca3a40,L3,Tweet
9145e8a8-66c8-4f69-80db-51e1838d027b,L3,Tweet
9147f379-4c3f-482a-95e1-25265975fe61,L3,Tweet
916d7cb8-301a-455a-b2ac-7982d17828e9,L3,Tweet
916d8c3b-7096-4af1-affc-45b556e2d4e9,L3,Tweet
917baa14-bdeb-41c8-956a-032e0d0e9937,L3,Tweet
9188330f-d59f-40ce-b60c-4545c85818b7,L3,Tweet
91893b2c-f7b1-4459-a07f-70baa47da96a,L3,Tweet
9196aa30-7e50-4c29-9173-7bde9dee4c1e,L3,Tweet
91a02e70-a66b-4abf-a261-1c7b38f806b3,L3,Tweet
91a3b052-7ed8-47d7-91fd-19f7308b736c,L3,Tweet
91cbb8d7-ab5c-4aaf-a4c3-a756809da7ae,L3,Tweet
91cdc7f4-c889-4821-a2e5-7d1a1f40dc89,L3,Tweet
91cf4fba-96e1-4810-a4b5-e4b7990f1449,L3,Tweet
91f36dce-17c7-49b3-9342-a60ede39acde,L3,Tweet
91f701dd-9a10-47bf-bdb6-2356d276ba71,L3,Tweet
92016ec8-136e-4e54-a785-d0e53ed8d800,L3,Tweet
920edeba-c28c-41ad-8010-f3aecf5633c0,L3,Tweet
92108bd0-2286-4f2f-ace7-22bb2a37a436,L3,Tweet
9219f9d4-5206-498d-a2b7-876a963ad5b7,L3,Tweet
9223e996-b7b4-46f1-a377-c4b650fa1f5f,L3,Tweet
922e6870-d150-4b29-be99-9e899bc71e63,L3,Tweet
923ba798-0b9a-4f89-97b5-a1f6902752c5,L3,Tweet
9242b115-9700-4fd9-bdce-c418f4d7557f,L3,Tweet
9246b0d0-9b77-4872-a172-7cd14dc27570,L3,Tweet
9249c7ef-b41d-4c3c-a5ad-c316bc724e91,L3,Tweet
9256a496-ba04-4fd5-9d4e-f2838cab5441,L3,Tweet
9256ba42-3f50-419d-b91b-bbbd891f6cb7,L3,Tweet
92619ac3-db7a-48e1-a954-21f5a12e8989,L3,Tweet
9268a656-3064-460b-a24b-c061d035caac,L3,Tweet
9279dc77-47e1-4661-8a11-e0c7ab78c38d,L3,Tweet
9282af94-ef44-4bd1-bb91-8c7cff979981,L3,Tweet
92856947-cf94-4662-99d1-6f31eceeecdb,L3,Tweet
9286ab80-fdb2-4139-94d9-4290b6785b4d,L3,Tweet
9288c31f-b588-4f14-bce2-d7d4d3c28048,L3,Tweet
92937229-d16b-4486-9a00-8694db9b9fc6,L3,Tweet
92942523-3811-4368-a368-85c8292844d2,L3,Tweet
9294591b-ec13-40f7-a58d-30d5f87d6320,L3,Tweet
92949028-5973-493d-ac77-13ca9ccede27,L3,Tweet
929d359d-cce1-4846-9fa5-bd3dd0c46926,L3,Tweet
92a274f1-7173-4b42-9ed5-d6b188a3519b,L3,Tweet
92a806bf-b160-463a-97e6-19fa5f1df98a,L3,Tweet
92af2727-0c72-43da-af58-181de5b83e0a,L3,Tweet
92b042d4-6b11-4930-8860-3472a3cd914f,L3,Tweet
92b085e6-e641-45ff-b1e1-a29b64119230,L3,Tweet
92d12213-df99-44b7-ae94-6a0be1630ad0,L3,Tweet
92d32ca9-5b39-458b-8796-1009fe1c2465,L3,Tweet
92d36356-697e-4873-b248-b4930f0d72c2,L3,Tweet
92e0eda3-f1d7-440e-a487-7bbd2950b8f9,L3,Tweet
92f243bd-954e-4052-bf4f-afd36cdfbb55,L3,Tweet
92f7ad3c-8547-45ce-a386-35e0e8bf201c,L3,Tweet
92f887c7-f7be-4fc0-9c46-3be8e406809b,L3,Tweet
9304eac1-52e5-483c-856d-7ddae40f3a8b,L3,Tweet
9324cead-9a9f-44c4-9dd0-47d60a5dae9c,L3,Tweet
9328e36c-bd08-4543-9cae-91e3a309a32d,L3,Tweet
932c74ed-1ef6-4015-965e-a25c42b4e69b,L3,Tweet
93487aed-ec21-4b31-b239-25ab7baf451b,L3,Tweet
934978af-905f-45ea-8db3-70ebb9364286,L3,Tweet
935443ec-68b3-408f-9ec5-a268b2c84a4c,L3,Tweet
9355760d-2973-4286-8e9f-d54febd6caa8,L3,Tweet
9358fce4-b9a1-4e4c-9550-626967397683,L3,Tweet
935ddbc0-d585-4117-9a51-0b28365a4aad,L3,Tweet
936107b3-a47e-49fa-ae80-3656cceeeff9,L3,Tweet
936da9fa-9119-4f47-af71-c1c528715a83,L3,Tweet
93729837-cc6e-497d-b1db-578b5311a541,L3,Tweet
937cbe51-bb7b-4753-8947-7b835c86c33e,L3,Tweet
93836747-e890-4f23-921a-a52b62e03b74,L3,Tweet
9390c078-6255-4f91-97f7-3bbd9369a833,L3,Tweet
939a414e-a986-407f-9850-cb4b3f595398,L3,Tweet
93a2aad3-032e-44c2-80fa-f1bb8744fbb6,L3,Tweet
93a43dd9-5ddf-45e8-82a9-d4fce2fb9959,L3,Tweet
93af1071-7d76-4215-8c5b-f077b3545d2c,L3,Tweet
93b0308a-d30f-4d73-b0a8-a3f3d5c568ab,L3,Tweet
93b44988-bb86-4e50-a062-72163ea57026,L3,Tweet
93baa203-63a0-44db-b465-d79b06bdac9e,L3,Tweet
93c25a28-3838-4ff4-b814-05897a26fd06,L3,Tweet
93c7a0a4-b844-49b7-9c9c-7701b4876482,L3,Tweet
93cda619-cfd8-457d-8e61-be2454fa4a7f,L3,Tweet
93d5dc32-f445-4016-8c46-05f19d10a51b,L3,Tweet
93d9283c-0370-4611-885f-4969a6d5774f,L3,Tweet
93dca04d-c834-410f-a287-84787972aa96,L3,Tweet
93e7ae0d-eefd-4d9f-a40b-410a63f68281,L3,Tweet
93f23cc8-7cad-4cdd-b002-4a08c224fe5f,L3,Tweet
93f53602-a4b0-451a-8c4d-296cb4891103,L3,Tweet
940f40cd-5d62-487c-ae2e-f8096e772a4a,L3,Tweet
94152004-92f6-4619-ba5c-00e030090106,L3,Tweet
942bceb5-3e67-47e4-b4c5-d6621ccc3025,L3,Tweet
942e55cd-9593-41ae-8193-b54453bd6fde,L3,Tweet
9434e53c-f133-415a-a5b2-8488a1439e9e,L3,Tweet
943d1b5d-675d-4912-9149-8343d594abe4,L3,Tweet
94496b94-4e9d-4e1c-b025-ed0a3ed93b20,L3,Tweet
944e53d2-28e2-48ce-a3d5-887bb6b3d8ad,L3,Tweet
945d055f-b619-44d8-990e-aa3d8a393cb0,L3,Tweet
9461a583-7d41-4434-b450-4a7f3f64c0bf,L3,Tweet
94826fa2-6f3b-4a94-a37e-7357be82e9d6,L3,Tweet
9482aba9-bbef-4e31-8563-4e0bcaf17f0b,L3,Tweet
948dd537-0708-4d86-826a-af758b9942e8,L3,Tweet
949315a0-6d3d-4ed6-9f56-7762f47ad929,L3,Tweet
949e166e-3f1c-4886-bdbb-701f87ae7a42,L3,Tweet
94a5df6b-2695-4009-81b7-7909ece433e4,L3,Tweet
94a6e0a5-aeb9-4f93-b75b-3f09fdda4268,L3,Tweet
94b47e6a-2628-4636-8041-1176c968ef13,L3,Tweet
94bcfb1a-021f-4041-993e-58b34e8adad0,L3,Tweet
94d029db-bff9-4269-b167-719a954ce9af,L3,Tweet
94de59ea-d90d-49fd-b2c6-75528c8a081a,L3,Tweet
94de6284-5785-4580-9f79-5f7b623a876e,L3,Tweet
94ed1d0f-e49e-4cac-8b6d-ddfd0a290144,L3,Tweet
94ed91d2-6f81-4b98-841e-45d80f45913d,L3,Tweet
9500dee5-ef07-408d-a873-6896f34b5d1e,L3,Tweet
950be06a-35ba-495a-9ef7-f89b3c07fecd,L3,Tweet
95121b55-43d0-4ca9-93cf-6a50b873c629,L3,Tweet
9513245d-85a7-489e-bb92-54420e98fe8d,L3,Tweet
95137f63-88eb-4e7a-826a-5840ec0d6728,L3,Tweet
951bfa19-4bd8-46d0-b4bb-7ec72406764a,L3,Tweet
951cf746-bdae-4e18-8b7c-67879b908344,L3,Tweet
951fdfe4-705b-4d2c-aaf3-462268fff084,L3,Tweet
952551ad-bfba-4d1d-809f-3aef5a546b19,L3,Tweet
95353251-315b-4dd9-baee-001bfbd8ca5f,L3,Tweet
954bf673-6f3e-4976-a18a-4a17fcd97336,L3,Tweet
955bae86-f145-4361-b745-ee9654251758,L3,Tweet
95626dd0-f4a7-47ca-b4da-fa12fcec7df4,L3,Tweet
95836dfa-581f-48ce-84b3-113cfb08fd48,L3,Tweet
95867810-9219-4826-b025-9e7cab8de9d2,L3,Tweet
958b4ccf-d571-4773-8d51-de5583e738d0,L3,Tweet
95944326-beaa-41ff-a0ce-57742eeb4a3d,L3,Tweet
95a16c09-c8d3-4ab6-961e-fb3abaa8d171,L3,Tweet
95c3d009-76d3-4076-86aa-0b2ee9135542,L3,Tweet
95ce2e95-0aa7-4da1-bfb9-fadc260b683e,L3,Tweet
95d6ae75-02f8-4def-ac6e-9ddb9276f407,L3,Tweet
95e458b2-0129-445f-8401-8bf8741683ac,L3,Tweet
95e8c199-fe7f-4187-9f50-a86738c94847,L3,Tweet
95ef0db1-1054-47a6-9fc9-534ef17f3d56,L3,Tweet
95f37e07-3739-467e-a9ec-4c725a9d24c2,L3,Tweet
95f9cde7-989f-4c83-9554-58730fe9ddef,L3,Tweet
96146c15-b553-4921-a7b1-016f9337f809,L3,Tweet
9615cbee-6304-4141-8158-a277fe14467a,L3,Tweet
961acca2-3fc4-47b0-b2be-dc8deab9fd8e,L3,Tweet
9631d431-f6b6-4e4f-88ed-f0ddbe99b30b,L3,Tweet
963d4ad2-fcc9-4b3c-b83a-2a954fefeb76,L3,Tweet
963f59f1-dd5f-4623-923c-1dbe5dd7232e,L3,Tweet
965d1f0d-e667-46f5-9a75-53b1c1170169,L3,Tweet
96696d47-7d60-4712-8dcb-09ac0b9eecfb,L3,Tweet
9679e094-6d53-4d43-9bfc-e2e439466184,L3,Tweet
967b36fc-3aa3-445d-ab86-e8fa7e74293a,L3,Tweet
96912311-eb94-46ff-ba7a-d38b8e6e1694,L3,Tweet
96939d56-bfa3-4be8-af1b-255990af1f48,L3,Tweet
96ac7135-601c-4079-85f5-8c3d50da2769,L3,Tweet
96adbf10-ab6d-4cc3-bace-52b6d23c017d,L3,Tweet
96b1534d-6b11-4e98-869b-85c36bdae155,L3,Tweet
96b1b73b-5e82-4e49-91e5-2960f2a3ee22,L3,Tweet
96d2183e-d0c8-46c9-b0a8-0aabde4c04a2,L3,Tweet
96d3cd52-6ec1-4a7b-b4ec-9cad4bec17e2,L3,Tweet
96d78086-847d-4fc7-8b8f-574ce85f2010,L3,Tweet
96e76954-8d0e-418f-ac18-8404c62d4928,L3,Tweet
96e7e065-97cf-4215-a1b0-974d0c98ec40,L3,Tweet
96f74b64-e9af-4b2f-8953-fba39692624f,L3,Tweet
970116b9-b59c-4149-abf5-ba5426a8e7cb,L3,Tweet
9703e436-26d7-486f-8377-e4802c09627d,L3,Tweet
9708109e-f69c-43f4-add1-0f9dedd2d9d3,L3,Tweet
970b8231-b948-4800-b0cb-edc2e64673ac,L3,Tweet
970f93c8-6fb9-4c26-a0fe-2a06e0cbc0bf,L3,Tweet
971974f4-778e-418b-aa2e-3c4da1bfc933,L3,Tweet
971cee96-e1ce-49f7-86eb-ff93e2dd97ec,L3,Tweet
972be2fb-430a-4d27-891d-9d95cb774550,L3,Tweet
9733700c-ea9c-4481-851e-792a52a5ae5c,L3,Tweet
973697d5-5266-4aaf-b596-dfcb77735104,L3,Tweet
9739889c-6af3-4435-ade5-b9ff0aa2c8c7,L3,Tweet
9755888e-63e1-4cf3-92de-5d1a39610ce5,L3,Tweet
9756c11d-6f03-48f1-996d-157592685f47,L3,Tweet
976318c8-5f99-446a-af23-b940fb42383d,L3,Tweet
976c42f9-c202-4985-b963-d5e4fd96a728,L3,Tweet
9776d50e-688a-4763-b625-c95be9ef2612,L3,Tweet
9780e85e-3d4b-4578-9060-c8409c58a9c9,L3,Tweet
97810694-eadc-4f72-beea-74a979bbf95a,L3,Tweet
9788afb6-d275-4ca5-8951-7ecfb1516c13,L3,Tweet
9792738b-c34d-49d7-a17b-385c6fac7e4f,L3,Tweet
9799c38d-5d63-4639-8659-4fff65909fad,L3,Tweet
979e4df8-ad22-473b-9eb8-fa5054d907db,L3,Tweet
97a23df9-02a9-4987-9504-907c096413b8,L3,Tweet
97b09b37-b6e4-4a2c-900f-d8a3a08655f4,L3,Tweet
97b76c78-8a97-4917-8df3-ff47bf83819f,L3,Tweet
97bccba2-a0b1-4b51-9acb-a4546f0d1062,L3,Tweet
97c0e3d0-2f7a-47fd-81c7-8a6fb1a59363,L3,Tweet
97c4a0ad-c2d3-4e00-a0b8-89a7eaf56845,L3,Tweet
97c7ec79-2091-4827-86d8-961a5ad02217,L3,Tweet
97cbe290-7d53-44b4-8ff7-24359385b667,L3,Tweet
97cee735-c42d-4705-98d9-64df25dac07b,L3,Tweet
97d0e09f-f507-4559-91ff-96e5ee4b0eb3,L3,Tweet
97d1f406-61e5-442c-8d17-5646034a2ffb,L3,Tweet
97ddbad3-67c3-48ed-a1bc-a0b64a5ef0ae,L3,Tweet
97e09588-af05-49c1-9ff1-b1c716c6784f,L3,Tweet
97e4c889-0b53-420d-ad39-2c68225b259b,L3,Tweet
97ed64c3-82c1-4b0d-b653-0aa7e362681b,L3,Tweet
97fe7fb4-8b27-4578-9cce-2f950aa30385,L3,Tweet
981c43c1-6221-4281-ae5c-1a29f7cde4ca,L3,Tweet
98245790-3d3f-4092-ac6f-75c2b7175cd7,L3,Tweet
9829d8b1-c121-4242-87bd-6d269eca8d3d,L3,Tweet
982c5775-c4f3-4056-bd7a-691a5b6e3244,L3,Tweet
98330a93-1d9e-4bc4-b38a-6acf99bbe580,L3,Tweet
98378e0b-efef-4e73-b8ec-72fe33eccd54,L3,Tweet
984266fd-c13d-4a50-a642-076ba0ccf37b,L3,Tweet
984e29b2-c998-491b-b4fd-e617e0a01c17,L3,Tweet
9856562a-bcfb-48a1-8d03-a415d2d3999e,L3,Tweet
9871618c-9710-4cc4-8e27-a9828c1e6a2c,L3,Tweet
987333d0-dca6-4892-838a-ba48ce660d9e,L3,Tweet
987d6e71-72ec-4e3b-94b2-14507d9dbfe4,L3,Tweet
9882fe91-04d6-426c-9453-9c933204b1e9,L3,Tweet
988348a4-3bb4-4f29-9e95-3ef869b75d6d,L3,Tweet
9895b02f-a5b7-4da7-8873-4eaff2d70cd8,L3,Tweet
989a6500-e176-4f34-8e64-271085f6382e,L3,Tweet
989fa7a4-31e5-4541-9ce0-77f8dde7ac00,L3,Tweet
98a0b8d6-6919-4e39-8484-59988bb5cfaa,L3,Tweet
98a54da0-38df-4d02-a213-8a1be00011e5,L3,Tweet
98b825b2-2aab-4e86-b0f8-39b52891ec52,L3,Tweet
98cd627e-154a-4976-90ef-5934d67ad405,L3,Tweet
98d6a4b6-e550-42ed-9c19-27f9a68f36ea,L3,Tweet
98d94660-8044-4f43-9a9c-4a5049d0ce28,L3,Tweet
98de0dda-b928-4d69-865d-6bdba1b6c9cd,L3,Tweet
98ecb3a5-7446-4851-851a-14d0ccb76bd5,L3,Tweet
98ecf81d-1856-4761-9bb8-1b249634095c,L3,Tweet
98efc2b8-69bd-43a0-913c-058bf6eaa915,L3,Tweet
98f2b71a-20aa-49bc-ad93-9a3c308f099a,L3,Tweet
98ffdaf0-ab44-4d4e-9b1a-05135be48d21,L3,Tweet
99045412-984d-46f9-86ef-d96686ef0c3b,L3,Tweet
99141359-018f-4229-8614-744a9ec08d22,L3,Tweet
992f7000-94d0-4899-b7e6-92448e972cf6,L3,Tweet
9930acc9-e97f-4e08-8f8e-8ee4161407d3,L3,Tweet
9936b48f-556a-448a-a212-ed25667892b7,L3,Tweet
993777bf-9d10-43fd-b3f9-0092c522840a,L3,Tweet
993f52d1-26e8-4249-88b0-114497c29561,L3,Tweet
99441f1a-df03-444e-a819-0950521fd81b,L3,Tweet
995111e4-08d7-4a46-99ae-b6446bbad48e,L3,Tweet
9953645e-079b-4f5e-a839-6575d18db863,L3,Tweet
995a2fe6-4fd3-4b45-b107-5d1769ec8c47,L3,Tweet
997849e5-a650-49af-9051-670e2a7a8d5c,L3,Tweet
997a873b-c9a1-40c3-8990-f00ebba6bda6,L3,Tweet
99890238-1609-4dfc-8039-4a3c63888465,L3,Tweet
99ad8cef-7ca1-4198-8ebf-76148b092a3f,L3,Tweet
99af9958-6062-445d-b8d4-3b4a91661d28,L3,Tweet
99b38f28-f9d9-4017-934c-e69b30a2225e,L3,Tweet
99c33458-1a99-41db-bc46-5797ff7329db,L3,Tweet
99d075b5-4795-4540-be10-8de5e2af925e,L3,Tweet
99e17a2f-ac31-4d12-9591-58b51b54ec2c,L3,Tweet
99e3cf2b-8fcf-488c-9739-9989a159841f,L3,Tweet
99e57c39-f40f-4499-8fed-da27841d5a3e,L3,Tweet
99f48f68-c8a9-4798-b553-ec5f633a64c4,L3,Tweet
9a021241-0534-4605-a0e2-09ca48300960,L3,Tweet
9a06a3bd-0a56-468d-a007-82b41c8f8980,L3,Tweet
9a0d5bde-a468-4f02-b1a2-d975338e57a5,L3,Tweet
9a1110d1-9d39-499c-985c-97537dec10bf,L3,Tweet
9a144b7f-9a1c-430f-8c53-0488d7acb7d1,L3,Tweet
9a1cddce-403d-4619-a4f9-9a133b08fea9,L3,Tweet
9a207844-a13a-40f3-a12a-ed8b0a53c966,L3,Tweet
9a31ac2e-2559-45b0-b957-7ab70b77b90a,L3,Tweet
9a4248f0-29c3-4f86-8643-a6f32b464c68,L3,Tweet
9a5219e0-7ff5-4aee-9ebf-f3b97a91c625,L3,Tweet
9a5f74a5-7fd7-426c-9879-45f138520f6d,L3,Tweet
9a6d356e-cdd4-49a6-9396-87c7ff37d480,L3,Tweet
9a708e0f-c41a-4bf8-a1fa-4fef158b8cb3,L3,Tweet
9a7c1491-054f-4826-b882-a4636686f966,L3,Tweet
9a7cb2ce-400f-402c-83a8-f8f7c0a1771f,L3,Tweet
9a7e41d9-1056-41e1-b9a3-30ab967f345d,L3,Tweet
9a8d4b9d-8957-40b5-9083-d73db4603918,L3,Tweet
9a8e60fd-e231-4d56-9a1e-782e8abf3b9f,L3,Tweet
9aa012db-f14e-4f8f-8bec-3939c8f4481d,L3,Tweet
9aa1a97d-3059-42f4-8a26-49eab522bd64,L3,Tweet
9aaa4ba7-3798-4bed-b2a3-bb72e4707935,L3,Tweet
9aae1560-4a77-4dfe-8782-065faf67f25d,L3,Tweet
9afdd591-671c-4ab3-a1fc-272366f9fc2e,L3,Tweet
9b036a6b-4a40-4ff5-bf6c-010f9ef23e75,L3,Tweet
9b07469e-a12a-469b-bfd5-636402e7c2de,L3,Tweet
9b18b08a-20e6-4a49-83c9-a49130f3753a,L3,Tweet
9b1c8abc-3449-4de8-be2f-098236fee0c4,L3,Tweet
9b1fdb5e-1f9b-4d8b-9058-9839f472d62c,L3,Tweet
9b25255b-d67f-43bd-a074-331583e94e07,L3,Tweet
9b3bc227-c900-4ee4-b31a-341a02758396,L3,Tweet
9b4457ec-0800-4520-b1c6-79e542ff114f,L3,Tweet
9b54fc59-e06f-47c3-b46d-4b14bffaa42d,L3,Tweet
9b5d0066-78d2-429a-802f-6154663956a6,L3,Tweet
9b681425-34ab-4fc0-bcf8-a7be3b72635e,L3,Tweet
9b6968eb-9efc-43eb-b685-b7fdd009a2e5,L3,Tweet
9b7c7457-ca16-4299-b412-794de1883a38,L3,Tweet
9b829d9e-4fc7-403a-a6f6-510835312607,L3,Tweet
9b8c1eac-68e2-4afe-b969-c198f9c90b3c,L3,Tweet
9b96156a-7130-4ba8-ba41-37a47abf1583,L3,Tweet
9ba503a6-e9b7-4f79-ad81-f91eea632d50,L3,Tweet
9ba6715e-42c0-4782-a594-aa27224b72ed,L3,Tweet
9baae83b-080e-424e-9645-f9d6a41bc9df,L3,Tweet
9bac871c-8afb-457e-b247-2bcf67729eb3,L3,Tweet
9baeeb23-6e81-4814-9cbb-31a07d458487,L3,Tweet
9bb06588-a76a-4cb3-86e9-15968c32fe7f,L3,Tweet
9bb15b9c-00ee-4f3c-bf56-a20d8e70351f,L3,Tweet
9bb7324f-ba3f-4a0f-8387-d09c7c761f01,L3,Tweet
9bb7f811-5717-4913-a4df-f9b80b44e86b,L3,Tweet
9bc1620c-01db-4bdc-8053-a805e5fac7d8,L3,Tweet
9bc49302-7a48-48c0-bc75-10478d39de7e,L3,Tweet
9bdb1beb-bc0e-4cef-ab03-bf05669c4f6a,L3,Tweet
9be10050-b40e-47fd-b86f-a56058cdbcee,L3,Tweet
9bf78f0b-86cd-483b-913c-cf5a3f9e0af8,L3,Tweet
9bfa4985-cd46-4b6f-872c-838a34fef651,L3,Tweet
9bfcaac2-65ef-42b7-88bc-a3804454107a,L3,Tweet
9c12eab6-672e-41ae-8c44-a9ee4a4dd26a,L3,Tweet
9c1b4807-9e1e-4f01-857f-fd4b18b2c6a3,L3,Tweet
9c1de4a9-aba7-4aef-a9b2-fed46514101a,L3,Tweet
9c37b581-00b6-43dd-a0a6-77f9c03eb0a8,L3,Tweet
9c3b4be7-7c25-4a2e-9b74-15a4fc40cca6,L3,Tweet
9c4e78b4-b1e6-402b-a9d1-9b9d01eb5131,L3,Tweet
9c4e8229-07f0-47e5-a46c-481b68713262,L3,Tweet
9c4f1272-f5d1-4b89-96e9-10eaf1dd477f,L3,Tweet
9c523490-4a09-40d2-8069-115a15d5e3c2,L3,Tweet
9c593b0c-4751-4f2d-968a-81ca58b65784,L3,Tweet
9c5a8583-c865-45df-9240-708e6cd91f89,L3,Tweet
9c5b60ba-458d-45d2-8e7a-27b70b8f8521,L3,Tweet
9c5f00ec-6080-4a86-a489-46c41378518b,L3,Tweet
9c63c387-101a-41ab-8af2-68395f8d64d0,L3,Tweet
9c66dd68-7d7c-43f5-8f70-9c02977057ea,L3,Tweet
9c698ccb-ecd9-4b5b-844c-046771df00ce,L3,Tweet
9c6a69c1-c87b-467a-a231-da4437f671d7,L3,Tweet
9c7d7f1a-71fa-486c-82b5-40e103d03baf,L3,Tweet
9c991546-0ba1-45a7-9023-dd8ab380c2fc,L3,Tweet
9c9bc003-2ea9-4b1b-ba26-a27a0da9a536,L3,Tweet
9cad48e3-d42a-42ad-bc7a-a9362639290f,L3,Tweet
9cad5b3f-d39e-469a-ade4-36f216c33031,L3,Tweet
9cc0f1ef-8773-43e6-9c52-0b8f2ec9502f,L3,Tweet
9cc29bf2-08c2-4ec4-b555-89dd414d3e01,L3,Tweet
9cd0101d-38d1-49af-9626-5bede11a8ef2,L3,Tweet
9cd62c9d-63a9-43e2-be7c-9a594d63ab28,L3,Tweet
9cd66c3d-8ffb-4d16-96c9-b852d5ed3fd1,L3,Tweet
9ce5f624-1ae6-40dc-9aa5-f8ff6c0db120,L3,Tweet
9ce7c75f-cc13-4b1f-a0bd-3106b1e9fac9,L3,Tweet
9ce915e4-df68-4a95-a80f-6fe27e9eee2e,L3,Tweet
9cecb870-25bd-4aec-9e6a-a6f090477081,L3,Tweet
9cfdfd51-fe51-4206-a7c2-a4b845a395b0,L3,Tweet
9d03e0e6-2cb9-492e-8552-f19b5491ee13,L3,Tweet
9d05e6b8-c45c-4c83-ac54-3c949ec9cfba,L3,Tweet
9d092b41-2824-481c-938c-7af65b08fab3,L3,Tweet
9d19ad20-94cb-4582-9ca3-daae90ee28fa,L3,Tweet
9d1df661-b512-44ed-bc4d-c7b4e340004b,L3,Tweet
9d26b6c9-fe99-4a8c-8508-8820ad206b3e,L3,Tweet
9d338ef7-5d08-474b-a64e-0bd54568a547,L3,Tweet
9d39458f-aef9-4a93-bb80-c1a7b920d75c,L3,Tweet
9d431a90-c253-4bd4-8cff-5f6519256ee5,L3,Tweet
9d432d94-413a-4535-a0e5-6c2de9cab31a,L3,Tweet
9d4c9359-3ce2-40a5-9048-89a24e7f6842,L3,Tweet
9d4edc84-0c88-4b28-bec7-4ec43d15100d,L3,Tweet
9d50175e-31e0-4226-a3a0-5a7edb4090e4,L3,Tweet
9d58deef-5b56-43fd-8d2e-ce51d19eb074,L3,Tweet
9d596be4-ad12-4be1-afe3-8be86fda1a76,L3,Tweet
9d608a63-7608-4896-ad58-113bccd233c2,L3,Tweet
9d6488fa-9326-4e27-9fc2-dbeb95333c92,L3,Tweet
9d885e77-8f51-481f-9cb3-62eccc7d9221,L3,Tweet
9d92715c-d3bf-40f6-a9a7-44c9f4f864a5,L3,Tweet
9d9d82f2-969b-4799-84dc-5aa9625b88b4,L3,Tweet
9da6c585-3d40-4ff6-86ab-0d68ad76bd04,L3,Tweet
9dad091e-8e97-4170-9172-63603786e363,L3,Tweet
9dbe588b-a19e-49f2-92c0-c70f41cfb02e,L3,Tweet
9dcc7d1f-3c25-4fad-a8da-f17d0e72353f,L3,Tweet
9dd52b6a-0971-4f29-9d6e-5cccfa6f37ab,L3,Tweet
9dd7c9bc-22fe-477b-8dbf-292d854d2f41,L3,Tweet
9dd8bfac-eba1-488a-be7d-791dc47f3b56,L3,Tweet
9de2e756-dfb5-46e1-a3fc-1620cfbaf1ea,L3,Tweet
9de426cd-7dd6-4039-9d72-aab60b5bfade,L3,Tweet
9de58593-0b44-4f6b-af93-48b911e27758,L3,Tweet
9e0e3888-81a1-4ffa-8678-5163b87d7a34,L3,Tweet
9e100a69-eef9-494c-84fb-48589a96e8c3,L3,Tweet
9e115ef6-16e6-4501-9708-25a13e43b1fa,L3,Tweet
9e17bf33-1bcd-4b3e-a6a0-badca10e2129,L3,Tweet
9e1ab0f7-04ed-49e5-bde1-b67d32fc1418,L3,Tweet
9e1c7cbf-64ed-4689-a46f-ed88a88df405,L3,Tweet
9e1fd112-553c-4f11-b76d-0ee015077153,L3,Tweet
9e232568-e03f-4fbf-be98-d44f2e9a55fe,L3,Tweet
9e32a642-a2e8-40ac-9591-1c6d2d452a83,L3,Tweet
9e33bd88-652e-48d0-8161-d74ed986237d,L3,Tweet
9e3b70cb-dbc5-4ca9-90b2-1a1cdc7505d0,L3,Tweet
9e4b2134-9a54-4725-9ac4-aecea6ef732c,L3,Tweet
9e4eaf35-97bb-4905-8e01-1d0e32c190f7,L3,Tweet
9e553c02-6957-4086-adef-960c1d91aba8,L3,Tweet
9e628c07-792d-47d8-82da-ab6339ee61e0,L3,Tweet
9e79baad-eed5-4f67-b4cf-571fc983b046,L3,Tweet
9e7fc5ed-2c8c-40fb-809b-0e530e093ebf,L3,Tweet
9e86f94c-5700-44a0-b982-530d6f53d26b,L3,Tweet
9e878023-35b7-42c2-a7d0-c9897d0b3003,L3,Tweet
9e8811f6-10f9-49eb-897d-956f8d42b020,L3,Tweet
9e908369-6f5c-4d58-96ff-e98c5704e213,L3,Tweet
9e9e2e1e-5b5f-4a6e-9725-bf864a962091,L3,Tweet
9ea05944-5d6a-48ae-aac6-6e8e12f07944,L3,Tweet
9ea7d6d0-735d-4ecb-ae1b-a73a0b16e3d6,L3,Tweet
9ea868a3-545e-4615-802b-0915a3906d0a,L3,Tweet
9eb1a7db-75fa-4539-a9f7-edb3635580d8,L3,Tweet
9ec865b1-6c61-4a4a-b64b-9804f8ad5063,L3,Tweet
9ec944a3-0bf6-4d83-a178-0bfb045cc924,L3,Tweet
9ee5818c-aab1-4b4f-81c2-6b057845247f,L3,Tweet
9ee67f95-c7b3-47a5-ba9d-265d58e968d9,L3,Tweet
9ee8f4c7-1d6f-4c2a-b548-eae3096acf1b,L3,Tweet
9eee00b4-e789-4bb4-b457-7099653df116,L3,Tweet
9ef1155b-1650-464d-89ee-243ad806cb8c,L3,Tweet
9ef66ad1-1b3b-4d38-9368-ca33713def9b,L3,Tweet
9f0c80a1-c149-4d81-8ac5-72e7bc786e76,L3,Tweet
9f11388e-f4d6-488a-942a-82e6ec17872a,L3,Tweet
9f132408-5e4e-470c-8fe9-7298594aa4a4,L3,Tweet
9f141c0e-107a-4a12-9712-4655bbab7890,L3,Tweet
9f18e967-f6d4-4693-911c-36246f4083c1,L3,Tweet
9f19cfa2-d899-495c-b167-81a0fa9d2eea,L3,Tweet
9f1f1e0f-25c2-4a1f-807d-291da69256a3,L3,Tweet
9f252272-dfa0-4e9c-bf61-5c3dad562e7e,L3,Tweet
9f289e10-3c2f-4c51-9d04-ceffe75ec580,L3,Tweet
9f35f5f8-3aab-4c26-9842-13699b6c68bb,L3,Tweet
9f3b3db3-2392-4adf-a544-499c3106a46b,L3,Tweet
9f49eaae-f8c1-403f-827a-b49c9efdee71,L3,Tweet
9f5bfe8c-90b8-4c1a-9f12-effef4d85cd7,L3,Tweet
9f63883e-b712-4ea4-b602-2208dcc8d6bd,L3,Tweet
9f63f498-869e-40f1-994e-2a2068b9490b,L3,Tweet
9f64f8ed-34b0-4eac-b1f0-9d93a437fcc0,L3,Tweet
9f76fdc4-3370-45d3-887b-1fc5a8f59278,L3,Tweet
9f7a1300-b9c2-4265-a137-f6140bd342f0,L3,Tweet
9f81b4a8-f3e9-491d-817a-f9a17a03325d,L3,Tweet
9f85b4ec-9175-4450-9489-aa63b5fb5b24,L3,Tweet
9f8abb6e-bb91-44ef-943b-938412bf3a23,L3,Tweet
9f8f2d66-24f7-41c7-a86e-284567664196,L3,Tweet
9f96a03e-10ae-4792-8143-5d907ecf3fc5,L3,Tweet
9f9dce29-526f-4077-9934-a4b2847f2ec0,L3,Tweet
9fa0bef1-ca4b-414c-8454-8727691f7559,L3,Tweet
9fa675d8-fbc4-4289-894e-e4e604a918af,L3,Tweet
9fb0a156-8791-41d4-9695-5584bff13ff7,L3,Tweet
9fb7a2d9-d27e-4f12-85b5-211a0f19bfd9,L3,Tweet
9fbe82cd-8089-43a8-824a-3845818b90c5,L3,Tweet
9fc0f8d2-67e8-4368-ba39-c6198efe246b,L3,Tweet
9fcf363c-4db3-4704-94e1-3887229c1d77,L3,Tweet
9fe54fd5-5fd8-48e7-8e6f-def55a7f754a,L3,Tweet
9fefa0ef-d5b0-4ed2-acd6-1d03fe1e843d,L3,Tweet
9ff1c537-b844-4fc2-bdad-f7a18afea141,L3,Tweet
9ff89985-dada-4207-ad87-fcc23502112b,L3,Tweet
a001e641-f3eb-44e3-95b3-696fb6fd4c82,L3,Tweet
a0022938-b272-4be7-8f26-b18da2643ea2,L3,Tweet
a013d541-07b9-425e-9f1d-a4940d0c228a,L3,Tweet
a01539e6-7ad5-4745-a8e5-82f4d30a93a4,L3,Tweet
a01ac811-6bcc-4cbe-b274-cfb2d14a6436,L3,Tweet
a022d640-6276-48f0-9c5f-23b77d952f3f,L3,Tweet
a02dc645-259b-4be4-9380-d8af5749e8d6,L3,Tweet
a03576b5-989e-4719-8389-790878dbabdd,L3,Tweet
a03f71d1-2036-4a2e-b737-8950e60bad4d,L3,Tweet
a047a421-4b73-4d54-9570-6146ca12547d,L3,Tweet
a0518140-39b7-4144-9218-96ea67ac13f2,L3,Tweet
a05d6315-c6ef-48e7-9518-4bbef7fbedee,L3,Tweet
a062ce73-7346-4931-8f5e-e8871da18f6d,L3,Tweet
a0633bfb-ff9a-43b9-9bc4-63df2698d718,L3,Tweet
a066f754-dd60-4a40-afdc-04b0a0f8ddbe,L3,Tweet
a085bd37-003b-46c1-afde-b2ec8114927f,L3,Tweet
a0863a91-1852-46b3-952b-36bf543207cc,L3,Tweet
a08707f7-36ec-484f-b936-e8777a113b33,L3,Tweet
a08cb02d-8438-4fe1-b338-d2648cb2b823,L3,Tweet
a08ff252-64a4-4c21-81b5-73872dbe0a55,L3,Tweet
a092c094-e3b0-46a9-9112-6a69ee29f9ea,L3,Tweet
a092c4d0-e157-4644-8004-b8077100a796,L3,Tweet
a0945f52-9135-4dbd-b414-72b29f37687c,L3,Tweet
a0a176f8-4a3c-4446-9f28-19271a487be3,L3,Tweet
a0a5c571-63e3-44c2-9d4e-a7f9b19a8802,L3,Tweet
a0ac9cbe-a0cc-438e-9c1c-3698f8c68ec3,L3,Tweet
a0adab43-230f-44ec-8679-0af214ce038a,L3,Tweet
a0b31bbf-f596-4c01-bbec-c65f9122528c,L3,Tweet
a0b8cca3-0681-4874-9d3b-94d920a70e33,L3,Tweet
a0be11f8-228a-4e75-a3c9-baea164e6002,L3,Tweet
a0cacc02-5980-4fff-b50b-fcae8c46544c,L3,Tweet
a0cfaf56-b045-49ae-bd2b-62f777b8887d,L3,Tweet
a0dd9712-a4c0-429c-8f02-313a2d2f92d9,L3,Tweet
a0de3a75-1c60-4bce-bac3-5eaa445357a4,L3,Tweet
a0f1faac-eea0-4e2d-9481-60a3ec28f817,L3,Tweet
a0f36890-3232-419b-800a-15cb18b95b63,L3,Tweet
a0fa0358-d5ba-4170-81fb-bdae4a3512ec,L3,Tweet
a0fb3c1f-576f-40b9-8812-2f4e9987be94,L3,Tweet
a0fc9e4a-5c9c-496c-bb1c-eb2a443f7735,L3,Tweet
a1018cab-d9a1-4fd6-8696-18c6862a7863,L3,Tweet
a1063e2d-aea1-4134-b9a3-88cf1472a07d,L3,Tweet
a107f016-5edd-45c8-916a-db2a26e11822,L3,Tweet
a110dada-87fc-431b-8e73-6177559988b8,L3,Tweet
a1257f27-a52e-41df-8a9e-968064485af4,L3,Tweet
a1334884-cb7d-4681-8190-a3c881c0f3ce,L3,Tweet
a13e10b8-4966-49be-bbe0-6f2bc9c6122c,L3,Tweet
a13eb7f4-9ef5-4a8e-914f-1eff0135a5e6,L3,Tweet
a1410d39-24ee-472e-8b47-d515d43db8b6,L3,Tweet
a144098b-9075-47a8-9afe-111c1f7fa872,L3,Tweet
a144f3b4-a739-45b1-b2f9-e826260e0c95,L3,Tweet
a14a058f-b7c0-4e84-8d3f-72c4edc6b66b,L3,Tweet
a14b1822-991d-4648-a006-8bef49c1ba12,L3,Tweet
a14ef7d6-3ecf-423e-8abf-853c5be4bc9a,L3,Tweet
a15ab39d-e407-413e-a5ce-6b06544d44a0,L3,Tweet
a15b0e93-67ce-4f99-8260-e758a4d460af,L3,Tweet
a15ebad4-42bd-43de-ac85-a7c4b0593c72,L3,Tweet
a1629d75-c9d0-46d2-877a-51022c80a65e,L3,Tweet
a167819e-9b61-409c-a5cf-a94c001b2bc6,L3,Tweet
a174e2a4-2dea-4fff-a64e-9f8cce97f854,L3,Tweet
a1769213-fb50-423f-8e04-e7a56d682ce1,L3,Tweet
a17d8c5e-fb08-46f3-9bd2-23e641571403,L3,Tweet
a181d8ca-7b6b-4338-90b4-c3b868b3164d,L3,Tweet
a18294b6-cdd9-4c8e-abc0-840bb9305aec,L3,Tweet
a18682c2-e78f-4b20-a66e-e62518e7efe3,L3,Tweet
a1a91a37-dbff-4cd1-83b1-3df479c68cbb,L3,Tweet
a1aba124-78e4-4694-b206-28e0aa4190bd,L3,Tweet
a1cb4c99-e036-4b59-86bb-d1ade7cc7c7e,L3,Tweet
a1cf26c0-a56e-4861-8fc9-2c06a6ccb74d,L3,Tweet
a1d3b5d2-9e2a-4085-a47c-9300dccee9a9,L3,Tweet
a1e90b3a-51f3-4ba0-8019-ee6396ce6fac,L3,Tweet
a1e91372-47fb-4868-bc7a-3f87c37ce8e6,L3,Tweet
a1eb7572-6687-4b89-9b1f-1e1adef2fa20,L3,Tweet
a1ee85c1-f145-4119-b2bc-11afff2c4779,L3,Tweet
a1faefa5-fc46-4bba-a79f-d9195ab54eb8,L3,Tweet
a1ffe649-2a41-4c4d-87d3-0978db598a92,L3,Tweet
a203c8b9-731c-4d35-98d6-1842875c572f,L3,Tweet
a20d4d21-9e13-487f-957a-12772be83818,L3,Tweet
a2121082-495a-49a4-bf82-3861a91efd46,L3,Tweet
a21291f6-6e19-4625-a640-28c0e8a41963,L3,Tweet
a217c4a6-b090-45ce-b921-7a4fb5947cb3,L3,Tweet
a21ab252-b863-4884-9ede-28c31272b028,L3,Tweet
a220dd39-74e8-45e2-9deb-6f2205aaa37e,L3,Tweet
a22f811c-c53d-4ad3-a92c-0f37f0f32804,L3,Tweet
a2389f53-3b1f-4f57-b250-3cbb71e4d338,L3,Tweet
a23aa41f-3d0e-4233-8e8b-3eaa1cf16ab7,L3,Tweet
a23cbbc0-5291-40c9-8e81-08319c172024,L3,Tweet
a23f3415-72be-4ee4-8463-35f29889e74a,L3,Tweet
a24277a5-e8c9-4f6d-81c0-1d3be1df0128,L3,Tweet
a2477573-70b7-4571-a015-329292a6466f,L3,Tweet
a24e813f-00e7-44e2-8681-807d8990b3f3,L3,Tweet
a25203e4-dd67-4144-bb38-2f85cc6ad132,L3,Tweet
a253b828-c9dc-44df-9478-0f4886b006e5,L3,Tweet
a253e7b4-65a7-49dc-97ef-3468d43b6ecc,L3,Tweet
a25564a9-1b2c-4414-aace-9cdc8a131c78,L3,Tweet
a255fbe6-d0d4-4882-803d-4f3714b1a20b,L3,Tweet
a25bc00f-a89a-4dd3-b0c6-00838ce32eef,L3,Tweet
a25c0657-8d57-4098-837d-d8e4538a5fe2,L3,Tweet
a25faa38-944a-412d-8198-a978a587ccc4,L3,Tweet
a266cbf1-0561-4843-828e-ee8e7e867ea5,L3,Tweet
a26c727b-3035-47ed-9725-951e9f9fb7b6,L3,Tweet
a2758dec-08f4-49ae-8fbb-1316bbd820d8,L3,Tweet
a27eb0cc-eb7f-450e-8743-90f42c26a425,L3,Tweet
a284592f-1d10-44b8-b1b2-cd963af1b1ea,L3,Tweet
a2848a15-16bc-4f52-9f50-b28c2584ecb3,L3,Tweet
a28635e1-dfc3-4e32-b14c-114889a6fe5e,L3,Tweet
a2888600-1a1f-419d-9aac-3fd088b4c97d,L3,Tweet
a29c11a1-f6b5-4a8d-afc1-f39047300327,L3,Tweet
a29dbf83-5b17-4b8a-bf9f-04f0fa58e086,L3,Tweet
a2a3ecd0-0ba9-430b-8917-b7ca23af8aa3,L3,Tweet
a2a9ce2b-9ae2-4089-9857-9a8f6cbfaddc,L3,Tweet
a2b23a99-4190-4965-bf83-f928992198c4,L3,Tweet
a2bdeac2-dee9-41ad-967c-5ef423acd70d,L3,Tweet
a2cf91c5-720e-49d5-bd6b-c7bad5459933,L3,Tweet
a2d46680-c520-4c78-8515-d5474f761a8a,L3,Tweet
a2d6a39b-3cf9-4cd1-b569-e10d4045739d,L3,Tweet
a2d9606b-99b5-4d15-9f2c-8d0a38a16a5d,L3,Tweet
a2ed8d09-8ca2-413e-9c0e-79b91ff958e1,L3,Tweet
a2efbfbe-393a-422e-a2f3-d578fdc1b9fe,L3,Tweet
a2f30a76-c110-4f03-a711-59d9c740b194,L3,Tweet
a2f836ce-7aab-4784-8f25-74d90bb38f9e,L3,Tweet
a306e65a-a7be-45e9-820c-7883f6239f1b,L3,Tweet
a3080cf5-eff7-4f9b-82e7-3d441355c37c,L3,Tweet
a327c5d7-8da4-4c90-90c0-2513287f1576,L3,Tweet
a3470c87-60a0-4931-91e4-11ca0419eb82,L3,Tweet
a34a34fd-ce51-4a0f-a418-74f8e9918943,L3,Tweet
a35fc268-048a-45ca-856d-3d5001762193,L3,Tweet
a36b79f5-e106-4eff-a178-94a04e4bf919,L3,Tweet
a3715739-88ec-4886-a1ff-f9daadd62a00,L3,Tweet
a3726220-cf59-47b7-81b0-3ee0c7f6052b,L3,Tweet
a37630a8-6389-44cd-b8d0-6708b4121090,L3,Tweet
a37e2d61-0bed-4d14-9f7a-8135cf2939d5,L3,Tweet
a38d06ee-1de1-4103-93d8-1bb09cc92b90,L3,Tweet
a38e8c5c-6153-4a75-b8b6-5df3895575e8,L3,Tweet
a39301b2-d812-4e5d-959b-780695fadf0d,L3,Tweet
a39d54ff-f11b-42cb-a933-6914e373333c,L3,Tweet
a3a2eceb-b87a-486f-9c79-a71159f97426,L3,Tweet
a3a91618-f43d-4d06-889c-4a5b10a577af,L3,Tweet
a3aadea6-12f6-48c5-87e2-b4618e3d9d69,L3,Tweet
a3b05c7a-b485-4655-b0e5-925406680e95,L3,Tweet
a3c37e71-e913-44e7-a0f5-7cf5b2cafde0,L3,Tweet
a3c697e4-f986-46e2-b5dd-651bdf846e30,L3,Tweet
a3c82c75-66e2-42a6-91a5-592fb77bbbf8,L3,Tweet
a3d83571-f6f6-47bc-8dd8-d6d9dcc97458,L3,Tweet
a3ddf053-d0ba-4fb8-90b7-6cb82a5d20f8,L3,Tweet
a3e542db-2eb3-4693-908e-2880788d9be1,L3,Tweet
a4080b44-7659-4c17-8f4d-afbef60293e5,L3,Tweet
a41324fe-df15-45ba-9bca-9fc0d28298b3,L3,Tweet
a413a285-2935-41c3-9d24-2f0683a9251d,L3,Tweet
a41968af-c3fe-4281-96a9-d5a63f622134,L3,Tweet
a419767f-2407-4a52-9bf8-df9ade5e4c2f,L3,Tweet
a41fd1b9-674e-4a8f-a552-b0173122934e,L3,Tweet
a42672b6-e9da-423d-9ceb-590cb297970e,L3,Tweet
a44748ab-2467-4f29-a4a0-2e8029e4cf33,L3,Tweet
a44982ff-1891-4ca5-9546-8d643dee14f1,L3,Tweet
a44a4609-67b6-433a-9d09-eb210d8e8ba8,L3,Tweet
a4614a6e-9a59-4b88-8e6b-96b8e3de4779,L3,Tweet
a46877d3-f194-42de-9e02-078bf8cc5cef,L3,Tweet
a46ad5e5-d1c7-447e-a010-702faa09c859,L3,Tweet
a4752a56-996f-4422-a3f3-dd17d1cabdf8,L3,Tweet
a47ae35a-833e-4464-bf0f-e15669e190da,L3,Tweet
a4801bcf-8c5c-475c-8912-f117eff565e4,L3,Tweet
a48b5877-4494-4da0-a0d5-88336dbebac1,L3,Tweet
a496965c-13d0-4b5d-a0e2-b893bc1218c5,L3,Tweet
a49f7ca7-e465-4dbf-bc3c-7555f7e02fe8,L3,Tweet
a4abc59c-4552-46d2-a9c0-9e6e1f64aac9,L3,Tweet
a4ad2715-8959-462d-abca-d4db522c9ac4,L3,Tweet
a4c284ff-e5bd-4678-9b49-ff3f3741a7dd,L3,Tweet
a4d4274d-2ea9-49c9-ae94-764d9dc060a9,L3,Tweet
a4d4d462-7002-44bf-aaff-13be3cf02258,L3,Tweet
a4f267e8-4ffc-4352-8202-9731b3731d6d,L3,Tweet
a500950f-4e01-460d-81da-844dbb62789b,L3,Tweet
a508483a-fc92-4b96-b9b6-8c929867f35f,L3,Tweet
a50944b7-227f-423f-b286-61d77b94d8cc,L3,Tweet
a521a02f-bb04-48e5-9be6-558bfc26d661,L3,Tweet
a52637d6-c47c-47eb-a4c8-2875c9aa2ec1,L3,Tweet
a5270676-f0bc-45bf-b45b-1342b4fa2aa7,L3,Tweet
a52ec8ef-3f07-43d4-8825-9307ba3f8392,L3,Tweet
a544a658-d798-4c25-8eaf-ec82b4a5fb3f,L3,Tweet
a55a2d88-184a-42c2-84d4-22778c0e65ea,L3,Tweet
a55d7e22-ebf8-4bb3-8c39-8f2b486c432d,L3,Tweet
a55ef957-0f5b-414b-b173-6f7a5885c7d8,L3,Tweet
a56b1573-b935-42b4-a80a-17b36d5468ef,L3,Tweet
a56c9271-3f53-489a-a90d-917b2d4afca4,L3,Tweet
a56d3c50-c869-45de-b6c3-079114428412,L3,Tweet
a57ab227-7780-415d-936d-26bae3bfb89c,L3,Tweet
a585a6be-1fe8-4e79-8055-5212a9ea638f,L3,Tweet
a58d786e-395f-4690-a36d-568e1b9c2e52,L3,Tweet
a5920a8b-2212-4ba2-aa45-387f679d14f4,L3,Tweet
a5960655-8a15-44f6-a00c-05ce69de3147,L3,Tweet
a5a2b431-e74d-4246-b8b8-5735cb1c9f91,L3,Tweet
a5a307a8-aac9-4e3b-bc29-df179cc3e486,L3,Tweet
a5a9a7ef-28be-47a0-8e71-5d6552dee5ce,L3,Tweet
a5ad3c9b-4d77-4788-ba27-d67d21c37040,L3,Tweet
a5ade7ef-e19f-42ae-99ad-03ef7791dff9,L3,Tweet
a5d61797-6120-4470-961a-ea4a34e9dabb,L3,Tweet
a5e7ea07-2d01-4fc6-b2be-1957b128a70a,L3,Tweet
a5e8d0be-32c5-4dcb-96e2-e0c4eaedd079,L3,Tweet
a5ec78e2-699d-40f2-81bc-1a189d4a58f9,L3,Tweet
a5fa0000-2f4f-4c37-9f87-da784c14ce16,L3,Tweet
a6006be2-2a5c-4117-814c-7e8e1c602a72,L3,Tweet
a614dff0-4d91-494d-b0d4-bbe103f7812e,L3,Tweet
a6173276-45d5-4848-bb91-dd0b4519726c,L3,Tweet
a61dddf7-c0c6-4e1f-89f6-db7c47ffbb53,L3,Tweet
a61e6c21-b921-49e1-bdd0-242f285f2f55,L3,Tweet
a62642c0-dff6-4fb3-abc8-e02bb78ee57c,L3,Tweet
a62bfa25-783b-4e1d-9a84-cac1cccf8a5b,L3,Tweet
a62f4cf8-2887-4548-9b3c-325778d4f884,L3,Tweet
a6341561-9736-4dd2-9bbe-d9f583ab50f7,L3,Tweet
a63cfa8a-95d3-47da-9027-716a1c188af7,L3,Tweet
a64f295e-d05e-4509-9df1-5b77af83a975,L3,Tweet
a6557e65-c271-47b1-9a87-2a39ad466059,L3,Tweet
a66a3ec4-5cdb-4738-9f40-0b7da2d47c36,L3,Tweet
a66a920e-675d-46c4-81a5-585cc3c50b22,L3,Tweet
a6703ebf-8318-4921-80d6-eb2a3ea6359b,L3,Tweet
a671ef0a-38ea-4dfa-93d6-64436cd608e6,L3,Tweet
a6727bba-83b9-436b-95c3-5150feef98df,L3,Tweet
a67f4a18-b688-4e7f-bfa4-70981b772f6a,L3,Tweet
a6861c1a-f6c7-4095-b46b-71b933451bee,L3,Tweet
a6898aa0-71bb-40af-a6ff-37c4b16dc396,L3,Tweet
a68a3ded-eec1-4fd5-9e5b-3cf912a357e0,L3,Tweet
a68c6396-48bc-476f-acb9-7c3614934374,L3,Tweet
a69145db-b31a-457c-85ea-9869e6f9cc78,L3,Tweet
a6964dc8-2aff-46f7-b8f0-7177ae66be87,L3,Tweet
a6988d9a-459c-4b8d-83e4-9c85fc925156,L3,Tweet
a6a0cc85-3fa1-4088-962b-5d6ed018ab3a,L3,Tweet
a6b2bf5f-bd9a-481d-98ae-800845de9133,L3,Tweet
a6b8e570-c1cd-40db-b618-39c42bbc50a3,L3,Tweet
a6c1273b-4636-491e-82f6-befe155160ce,L3,Tweet
a6cec71c-46db-47cc-8fda-a4e4136a9187,L3,Tweet
a6cef124-304e-4b7f-9d44-6f1afee3cbfd,L3,Tweet
a6da3242-deee-4d6a-a70f-4f5f590412b9,L3,Tweet
a6def2e4-4892-43ef-973c-276fbca2c5f2,L3,Tweet
a6ebbc92-f6b9-4857-ac8d-4b2d2d450718,L3,Tweet
a6ef8fb8-4fb7-47a0-854a-8cec3a59330a,L3,Tweet
a6f1a9be-b8ea-4d82-a90a-9191cdfb6f28,L3,Tweet
a71a7aa4-9f6c-418b-9851-dd263cdcaed2,L3,Tweet
a73e5208-bc95-4448-bb3d-e4248a819f9a,L3,Tweet
a7510074-52d6-443d-bffd-dd90f05298f0,L3,Tweet
a7548cf8-b498-4cf2-a02f-b954135be022,L3,Tweet
a75c5a4e-2453-4a68-8069-829f1e71f2ff,L3,Tweet
a75fb734-2cfd-4695-a567-1102888c6e05,L3,Tweet
a766bc57-b82c-4867-9b3e-c240d85871b5,L3,Tweet
a76770ff-392c-4f32-8461-414d5df2dce8,L3,Tweet
a777deb1-27d5-4892-8470-b8d3ebf9ad7c,L3,Tweet
a77c5cc3-7c35-44a9-b171-1e758d4c85fd,L3,Tweet
a79f6924-067f-41ba-85dd-b5edae22e2a4,L3,Tweet
a79fc090-41c4-4edd-bf63-c96eab1abb8f,L3,Tweet
a7bd5397-ec1a-4de2-aff2-67b5f2f0fef6,L3,Tweet
a7bf7966-21b5-4348-8cd9-e28585fcbb55,L3,Tweet
a7dc1be5-0907-4ed5-a930-d5d7d56cb2ef,L3,Tweet
a7ed8064-a088-48e0-b8d0-c7a52929f0f5,L3,Tweet
a7edf36b-ee12-44a4-8e5e-91c703db93ca,L3,Tweet
a7f40f37-0a2f-4b36-82d1-982576c55bc3,L3,Tweet
a7f89ce1-d3e3-4559-a6d0-a3ce29462cc3,L3,Tweet
a80d1a35-4f7a-47b6-9910-7520b27c0deb,L3,Tweet
a80f185d-41f3-45e3-a8f9-cb797bc46f57,L3,Tweet
a810049e-470a-4a0b-8543-6c1207b605fd,L3,Tweet
a811d24b-3ba2-463d-8cb1-dce44a86cb6f,L3,Tweet
a82379ef-01fc-492f-93dc-4f02c91f6942,L3,Tweet
a82b478a-05eb-400b-b628-e8273d38de09,L3,Tweet
a830f47b-d0d5-4537-893e-c7350863f69c,L3,Tweet
a8336940-f6f3-4cb7-adbe-3e4707de85e4,L3,Tweet
a833b51f-de73-4654-aaf6-19d16cf7ba64,L3,Tweet
a833f130-bb69-4bc0-b076-da5fddf19112,L3,Tweet
a8583836-837a-4582-ac89-ef04b04735cd,L3,Tweet
a860073b-575d-4db4-bbe7-cc294963d297,L3,Tweet
a8747a4c-6198-4d91-99ab-567bbf6403c0,L3,Tweet
a874d683-c054-480f-b093-e5ec3703ed75,L3,Tweet
a8794ef2-56d3-44e2-8587-a3f03f292625,L3,Tweet
a87b2f3e-573c-432c-8795-a3b238c61524,L3,Tweet
a883b8d8-734b-4983-bcf9-8523c278eb9a,L3,Tweet
a884041c-a27c-4b82-9b91-8dd50bb9cad0,L3,Tweet
a8865973-cfa0-4091-9adb-e98b8eee4df5,L3,Tweet
a8897bf6-2234-4997-b78a-25b0deffadcf,L3,Tweet
a891bea4-8419-4727-a61a-12f1a06ec249,L3,Tweet
a897c01b-6476-453d-9ba1-914e0c7fff3d,L3,Tweet
a89acb4a-2dd8-4094-841e-e13024a6772e,L3,Tweet
a8a31d12-6e6d-4b80-bc64-7cf4b772209f,L3,Tweet
a8afaa06-f6a2-4591-a340-94b6658a96e8,L3,Tweet
a8afe2c2-2c3a-4a09-9d63-a2279d5c1bfa,L3,Tweet
a8b5f264-85ac-48ff-a30e-eadda3e936c0,L3,Tweet
a8b71d1a-5672-440e-9078-f02d4345c791,L3,Tweet
a8bd8c75-8f06-4700-bfb0-e08d1e72eb93,L3,Tweet
a8bfa634-f299-4755-9136-025ee88bfc92,L3,Tweet
a8c9ae41-d9fe-4736-8546-fbe2bd2e8e69,L3,Tweet
a8dd33a6-b9c7-4bc1-98a1-70cef01887ff,L3,Tweet
a8e49e73-80ab-4d02-b4f4-ca5e9298f706,L3,Tweet
a8ed204d-7ef7-4cdb-bcc6-bad0ab36d3ce,L3,Tweet
a8f3af55-9178-4870-808b-0c552a84add2,L3,Tweet
a9085d80-391c-4cd3-94ab-5e1ba835e567,L3,Tweet
a90c809e-f074-43e3-b1e8-92a797875ded,L3,Tweet
a90ca37a-8057-430c-b410-7e89d3c3a1b4,L3,Tweet
a91fa1b2-730b-4fcc-b78d-35a42c8da9a0,L3,Tweet
a9217063-576e-4ec9-a9e6-d961e83c801c,L3,Tweet
a93f8f41-2440-41fc-a819-b80ddcaca32b,L3,Tweet
a942495a-9473-43c9-a429-5dc7d246bccd,L3,Tweet
a94dd4a4-e1bd-45a8-979d-b9fd35810fbd,L3,Tweet
a951d49b-fb53-4f13-81a7-42d23cbd4c59,L3,Tweet
a9521336-b8c9-40bd-ad9b-b743088baa03,L3,Tweet
a952fa03-d42e-4c07-8823-930abe9348ce,L3,Tweet
a955293e-0069-4fe2-9fb0-cf905f22c4ec,L3,Tweet
a9566c01-58cb-447e-ba56-76209d8ad241,L3,Tweet
a957f2f1-9b5f-475e-9a7b-aeda400b017e,L3,Tweet
a965f49b-be85-4cc6-89d3-3204cfa8c471,L3,Tweet
a984ed7e-91bf-46bd-aa87-fae5b12ca04a,L3,Tweet
a985ac76-c077-424f-a729-76920dd8a6c9,L3,Tweet
a9869b56-f496-4f44-b2d2-164d1a77c185,L3,Tweet
a991366e-4212-4743-8c39-1c5abf0d2951,L3,Tweet
a99fc7c4-2406-45d2-afb6-f51d7024282b,L3,Tweet
a9a0cf2d-f67d-4a90-8de7-fefa3c59ff1c,L3,Tweet
a9ad63a9-5abf-45c3-96ca-da78b3a380a9,L3,Tweet
a9b753ac-1a54-4458-ba10-80445c8e9015,L3,Tweet
a9b87ddc-a678-4d4d-ab9d-a5900ceecffa,L3,Tweet
a9d90f6b-3f85-4894-a072-23380086b60f,L3,Tweet
a9dabb32-56f2-4580-a483-0e92006abc16,L3,Tweet
a9e84d08-95e2-41c1-bdde-1b935dbb7186,L3,Tweet
a9e9f242-e9c1-4c08-b53a-331b94ebc3db,L3,Tweet
a9f043d8-ceba-4fdb-b5e4-b25c7d08ea0c,L3,Tweet
aa0074da-59b9-4784-896b-c3a6261ef806,L3,Tweet
aa03b2da-24ac-49b7-bd6c-145c3417fd2f,L3,Tweet
aa044be6-2812-464c-b7f1-78c933bf0d88,L3,Tweet
aa086899-7f58-476d-ad49-f86b89626681,L3,Tweet
aa174d2b-7dba-42cd-946d-be33eca6c84b,L3,Tweet
aa2cae60-7ade-49c0-b0ea-cf363153af65,L3,Tweet
aa558dd1-605d-4aa2-899b-6d952a93d128,L3,Tweet
aa590c32-4bcc-4745-b3ae-783fdff393b5,L3,Tweet
aa673858-4382-4984-ba3f-19f3d46f7394,L3,Tweet
aa6a9d2f-8d2a-4cc0-9735-09cc44c0f62f,L3,Tweet
aa6d2c16-8531-414f-b2c2-47b932f9d927,L3,Tweet
aa74e658-5c33-4951-a9c9-1ba63855a8e8,L3,Tweet
aa7792a3-de46-4e8e-b77f-72a21846c0b9,L3,Tweet
aa860123-5153-4ed2-90ce-df3d5613654a,L3,Tweet
aaa194ed-03b8-4cbe-a133-dcdcf99795a4,L3,Tweet
aab11b26-7db8-4025-be20-1d8e4993311c,L3,Tweet
aab7c409-ac7d-4ce9-a697-fded761e8d64,L3,Tweet
aabfe010-3fa8-44b5-a21f-e91648644c26,L3,Tweet
aac0c649-b8ef-4b23-a3bc-a2dc2f137e1d,L3,Tweet
aac1107d-e32c-47ee-865b-539489aabb68,L3,Tweet
aac555bd-aa76-4718-b735-f3572c08130d,L3,Tweet
aaca823f-6a49-4092-b237-e8ca7ff354ab,L3,Tweet
aad19c4e-f8e0-42e5-98a0-b35238db32e5,L3,Tweet
aad485f2-3d4a-40c8-8e40-03d427a2a714,L3,Tweet
aad7521f-8a22-4cfe-b533-6bdaed30f6f9,L3,Tweet
aad7a03a-13f8-405a-ade9-58cb26804384,L3,Tweet
aaebc3bf-82a7-4398-b791-125615568242,L3,Tweet
aaed6306-f78a-44d3-bc12-ece7e9d6ad7c,L3,Tweet
aaf36f55-9be7-426e-a892-2521aa9fdf49,L3,Tweet
aaf69e51-58c2-4ffa-8def-54153bc32679,L3,Tweet
ab1c4860-d823-4195-8606-adbc9df95847,L3,Tweet
ab1d32e0-7413-4b23-be85-058ae21ca58b,L3,Tweet
ab231396-aea2-44eb-b434-001a3e90088b,L3,Tweet
ab258421-1eb9-43c7-a1af-6ebf3e652f86,L3,Tweet
ab2d5c9c-dfcf-40a7-8f3d-83b4916adac2,L3,Tweet
ab2dd9e1-2e4d-481f-9b02-c3064af43433,L3,Tweet
ab2fada1-9dd1-4d65-88fd-88d885b07618,L3,Tweet
ab40b18a-822c-4ff2-9113-a9ff08882a13,L3,Tweet
ab4272a0-05c8-43bf-a875-45cb51bedaf2,L3,Tweet
ab4aa790-e206-48fa-9618-c11999f00b0d,L3,Tweet
ab696401-eec3-496b-bc7f-ebcec42e3419,L3,Tweet
ab71e25b-c5f8-460a-b35d-201ecd702d8a,L3,Tweet
ab78261e-0dcd-4ada-ad13-5849100706d5,L3,Tweet
ab986c3a-f3cb-4add-874a-591b1741f2ee,L3,Tweet
ab9c3a24-455e-42e7-a728-f3063dd7c6ee,L3,Tweet
ab9e78a3-4f0f-40ff-b0f3-9438d64a959d,L3,Tweet
abb0dca9-f25e-4f3e-8bee-2b683535382d,L3,Tweet
abb41a39-c3a8-4b2a-b84a-64036720068a,L3,Tweet
abb6c817-2e83-4bfc-a831-a38961d6cf4d,L3,Tweet
abb8db3e-ad95-4fd8-8ae6-304ab9f96e61,L3,Tweet
ac008f1a-317c-4206-bf2c-57eaf04f620d,L3,Tweet
ac04c1fd-b7c9-4ccf-a2ea-bec8060f3f4b,L3,Tweet
ac0e513a-b051-4d14-a910-390201a57621,L3,Tweet
ac1812ef-d3e7-47df-8c37-11113728729c,L3,Tweet
ac1a6f49-a156-4b7f-abe4-d8b4036d9854,L3,Tweet
ac266048-162b-477d-968f-b7c5df9a6c4d,L3,Tweet
ac276541-447f-469e-8ea4-5a9deaf3f6bc,L3,Tweet
ac50670a-cadf-4580-bba4-5799eb794e4f,L3,Tweet
ac5d739d-0e81-429b-99b8-aafa8658e136,L3,Tweet
ac72df47-f596-405d-a294-49d3bb44b8fa,L3,Tweet
ac7d5f3a-651b-4d9e-b5e1-f08a4dbd452d,L3,Tweet
ac7e84f3-9747-4720-a92b-ac93f01b3971,L3,Tweet
ac86a56f-068d-433d-a0d5-b0f0bc27a6fa,L3,Tweet
ac8c4eb9-558e-42f3-bea5-494b4d649523,L3,Tweet
ac8e4db2-9e44-40bd-aa05-fd09bf223461,L3,Tweet
ac8f5165-85e4-4381-a73d-f9d4d8611fde,L3,Tweet
ac9fac02-abc7-44a8-b876-accfe645fdbd,L3,Tweet
aca30de5-8c45-410a-b842-f0b11b0ed4d7,L3,Tweet
aca8077c-6994-4574-9e39-d670c1cd07f9,L3,Tweet
aca91ff7-4230-4faa-9bf8-dcd57a5c2a4a,L3,Tweet
acafb43c-7780-4f95-9db8-0589c2d55a83,L3,Tweet
acb51a78-46ce-48ee-a56b-240ac0906ccc,L3,Tweet
acc476cf-748c-4fd8-a932-dd3541a04a41,L3,Tweet
acfcbf2b-89bb-47b8-abfe-9d3806a4812a,L3,Tweet
ad0121ff-bd64-40c5-8c78-f2107ca73cc3,L3,Tweet
ad0423fb-ba9c-4ca9-97fa-2838fe005e1a,L3,Tweet
ad0eb877-f7d8-4297-aa30-be7c9a6a9be1,L3,Tweet
ad19833c-bc80-45b9-a488-747f812aaf13,L3,Tweet
ad1bcca0-8c5a-47d6-a8f9-1dea690c23db,L3,Tweet
ad350150-eaec-4fa0-9c52-b0ac15ddc89a,L3,Tweet
ad37befb-ccd9-465a-82f2-3c7dea6aa86d,L3,Tweet
ad5dca09-6483-4b23-b8c9-7925c07266d8,L3,Tweet
ad6e31b8-0118-4abb-863f-669dd03c22ec,L3,Tweet
ad871789-a88a-4139-8411-680904545343,L3,Tweet
ad87a28b-732a-4842-8a1b-535a7ca4b619,L3,Tweet
ad89ff09-2584-46f5-8778-6bb5e6d8a19b,L3,Tweet
ad8e7fe4-7747-4fad-bc6e-fddc9632c15e,L3,Tweet
ad921734-ab15-4180-bab0-c16563fb20b6,L3,Tweet
ad962948-d3db-4268-8a24-ad523e473198,L3,Tweet
ad970afc-17fb-45c1-b977-92147331a83a,L3,Tweet
ad9ae666-b08b-4599-b083-94cc5179fd24,L3,Tweet
adb2c148-a985-4a7b-8b91-ff8344419369,L3,Tweet
adbee6db-2576-46fd-9248-21b925a3927b,L3,Tweet
adc536c7-2eaf-4944-afa6-702eb915a4fa,L3,Tweet
adcb3cf3-6c0d-40df-9ca7-2385fc3523d8,L3,Tweet
adcee5eb-2596-4e40-a43a-6127824c376b,L3,Tweet
add28518-ba1e-4ef3-851a-0441a443ca31,L3,Tweet
add7d986-d0c9-47f7-bf2d-441215f19bfb,L3,Tweet
addc4a89-c032-4502-94cf-d831a20689ee,L3,Tweet
addf5b72-d265-4b0c-ba42-0fef7b1317cd,L3,Tweet
aded6a58-940c-4744-ab01-d70b7b4ce70b,L3,Tweet
adf3d03d-2d9e-41be-a58f-2612be1aa676,L3,Tweet
adff9cfb-2ddc-4d83-adfd-1e793e15104e,L3,Tweet
ae0af46c-8d7d-4f16-90c7-20a7b928d999,L3,Tweet
ae0db74f-ad32-40fc-bdd0-ba45646975aa,L3,Tweet
ae0dcdab-1419-4115-bce9-a173bdf61f9a,L3,Tweet
ae1a7f45-ff51-43e9-a098-9bd678d211c2,L3,Tweet
ae29134c-db63-49ef-bd80-a30c46dd2a39,L3,Tweet
ae2e9759-0791-4b7c-afd1-83b70dc1108c,L3,Tweet
ae3b41f5-c3a1-4c82-a545-45b9bd12d3bc,L3,Tweet
ae4851da-f516-4a23-82f1-3dab8fd4aea2,L3,Tweet
ae4f399f-2438-453b-b016-ac551db0fa47,L3,Tweet
ae7a43b9-44b0-428d-a913-7fdc61d968de,L3,Tweet
ae7c4660-bf21-4d8a-b760-841ee2af3738,L3,Tweet
ae7c563c-134f-4684-bd3e-e81dedc00378,L3,Tweet
ae81b57d-81be-48c2-bafe-2ecf372c9aca,L3,Tweet
ae829224-b8c3-433b-87e4-03eddbdb4261,L3,Tweet
ae9b8195-e898-49ef-bf89-f1b2035bfa6f,L3,Tweet
ae9dbe99-05f6-4cf2-aae5-fdfaa555c29c,L3,Tweet
ae9fc2b8-91c4-4875-80e0-7e2954371ab5,L3,Tweet
aea4a7ad-d3ac-485a-90c7-c0393eedb4a4,L3,Tweet
aea7b502-093e-4ed5-8df6-401595f6b064,L3,Tweet
aea82ebf-7cbb-4372-a13b-a1bb218f8db1,L3,Tweet
aea9bcb7-ce8d-45db-859d-dcd24fe14540,L3,Tweet
aeabd196-2454-4bf6-8e78-f386439f51ac,L3,Tweet
aeb4720f-35d2-4fe6-932f-e591bdd54aca,L3,Tweet
aeb91dcf-3b7d-47a4-9bb2-3613939703fc,L3,Tweet
aeba7ec6-f529-4ac4-9395-9e8924ca2924,L3,Tweet
aeca33a1-25b2-4320-a18e-4dd32f2d2e09,L3,Tweet
aed2bf2d-7c6a-4ef1-9a7b-dee7f74803c3,L3,Tweet
aed79a07-15e1-4243-8410-9ce92b3e3944,L3,Tweet
aee56fd8-fad0-4403-8bf0-0f140c849d01,L3,Tweet
aee9869c-7d84-4fc7-8317-4f1ce75f7ebb,L3,Tweet
aeeb3ea6-753a-4adc-9c1d-b375d696a1a8,L3,Tweet
aeee2038-c55a-4ed5-b81b-4f1a695e3b8b,L3,Tweet
aef1c0bd-62f4-4ae8-ac47-e60f1c4f161b,L3,Tweet
aef65f80-e915-405e-a938-34ee140c60d2,L3,Tweet
aef86905-5a71-4876-ad84-4f86f4387311,L3,Tweet
aefce478-4205-4330-aa28-8a6c229816ea,L3,Tweet
af021a86-f2a5-4533-b5a2-daf1c30a3905,L3,Tweet
af104639-228d-4d19-8f01-655638990650,L3,Tweet
af1349ab-0b33-4189-8361-35e511efaeb8,L3,Tweet
af1b1872-b1fa-4968-af63-f55d0d6ae99c,L3,Tweet
af1fde27-bb7e-4761-9ad5-c7cfc24278a9,L3,Tweet
af360588-a4e7-4a47-aa6f-43bbdf4cec53,L3,Tweet
af3b3ae8-79b9-42df-927e-eb919b6539a4,L3,Tweet
af3fac56-bab8-4984-bf95-aa01f07fd9a1,L3,Tweet
af4aeaab-b8dc-4d72-ba93-b2a3a3d00d60,L3,Tweet
af6aa3b2-90d7-4d3a-9045-f7af5418c5ba,L3,Tweet
af702dcc-faab-49d3-a4c1-88f479e280a6,L3,Tweet
af853045-13e4-4db5-ab63-d0f2bb80cee9,L3,Tweet
af8655cf-deb5-419d-b0d8-6066f33a6d57,L3,Tweet
af866ba3-8d26-4aed-aca5-3bb4d9fded53,L3,Tweet
af92656f-5585-4e5a-b357-373dcbfab888,L3,Tweet
af95808f-99e6-4e48-ab0b-d8b4ae163aac,L3,Tweet
afa39660-04ff-48fc-8592-3f670d791b2a,L3,Tweet
afbe8ff5-7d36-4ab3-be0e-5f113d145b69,L3,Tweet
afc2b16c-94a9-4f90-8e79-4dd056a4ff0b,L3,Tweet
afc46336-e277-4f3a-8cba-e3966c49e8e9,L3,Tweet
afc8f090-98bf-4fa4-91c0-6da61cdcdac1,L3,Tweet
afc916cb-ca50-41d8-8e0c-cdde547e6c30,L3,Tweet
afccfc69-da3c-4c59-a7b1-425da3f74d39,L3,Tweet
afe184f3-029c-4583-adcf-d1442d7385c2,L3,Tweet
afe1c6d7-ef84-4e03-a281-610db4fdf23c,L3,Tweet
afed4c59-df51-400d-b52e-2e0d371547cd,L3,Tweet
aff1c999-f4cd-442c-97ab-8343a02050ea,L3,Tweet
b025364d-aaa0-4e1a-a89e-0523daafed6c,L3,Tweet
b033efc3-104a-494c-9c3f-e328ac072db2,L3,Tweet
b036633e-6641-44f2-9354-ef5251182f7e,L3,Tweet
b039d638-3f30-4e81-a758-c06afa4bb7f5,L3,Tweet
b041b7a4-0ba9-4712-86b0-6c8069e7eb4a,L3,Tweet
b04787eb-dadb-40b1-9ac0-5056adc070f7,L3,Tweet
b054c44f-39e3-4464-b9a9-848e5a19c1ff,L3,Tweet
b0570a15-310a-4a62-871f-ff420bfe9dba,L3,Tweet
b0572a24-117d-41b1-a519-ff94dedba746,L3,Tweet
b05bd847-de26-41ad-ac38-c3c59ebed108,L3,Tweet
b05ec919-5cb9-47a1-9795-746c77a21be3,L3,Tweet
b05f3598-4a1d-4fe8-bb45-60c217965cb8,L3,Tweet
b06a5b8d-df38-41bb-8276-d8263d5c907f,L3,Tweet
b06ed842-0791-439f-bad3-57fe10945507,L3,Tweet
b0815777-f982-4eea-8d0f-4aff5467d054,L3,Tweet
b0834ee8-5f7d-4c1f-88dc-e800e912d703,L3,Tweet
b0840852-a77d-48de-882b-bddac7e3aeee,L3,Tweet
b097f85c-c2cc-4a4e-9269-8e553fa95a6f,L3,Tweet
b0a4d6d4-d412-4625-985c-837ed5e01a71,L3,Tweet
b0a4dc3a-352f-4ede-b61c-48a0a25eac1f,L3,Tweet
b0a8acc4-1eb6-4984-b6ee-a15efe82fde3,L3,Tweet
b0bafe87-8605-4513-9ece-72c8f00623ba,L3,Tweet
b0cc19b2-980e-43e3-87fe-448264031967,L3,Tweet
b0d4806f-4f07-4874-89ca-96d6e2ef8f93,L3,Tweet
b0d907e9-deac-4c1b-a958-2dc3eb824cc7,L3,Tweet
b0dc2a2f-494c-4df0-9f30-924df3a0d6f3,L3,Tweet
b0e0e1a7-f50b-4f78-809d-b1ad8153281f,L3,Tweet
b0e3199b-00d8-445f-9555-101b21e27b7d,L3,Tweet
b0e37954-7465-487a-a0e1-043008f617b5,L3,Tweet
b0fbc2a4-9cfc-458d-a0e8-7d7161d1c54d,L3,Tweet
b0fbfd18-6951-41ea-9a3e-5308891e1a76,L3,Tweet
b10a421e-e265-4c0b-aadc-c49b6b17c6ba,L3,Tweet
b10c23af-8e11-47c6-9859-3e6ebf132c30,L3,Tweet
b11b0369-188a-4f1e-9732-34495e22c092,L3,Tweet
b1288253-57cb-423b-8bb3-77f190ff9718,L3,Tweet
b12db754-0150-4436-ae77-fe6bb498d82a,L3,Tweet
b136aa4b-ef82-4ced-be66-762d01d6c5a1,L3,Tweet
b13a222e-d124-4f25-931a-8bfb784f61aa,L3,Tweet
b13f10ee-74c9-4e26-990e-929d151dcd4b,L3,Tweet
b150f06d-4160-4631-96fa-b31e5bce47e2,L3,Tweet
b161fcfc-5985-4d15-a961-e4ae8e775130,L3,Tweet
b173ed74-99dc-48a1-b79b-5534115e11db,L3,Tweet
b1755c6c-70df-43f7-8c4b-f4de1c0e0837,L3,Tweet
b17caca1-d793-4f20-8b38-f7f2651e4104,L3,Tweet
b1808664-547d-4829-a58f-4a4e06f6382f,L3,Tweet
b185e77a-7ff1-434a-98e2-795d3653a292,L3,Tweet
b18d4238-bf85-4db6-a385-e1d6741b0012,L3,Tweet
b190dceb-34fc-4e21-8e4c-09d02f93d00e,L3,Tweet
b1a19643-9fe8-4f3a-adde-9be6c57b39a1,L3,Tweet
b1afabaa-a136-4f11-91b7-893c9c687092,L3,Tweet
b1b78b6a-9382-4735-9abf-0039e6cc271a,L3,Tweet
b1be0bce-ced2-47bc-9363-fc4aabd976f0,L3,Tweet
b1bfed6c-3b2d-4ad2-ad49-6e10f06bf655,L3,Tweet
b1c6c224-5281-41eb-b904-c162855b1b5e,L3,Tweet
b1cf402d-3392-4180-9a57-4d4e604e37d2,L3,Tweet
b1d14b86-ebba-4ef8-83c8-83c4361e5505,L3,Tweet
b1d7bb7c-c6ea-4a5e-8091-e6ca6d277aac,L3,Tweet
b1e12f83-86c0-49ed-a468-49dd80e01443,L3,Tweet
b1e8102d-706c-4ac8-98a1-d7d82600fa22,L3,Tweet
b1ecd6b2-c0e0-49b5-b020-cb40b50585af,L3,Tweet
b1ece85e-ef8d-4272-a1eb-a23248d5d717,L3,Tweet
b1eef8d3-8405-4276-9b72-e1703caf4be5,L3,Tweet
b1f9b6be-2471-4ea8-b986-ad383a527ab6,L3,Tweet
b1fb87dd-d187-4e31-8a8a-861e088be59c,L3,Tweet
b20c6343-9090-4662-93df-623f515200ca,L3,Tweet
b20ca71d-1dd4-4ea8-8f33-31343e217cfa,L3,Tweet
b21bebbb-bfa2-485c-a4cc-1558fe035f80,L3,Tweet
b21d3741-a972-44c6-8ffd-396d275c36a4,L3,Tweet
b21ff539-0580-4236-98df-f20dd4b3cfcc,L3,Tweet
b223ecc9-f34a-4b29-8963-f900f7a8043b,L3,Tweet
b230a814-52b8-4bde-9831-a06496f3d29c,L3,Tweet
b23fc6f0-d985-46a8-aeb9-d585587682a4,L3,Tweet
b242dc9e-7394-4dbd-8f1b-416af4d99015,L3,Tweet
b253bc0b-d947-454f-9bef-165fd25f79bf,L3,Tweet
b2596241-82fa-4f98-9679-b2e1063f4026,L3,Tweet
b25c15e4-6d27-40ff-8900-62db7a142b5c,L3,Tweet
b25d1a0f-f04b-4544-b307-79c225a2ff17,L3,Tweet
b262cf15-0767-405f-aa01-0e6823fc2831,L3,Tweet
b263a08a-7c11-4fd7-b758-fe66797ded17,L3,Tweet
b26d90de-c15d-439b-a7fe-adf2a2808c98,L3,Tweet
b282c6c3-d2d2-4f94-aa5e-9aba5e90f153,L3,Tweet
b2837567-b735-40d5-8058-12a4e5845eb3,L3,Tweet
b283e8e2-4564-4b81-b1ba-dd097b96150e,L3,Tweet
b287b05c-5f81-41be-aca7-7950ef6ea3ce,L3,Tweet
b29305d9-0e6a-44f6-9cb5-c7da571876b1,L3,Tweet
b29a55bc-250b-4a5b-a058-fec05c804bd1,L3,Tweet
b2a14a9c-75a5-4cb7-af32-6b9df37b6a23,L3,Tweet
b2a4509e-5db6-4a9c-a018-ceca3600f1e5,L3,Tweet
b2aa1d94-f019-44f0-83da-2f714df84b6c,L3,Tweet
b2c274e2-1791-4c3d-bbae-3234c1355c7e,L3,Tweet
b2d25807-c62b-422d-87ae-453e49caedb8,L3,Tweet
b2d91331-d7ea-4408-8deb-4932ba6c98ed,L3,Tweet
b2ddcf5f-11f8-4a34-8076-76fe50876b29,L3,Tweet
b2deb797-fc74-448c-abd8-564563c5fbb0,L3,Tweet
b2eb02af-8d63-4673-9152-b4f86c29acd3,L3,Tweet
b2f1ed00-4de6-4b75-b127-83015e649331,L3,Tweet
b2f51c46-2d46-4931-946f-eb5e178cf812,L3,Tweet
b2faba9d-9e46-4fad-b4a4-e7b9e3c4aa6f,L3,Tweet
b2fbf51b-9044-4275-9bc2-7a31bc24e333,L3,Tweet
b2fc85a8-91d3-47cb-b207-0d6f762987ae,L3,Tweet
b30dbb62-6c43-4cb6-a6fb-5cd5e5c47b3d,L3,Tweet
b30dceca-06e3-42fc-a45d-238ac34e8c9b,L3,Tweet
b3118a30-f489-4dbf-bae6-9ed73f34e55b,L3,Tweet
b31228dc-16a0-45ef-84dd-00022a313ca4,L3,Tweet
b317bcbb-4945-4af3-a7d6-eeb257009d99,L3,Tweet
b31c3f8e-5354-4d8a-85c0-87f20b6186d0,L3,Tweet
b32117fc-1c7c-4c90-a35f-b427228e87bc,L3,Tweet
b3375f8c-0e54-4bce-a154-f150c7b04609,L3,Tweet
b33b3f42-e881-4b63-922c-4f9b2ba28ff5,L3,Tweet
b33e7089-1371-4005-9958-f29954a9da20,L3,Tweet
b33f5a72-04b7-4481-b389-d642dceb85ec,L3,Tweet
b34f3955-bf52-4fb5-b251-0ff55cbaedaa,L3,Tweet
b3539a69-8741-491f-b930-165f63c3fce5,L3,Tweet
b35a28d5-01f7-4b9e-b2a4-0b0cea0a009d,L3,Tweet
b35f3614-1b50-4953-858b-193f4eccf7fc,L3,Tweet
b36e25a2-9593-408b-886e-e8063bcadeaa,L3,Tweet
b372c7d6-4b51-4f2a-ac85-acfd80bb78ee,L3,Tweet
b37bd382-2dec-4201-a7b4-2e765f13ee87,L3,Tweet
b3846b77-a126-4b3b-922d-43950b4468e1,L3,Tweet
b387938f-cde5-4041-9905-f19c8ca45cdf,L3,Tweet
b3917483-f589-4b02-aba0-5edc2185db7d,L3,Tweet
b399c08b-4c5e-4864-b51a-1463b08abbd8,L3,Tweet
b3a50f8f-35be-4d18-8fa4-433e17a36c68,L3,Tweet
b3d035c5-c835-430f-8d9b-8e1bc655248c,L3,Tweet
b3e1a3b9-e4a7-4945-a41b-cce8098a0950,L3,Tweet
b3e5185f-f29e-4ad9-83e9-aa0fbb198dfa,L3,Tweet
b3f4b471-0ca0-4ce0-8b1a-69266944caab,L3,Tweet
b3f7bf3c-678a-47ab-9f84-77df1ea4fdf9,L3,Tweet
b40e3b07-3c36-4a35-bef9-bd6aee1c0371,L3,Tweet
b40eff3a-5aed-41fc-994d-184f7448694a,L3,Tweet
b40f3809-ca08-4796-8455-dcf4a16f772b,L3,Tweet
b410aeb8-06a2-41bd-a592-6a2cf773bd70,L3,Tweet
b41cdfdf-9058-4ab8-9f62-ea05a73cef4d,L3,Tweet
b4222bd1-00ab-493a-b8b4-38bd84cd7e25,L3,Tweet
b43ebb3f-b398-4084-8b78-8935c15ee13b,L3,Tweet
b449d7c0-7270-4c08-91a1-24b3ec089ce6,L3,Tweet
b44cd071-1141-46ed-b4fb-f553640bf84d,L3,Tweet
b45850db-4b84-4a16-9fd1-e746479efa00,L3,Tweet
b45b1799-2b3e-4b8c-9799-9f61d725a34d,L3,Tweet
b477cec4-b3e6-47f4-b1fb-464b13a84023,L3,Tweet
b4830450-e144-4a44-b0ed-bdfea6caec28,L3,Tweet
b48a2c72-b26f-4a09-8f5d-61c98c5f5709,L3,Tweet
b48e46d6-f1cc-4594-bc83-8c062030225b,L3,Tweet
b48e4c15-8bc2-437f-84b1-feac6f11b57b,L3,Tweet
b4905bef-6ace-45df-91a7-c6dca01ca7a3,L3,Tweet
b49ecbbe-d850-4fc2-85a8-dc506ffa6a84,L3,Tweet
b4a355b7-4fc2-4e0e-a89d-15d4b0de3821,L3,Tweet
b4a3b250-143c-4bef-ad69-7464909ad6f7,L3,Tweet
b4a4c70a-b8e3-42a4-b2b4-39b01ed363bd,L3,Tweet
b4a53257-4fbd-42b6-8817-3e3b1c2493cd,L3,Tweet
b4a8cf35-9059-4c95-9d89-b70e86d97cc5,L3,Tweet
b4ace0f7-fc73-4b9c-9e3d-a1154556e04c,L3,Tweet
b4b3a331-99bd-4375-ad54-20c3374ac49c,L3,Tweet
b4b73970-ecb6-46a3-921c-f8515682ef70,L3,Tweet
b4cca47d-7166-41f9-b8e4-4801d460edd4,L3,Tweet
b4d012d0-8aff-495f-ad93-841b65e6912c,L3,Tweet
b4d6ae65-f1d1-4e76-bd51-101ad8295962,L3,Tweet
b4e52e58-21f5-4f55-98dd-a96372b06308,L3,Tweet
b4fed56e-5f0b-4c70-a151-3607e1e3d32e,L3,Tweet
b5121788-0c33-4977-b794-6142f5688a36,L3,Tweet
b517e570-f40c-4fad-88fa-aceb0c81533f,L3,Tweet
b51e2a30-e5bb-407a-a9e8-c36dc7db9cea,L3,Tweet
b51f34f0-a909-4e50-b5f5-6008c41d40a3,L3,Tweet
b52f7cc8-8922-4854-8f0e-261842e1e96e,L3,Tweet
b52fbc5e-a6e9-415b-b9ad-5bdb4f621ab1,L3,Tweet
b53ae947-95c4-4cae-944e-77eaa947e38d,L3,Tweet
b54894a0-3239-49ea-8b53-9fd388e79766,L3,Tweet
b5492d4a-c2c6-4fd5-a0f1-3d6d4ca96da9,L3,Tweet
b54d3b57-b4a6-405a-8318-ca69791e70a7,L3,Tweet
b551055d-c804-483b-bfce-c2d952c5f278,L3,Tweet
b55169ab-50a2-40b3-a2da-e351b55cde9d,L3,Tweet
b5520a94-d16a-412e-9fc2-ba0fe8a173be,L3,Tweet
b55af578-379b-4232-bdfb-3c647cb924d1,L3,Tweet
b562982d-6660-43ed-a9c9-1333081ed9d8,L3,Tweet
b56f637e-8350-4ce2-8009-12e2922ec14e,L3,Tweet
b57ea57c-2a72-400a-a66b-cf7693fa68f7,L3,Tweet
b5801619-8e81-4ef8-a3e9-07d6f339a7fc,L3,Tweet
b580d9af-a1c0-4084-8beb-6c84bf455073,L3,Tweet
b583908d-0139-461e-9b99-40a26f351807,L3,Tweet
b58398fa-31cb-4138-8821-e2355b724151,L3,Tweet
b58c640c-70fb-430a-96ed-9bc666405026,L3,Tweet
b58ceb6e-8965-49f0-a253-86dae7cf0f0b,L3,Tweet
b59332f2-98c0-4113-9750-d308e238b11c,L3,Tweet
b595f4a9-7393-4e8a-ba1d-458c3a5f0280,L3,Tweet
b5979352-2c20-4a5e-b86d-3c24ec230eb6,L3,Tweet
b5aefd4f-6ddd-467e-bfa1-661c2bc04baf,L3,Tweet
b5b5b77a-8f79-43d5-b42f-f9284f2fdc81,L3,Tweet
b5b5fe6e-c3b7-4b56-8103-89faaab6472f,L3,Tweet
b5b6c4d2-d848-4b41-843f-b5f3bde0c46a,L3,Tweet
b5bd2cec-5937-4692-accc-0c6b71d488b1,L3,Tweet
b5c80d03-46cf-4c78-9556-57a2beb61703,L3,Tweet
b5cd25af-3743-493a-b96f-663adad27554,L3,Tweet
b5e8c0d0-5b0a-4971-a7ea-454f755727e9,L3,Tweet
b5f7a7ed-3420-4b48-82c0-662c1e778051,L3,Tweet
b603ffe4-a7f1-489b-831f-f5c3278db579,L3,Tweet
b617d722-5412-41cd-aae7-66b21bec467c,L3,Tweet
b61d185c-cf39-473f-bc9c-5ec5dc181e3d,L3,Tweet
b620eab6-5368-4467-bd83-9e886db5445c,L3,Tweet
b6227447-3eb4-4910-a461-266fccdd7ca6,L3,Tweet
b62821a3-d7f4-4e20-afea-56c48fac53bd,L3,Tweet
b62f5cd3-0786-41da-b5bd-cfcc2d8b9b18,L3,Tweet
b6385eb6-b1b1-4b27-9281-e86c71195cba,L3,Tweet
b648b8e6-26cc-4e3d-9b56-c1ac938734bf,L3,Tweet
b6492c97-9719-43ca-b83e-885e731114de,L3,Tweet
b6580404-f7be-4b83-824e-c86f0d6b9192,L3,Tweet
b65a3359-2ba9-49bd-9817-4dfbf0f5dc95,L3,Tweet
b6786df9-c1b3-42ee-84a2-3a14da2547fa,L3,Tweet
b682b0e4-4a35-4262-887c-34f0d16ca524,L3,Tweet
b687859e-0ced-4905-8c29-57b58e575851,L3,Tweet
b69f7592-79a1-4f87-9331-b2ba8dd65eb5,L3,Tweet
b6a4aacc-de18-457a-be36-55650f729e4b,L3,Tweet
b6a8385b-3554-4f33-95f7-3d43d54fee94,L3,Tweet
b6b235c1-a212-4116-9688-33405bcfe912,L3,Tweet
b6b6a154-4aa3-45f8-8a42-454af0b3fc46,L3,Tweet
b6bbb8c4-88f6-4760-8f74-a7aaea02ec79,L3,Tweet
b6c0640c-8c7e-426c-9c08-2c4e23fdb89d,L3,Tweet
b6c7f9d9-9d7c-4148-a471-f7502663f11c,L3,Tweet
b6ca761f-026f-41b4-91f7-f011c3e949b0,L3,Tweet
b6cc826e-856c-4480-af91-5551039eccc6,L3,Tweet
b6d35d5e-6e28-4330-9cbd-2f99d88d2c21,L3,Tweet
b6d7a65a-63a0-4a30-96f8-bfd8b998fa42,L3,Tweet
b6db3858-6eb0-4d61-9aab-4494729fd588,L3,Tweet
b6e7ba03-63b3-4df7-ad51-d6aaeff465ad,L3,Tweet
b71d3243-6489-4e0b-82a4-af3db77d64bc,L3,Tweet
b720ba33-4a92-4123-a16b-f374547a55a7,L3,Tweet
b721cd0a-60b3-45d0-8dbb-7d349ab837c2,L3,Tweet
b7236901-d8a5-439b-959d-f72eff2e5deb,L3,Tweet
b7401982-7d2a-4de9-be04-cce5d2356e7e,L3,Tweet
b745cd62-464a-4d63-96a6-8cde5bf3b616,L3,Tweet
b74864fe-ac35-43c3-9dfa-375e12dd8e68,L3,Tweet
b74e61d9-fe6c-4df0-8db0-2c9c690c62c0,L3,Tweet
b75a39e6-ab3c-4168-8672-ae20ee36315e,L3,Tweet
b75ae151-30a6-46f0-8be4-5264112df920,L3,Tweet
b7617532-88a4-4ba9-8571-8e56a1e91167,L3,Tweet
b76a38c8-36b2-48be-b2fd-d408c59793bd,L3,Tweet
b76d6022-5fbe-414d-8735-e782645fd966,L3,Tweet
b7759d06-a85d-45e2-8320-9966d9a1b723,L3,Tweet
b7875c66-6c24-4af9-a22b-17629d1bf967,L3,Tweet
b78e3e6f-63e0-4f88-ac40-0ecc037b5017,L3,Tweet
b7981b61-7528-4589-810e-c5a117539208,L3,Tweet
b798a392-ad36-4646-b169-86715a134125,L3,Tweet
b7ab576e-63ed-4afd-a636-0be97617e0f1,L3,Tweet
b7bc83a6-c13d-49ee-99a8-d4e97aeaf76c,L3,Tweet
b7c3654a-4f53-4151-b9fc-d40a3bd32f0d,L3,Tweet
b7cb4899-a009-4d60-adc6-9f7fda3ad7b0,L3,Tweet
b7d16bda-abcf-4569-b02d-c71a12f5124d,L3,Tweet
b7dd1cc3-cfe7-4aa6-a7d0-3aa93533fff4,L3,Tweet
b7e28dc7-2c20-4ae8-af28-c7b910155475,L3,Tweet
b7e42812-168f-430d-9eb2-361d748d12c6,L3,Tweet
b7e42997-6cf0-44c3-b0bf-b884f6ce158d,L3,Tweet
b7e6b81b-e3b3-4c7d-a8ba-65c06cf966bf,L3,Tweet
b7eede34-69dc-4d9f-a560-ca40e83a81ac,L3,Tweet
b8138a66-7343-4afb-80a8-db17f1427926,L3,Tweet
b825575b-c0df-40db-bbec-1f92fedb6ed6,L3,Tweet
b82ce221-9b64-432f-bc19-c943986c9142,L3,Tweet
b82e1a43-8a46-4834-bc91-3cbaf607f186,L3,Tweet
b82f616a-f22a-4e83-a7e6-e84603e24ee7,L3,Tweet
b837acdf-e474-4251-b177-0a072ad0c6d1,L3,Tweet
b83edcd0-8bd0-422a-a281-9325e8da3be5,L3,Tweet
b8502110-a605-48c7-abc7-32ec2a557697,L3,Tweet
b850bb8b-7236-41b7-b58c-7d89464db0ca,L3,Tweet
b850d861-8288-4947-866a-e8db232c5cb9,L3,Tweet
b853eb26-cb84-47b3-be88-ec1ae70860aa,L3,Tweet
b8566121-1d3e-45e7-8788-3400bb3cf6ee,L3,Tweet
b86739ae-7790-4ce5-882c-c4c660adc673,L3,Tweet
b8710a4f-d727-486c-8ca6-6ff4cea53493,L3,Tweet
b87906aa-8d62-40ed-8b41-08586c3fb999,L3,Tweet
b88a897a-dca1-46d6-9316-05e004ec87b0,L3,Tweet
b893fb18-ec23-44bd-bc17-6cb7e25a06c9,L3,Tweet
b8a9ac65-8049-4eec-8342-f54bb3c94b48,L3,Tweet
b8b66d03-c002-40bb-9931-95d5321ef89c,L3,Tweet
b8b74c99-101c-422c-a4e1-36d028371cfb,L3,Tweet
b8b9a3d4-63c6-4c4c-a793-8fcf2422796f,L3,Tweet
b8ba5072-9b4c-4f37-a14c-c53625ec67d1,L3,Tweet
b8c20caa-e7ed-4b60-888a-5772911df01f,L3,Tweet
b8c85de1-abb3-4997-b6ab-f79e16b557f7,L3,Tweet
b8d27788-992e-4def-9ce3-0705e74df23b,L3,Tweet
b8d37190-67dc-4cbb-8e1c-df347a8cc140,L3,Tweet
b8d723e8-a2d6-4102-b1db-96db760ac3f3,L3,Tweet
b8deb800-e482-45c1-81f6-d69f95327d88,L3,Tweet
b8e00c14-f4ea-4587-a419-f2f5179521da,L3,Tweet
b8ebd921-6bc9-43e5-b490-a8bb1aa8d453,L3,Tweet
b8efbe0e-78c4-48e7-9967-85e7b56c2b5d,L3,Tweet
b8f23557-915a-4399-9e67-ab83f4924e02,L3,Tweet
b8f4d958-6548-4f01-ad3c-01816aa56386,L3,Tweet
b8fc5853-7657-4a10-957a-9a2162dae998,L3,Tweet
b901f87f-5004-436a-b3cd-452393e494e2,L3,Tweet
b90e4048-70e2-4564-847b-28445630139a,L3,Tweet
b914a7b3-13e4-4215-9a74-fed342fa26e7,L3,Tweet
b91e243d-f04d-4973-98b8-34f85a9c24a8,L3,Tweet
b91e4e37-700a-4947-ac60-c8c9e623b12c,L3,Tweet
b926fb2d-6ab3-498b-adfb-ae05f84f589f,L3,Tweet
b9281e4c-f340-4e9b-aa5a-c47590d4819c,L3,Tweet
b92dbe7a-b732-43d3-bd38-e32b57231ef3,L3,Tweet
b92eb27f-dfaa-4977-9803-c1180222a361,L3,Tweet
b932cdb2-6ad7-455e-b1e1-ddb2bb301580,L3,Tweet
b933966b-1662-4ac1-99cd-fb78185ed264,L3,Tweet
b93542e9-dab7-46a6-80fc-6b586609335b,L3,Tweet
b9464f48-2ca8-496f-8af0-ebeaf495ffbb,L3,Tweet
b94da1dd-95d4-4e0d-a426-9bca7b326975,L3,Tweet
b9510ced-1404-4d8c-bff8-80bbb2dc758d,L3,Tweet
b953bb56-ee2d-45e2-a166-dac53248d058,L3,Tweet
b95dbc57-2950-4cc8-a1fa-dcbd4cad7d32,L3,Tweet
b95eb60d-682b-4646-99b8-7ddcc67905d9,L3,Tweet
b969e53a-d0c4-48eb-892e-38739a809282,L3,Tweet
b97171fc-e550-41fd-994a-7b573688ebf8,L3,Tweet
b98b6b45-97fc-4eb8-acc7-4d202adc48c0,L3,Tweet
b990d47c-3855-47f7-add3-ab051e983120,L3,Tweet
b9993191-685c-464e-acab-7a4ccd79b00d,L3,Tweet
b99ae736-a7ca-40cb-a8ad-e1fa7e5b742f,L3,Tweet
b99ebb62-63f3-4463-b493-379438d89613,L3,Tweet
b9aeee1d-85c2-4eaa-b06b-207e93a276ed,L3,Tweet
b9bdf556-e767-4ef8-a2d9-288d6668573e,L3,Tweet
b9d27c64-62db-44fa-b043-91ec74732fb2,L3,Tweet
b9d2d12f-2e8b-46b7-8201-bc6b763206ed,L3,Tweet
b9d99e72-9e1a-4340-86ea-c87b3bf88ec2,L3,Tweet
b9dbdd3b-c18e-4ad5-8f99-9b5927db1c75,L3,Tweet
b9eda4a3-96f7-4ca6-9809-00e12897d13a,L3,Tweet
b9f6f028-bcc1-4332-8446-5b1dea162b34,L3,Tweet
b9f7ab37-8d40-420e-a089-559b2c58a60e,L3,Tweet
b9fbdda2-a411-496a-9c4b-47c1925ef06c,L3,Tweet
b9ff7f6c-5571-43dd-a2e2-b0bcd94aa92a,L3,Tweet
ba0f0c6a-ca45-4771-896e-5dd9d9d4a119,L3,Tweet
ba21afa0-2570-4ce7-99c1-c5fd398c1741,L3,Tweet
ba2b5ed9-aa1b-4403-8f5a-5da910521a07,L3,Tweet
ba342ca7-9ab7-4292-ab22-2719d59a8cc9,L3,Tweet
ba360033-9fbc-438e-9ae8-68f9fd20d44f,L3,Tweet
ba391ccf-f7ee-41a8-9bb6-2cebbae8d0e1,L3,Tweet
ba3bdab1-76a9-4429-95f9-c0f0ef1adbd4,L3,Tweet
ba41ba19-eb26-4f7e-8c0f-0a5790e57b82,L3,Tweet
ba544642-5b9b-4caa-b788-715375673ed7,L3,Tweet
ba573a5f-c623-48d7-8323-9b585b217310,L3,Tweet
ba6ca0c1-28cd-454d-9145-1050518d8d1e,L3,Tweet
ba6df109-6a1a-4a72-bdec-aa48756b8671,L3,Tweet
ba7729d4-b4b8-4872-a8cf-b066951d0724,L3,Tweet
ba7b8524-3a54-4bb8-ba10-d2f2ba818a18,L3,Tweet
ba8d1956-9eb6-4984-b440-c9144331a1e0,L3,Tweet
ba8f427d-3261-4479-8f35-a11c33d425f4,L3,Tweet
ba9cb202-397c-464f-a66f-edb3a530ab66,L3,Tweet
ba9e877e-a2a1-471d-b32d-2b896b669d1f,L3,Tweet
ba9ebaa4-80f1-4d16-b1ac-5a554ed48aea,L3,Tweet
baa0207f-1e9a-4a8d-a2b0-9018b8ebebea,L3,Tweet
baa1bead-09c2-4013-9a85-2598033b3b7d,L3,Tweet
baa5813d-aae2-4d42-a4a5-d6b7cbc2bf8e,L3,Tweet
bab95965-b490-47da-8754-ce7cd57b3f9d,L3,Tweet
babae450-3585-4d2e-94b6-1c3bb148fe40,L3,Tweet
babe94e0-9d6c-42bd-b369-4c5143d8c0e0,L3,Tweet
babef864-ca1c-4be9-854d-16fa2a866862,L3,Tweet
bacef814-53d5-4e68-9e17-c8aa159c716f,L3,Tweet
bad824ff-abf9-4876-8431-ba6973efa3ef,L3,Tweet
bad980ae-38bd-41a8-bf06-cf663c90e34d,L3,Tweet
bae2477d-2c75-4ffc-815b-6763edaab1d1,L3,Tweet
baebef4b-9b4f-4fa5-9195-8f9b781d7d9d,L3,Tweet
bafaf19e-1add-44e5-ba79-603224b332f8,L3,Tweet
bb021758-5531-4789-8d01-6a015e7ca40e,L3,Tweet
bb099257-d491-496a-ad02-57f8dba17fa4,L3,Tweet
bb213a82-5df6-4496-9df8-c7f0a73341aa,L3,Tweet
bb24e9d5-9bf0-4af4-97eb-baf94ded12f3,L3,Tweet
bb2e874b-698f-4807-a064-082e7368eff3,L3,Tweet
bb326b40-78af-46a1-b510-fe71694374c9,L3,Tweet
bb3a94cc-3f73-4604-a621-0f29c770c9ea,L3,Tweet
bb3ce1ed-d1f2-4f00-a937-bf736e50f988,L3,Tweet
bb3da307-abfb-4a68-8943-6f55ed66aaa9,L3,Tweet
bb3e2067-a72e-4446-8a0a-6eb255805ab8,L3,Tweet
bb3e8f36-015a-4835-9927-7fb5b43b6da1,L3,Tweet
bb4bd606-9d64-4264-9890-92ce174a452a,L3,Tweet
bb52aef9-30cf-4f02-bffe-6742e603615b,L3,Tweet
bb56593d-8771-4575-b863-bab87cd03137,L3,Tweet
bb6e7314-4a5c-4e3c-9e4b-a0a64e3cd060,L3,Tweet
bb80f198-4d38-4dc4-b62b-455784b450a5,L3,Tweet
bb87c16a-e647-4df1-b9b5-49aa0f235d9f,L3,Tweet
bb8bd4ca-6e37-4e09-8f2e-03b1e488732d,L3,Tweet
bb8f2c65-a09c-4a71-92c2-25466d67dc32,L3,Tweet
bbd85728-49db-4735-913c-7884ef3ce6f0,L3,Tweet
bbdb1723-20be-4910-bb35-5710641336f1,L3,Tweet
bbe2115c-c39a-494b-b83a-5c9cc92f6da0,L3,Tweet
bbe42030-089c-4e7c-8813-2ee74c52ea3b,L3,Tweet
bbe4b9f5-6b9f-4cdc-b238-2e6459d88e60,L3,Tweet
bbefc651-ddda-478f-a1b9-b94a1bd5822c,L3,Tweet
bbf0bba9-a54f-4a90-ae6e-038f4268f90b,L3,Tweet
bbfb3ae5-71a4-4488-9879-0fada8f6b3fc,L3,Tweet
bc004d1c-8371-4aaa-b583-3c16164ba82a,L3,Tweet
bc038faf-0430-444a-8902-6913142805f7,L3,Tweet
bc1335de-6f4d-46c8-a496-521c5e90929c,L3,Tweet
bc1fa61c-ac79-4cc3-8378-a55c6b206a86,L3,Tweet
bc1fde82-9443-4cfb-a8a8-ad7e66e279bb,L3,Tweet
bc2b562e-ddea-4f59-89bc-75c36863349e,L3,Tweet
bc3423cd-f1ab-4997-a83a-ee418b776b51,L3,Tweet
bc3a8444-2a65-4b0f-803f-62b009d0eef4,L3,Tweet
bc3e2066-43c0-4245-8e8f-8935f7cc3911,L3,Tweet
bc3f06ce-e3ce-49ca-8daa-4c07d03a7421,L3,Tweet
bc518340-6730-4d5a-b0b8-0a15f486f18e,L3,Tweet
bc52b3a4-2c44-42a7-bb91-dfb44f275970,L3,Tweet
bc67cbcc-cd0b-47b0-86a7-e3cb6a62895e,L3,Tweet
bc684228-1d0c-4afd-8b16-bcc6ba235cdb,L3,Tweet
bc689b40-6c46-4491-9fcf-b7db3e537b25,L3,Tweet
bc69b827-4af6-49b7-9104-06ea77fe16b0,L3,Tweet
bc7e1f12-19b1-4365-bded-33f842a511f4,L3,Tweet
bc86587b-231d-4f3f-8cff-1e17a07c4f96,L3,Tweet
bc99d0c8-73af-4f38-9d6d-22be6a5849dd,L3,Tweet
bc9c513e-fb1b-43d5-a7ae-e6c269051e4d,L3,Tweet
bca71b37-2eb9-41fc-945c-47ce38124512,L3,Tweet
bcc98d33-80d1-4968-b020-fe481f245d7c,L3,Tweet
bccc1e18-d463-4eef-926a-85743efdc14f,L3,Tweet
bcd3178c-616a-49a6-a25b-463ae9eb1441,L3,Tweet
bcd33867-64fc-4ddb-b560-7d57f2a55a06,L3,Tweet
bce5618e-26ee-47df-b8ce-bd80df65b93d,L3,Tweet
bce7a606-471a-4b51-ba45-0ecb7b89e96f,L3,Tweet
bcec7e8d-cb2b-4200-8676-3b765f48b23b,L3,Tweet
bcfd0491-e9fc-455a-b6aa-a5e064d17d14,L3,Tweet
bd089639-8bdc-4f26-b5ad-1fde044ac3a5,L3,Tweet
bd0ccbf0-c894-43d7-afc4-bf9b16ce8be8,L3,Tweet
bd188546-f93b-4e3d-ad94-ba9daee36ac1,L3,Tweet
bd231185-7a14-48a0-9ebe-fc695e628114,L3,Tweet
bd28287e-87ba-48e2-b667-ba2cbd999864,L3,Tweet
bd321937-b0b6-461b-9173-a1c62e9ec526,L3,Tweet
bd3868aa-82d5-43da-bd8c-0b1135aadae7,L3,Tweet
bd3983e4-02bd-4f18-a90e-f9a21b4fd6ea,L3,Tweet
bd4364dd-82c0-4b6c-ad6d-03412ba78aaf,L3,Tweet
bd667d66-4c71-4545-983c-411c8fadb552,L3,Tweet
bd7024cc-bd92-4461-8aad-793cca21ca0c,L3,Tweet
bd750b87-1d58-400c-8470-0377d5dd7f56,L3,Tweet
bd774ee6-f673-4212-a729-a0304ed61d04,L3,Tweet
bd7caecc-b95a-42c3-b1f0-4402744f19d4,L3,Tweet
bd7fcdac-f0e7-4ea8-9331-a42298abb2d4,L3,Tweet
bd89e299-386c-4707-98de-6bfa86f012b9,L3,Tweet
bd8ce0fd-441f-464c-be8f-5b179ff6aa5e,L3,Tweet
bd9001e5-30e7-4ca0-8b32-dd6ca6ed4291,L3,Tweet
bd940851-9683-4f14-885b-1413c95462b6,L3,Tweet
bd9a2174-501b-4344-aaa6-35ffbe7cba76,L3,Tweet
bd9fc2a9-cd25-46ef-9cea-c4a452cc3c87,L3,Tweet
bda6455c-5c63-494a-aab7-9b5b80b7054a,L3,Tweet
bda91ffa-4f82-47c1-90ed-207a062f7bdb,L3,Tweet
bda97894-5744-4c91-a3ee-c96e70a2cc31,L3,Tweet
bda9e6c7-b210-426f-a77c-2d78620c306c,L3,Tweet
bdace06f-6566-4b1b-a4ca-98002fac1668,L3,Tweet
bdb1c2ea-7b00-45d9-8549-5e113cf53b8a,L3,Tweet
bdb2a73a-2a27-4e5b-8e5a-b736b04ecf22,L3,Tweet
bdb5374c-f156-4375-887b-156f90156117,L3,Tweet
bdb8063c-f534-44ad-a56c-504418ae41a4,L3,Tweet
bdc2d06d-91a8-4fa4-a548-a1f26e3c5ef7,L3,Tweet
bdc75b6d-9218-42e2-8537-b85eb92ce826,L3,Tweet
bdcb15a7-bc3b-489d-817b-5a06a298f156,L3,Tweet
bdcc042e-b264-4b7a-a655-8f3ebe075833,L3,Tweet
bdd01d98-c9c8-46a0-af26-b8720ef6f700,L3,Tweet
bdd2f85e-8223-41bd-9c92-5eadccafa396,L3,Tweet
bdd8dacf-7be1-45c9-ac79-0155cad3cedf,L3,Tweet
bddb0771-1a59-4614-8865-36b1891aa314,L3,Tweet
bddf0896-5d11-4215-8c65-954abf07de19,L3,Tweet
bdf5c88c-2444-4da7-bb8f-af1a93a60c8d,L3,Tweet
bdf63a45-3570-42f5-bfa0-024abf3b06a0,L3,Tweet
be0e9daf-9468-4fff-97b9-080bd650cb2d,L3,Tweet
be1cac28-1130-417d-a3e4-603a8a7036b6,L3,Tweet
be1e8e53-d7d6-4bf0-b948-8a6886bb69e0,L3,Tweet
be2bc0db-f972-4ed4-a8d4-f60745e1fb42,L3,Tweet
be2ecf5b-60db-422a-94ec-84ea1e93e4bf,L3,Tweet
be31ed23-afd0-4a4b-9ee6-79fac0a74be9,L3,Tweet
be366650-2642-4413-8ce0-65f0e97f1bca,L3,Tweet
be37714b-12d5-48c7-afd4-c5f62ec05cca,L3,Tweet
be547669-3b7a-474d-be57-73fa9b79863f,L3,Tweet
be637ec4-0f8c-414c-ba21-94856f20a254,L3,Tweet
be6c3ac7-6aa3-4454-a4dd-50fe281db786,L3,Tweet
be6c8e6b-8c24-48db-8070-586a0a613000,L3,Tweet
be7c56f9-c02e-4c3c-9532-63ae9accc11a,L3,Tweet
be7ce87d-ae4d-4ff2-8e97-ac7a8db7d1e5,L3,Tweet
be7db1ca-dbb3-447b-8c9c-1870753c55d3,L3,Tweet
be835535-87ab-41ad-9ce7-f0bfdb8e386a,L3,Tweet
be8aaa8b-f248-4932-8a7c-656054e362d9,L3,Tweet
be9078e1-d167-4834-b611-97cd60643816,L3,Tweet
be97d683-6513-4cb0-bfa6-ab0be3f53bfe,L3,Tweet
be98c7e5-ecea-47f9-9d39-6083d02cbbc1,L3,Tweet
be9ab7ad-c6b5-440a-bf10-39b7fc157ebd,L3,Tweet
be9c5a1b-9155-4a71-9aed-d4b6df57e783,L3,Tweet
be9f91aa-ee61-4994-b987-f742285b0548,L3,Tweet
be9fdbea-21c5-48d4-9bda-d09843c5108c,L3,Tweet
bea07edb-bef5-4ceb-8147-7f57571acca0,L3,Tweet
beb4497b-3e09-4f16-adac-296863034d2b,L3,Tweet
becb564f-650b-4f42-ae00-83ca6365a60c,L3,Tweet
becc3371-81b9-4a85-9a41-0fdf52d8cc47,L3,Tweet
bedadfcf-49a5-440c-8f58-c54a8b59212e,L3,Tweet
bedecf3e-5757-472c-8cc1-655a506cb649,L3,Tweet
befd3aac-9122-4643-80e3-7eb2004e35fb,L3,Tweet
bf0fa73d-5d4a-47e7-8870-dc1966beb738,L3,Tweet
bf22735e-ce64-4e49-864f-16eb88605aa7,L3,Tweet
bf280bcd-443e-4f88-9af2-90ce1a2054e8,L3,Tweet
bf2b48ec-d944-45a5-a84c-f6a0d310ab06,L3,Tweet
bf382b48-74bb-4f64-b2ef-4aac426c7e82,L3,Tweet
bf3bb74b-9735-4987-8f75-091ef7365347,L3,Tweet
bf4664d1-9f34-407c-a563-ad32f1c85368,L3,Tweet
bf471b1c-4164-47b4-bca9-4672da3c91c4,L3,Tweet
bf4c20ff-8641-4f29-a660-430c3a216ce7,L3,Tweet
bf59de83-51c1-4e3d-a285-259d74e53a10,L3,Tweet
bf5c33ca-2ea3-4373-868f-8ed0815a60a9,L3,Tweet
bf76fa9c-b756-4ca3-978a-6b415f9a7e6a,L3,Tweet
bf7b7c03-026c-4ead-87b9-c910aeb78373,L3,Tweet
bf7b9cf2-650e-4b30-a16b-fa6a8096a643,L3,Tweet
bf7fa03a-90b2-48bd-aac5-51686d0e1e12,L3,Tweet
bf892116-382e-439c-929f-afd9b2f5d955,L3,Tweet
bf8ef65a-1028-4539-a031-504600d394b1,L3,Tweet
bf8fb848-57ff-4949-9882-2bb525a5f5ce,L3,Tweet
bf991585-e0ca-448d-be9c-29e0f1085af9,L3,Tweet
bfa2a25f-32b5-46a4-8989-064aced0f538,L3,Tweet
bfb76db9-a520-4943-9945-72fb5d8875ed,L3,Tweet
bfbf05bb-10ca-4ff3-84ce-40162a3830cf,L3,Tweet
bfcefe21-180b-47e4-b890-fff1975e0e11,L3,Tweet
bfed9008-9393-4c0e-ad5c-0f0309a47d9d,L3,Tweet
bfef5333-a87c-41f7-9f74-0824660e2892,L3,Tweet
bffafd58-5a6f-4dff-abd7-e77412bbe36c,L3,Tweet
c001f149-69d0-4777-82b7-30661e94e3dd,L3,Tweet
c00d3ef8-cae0-4122-93fc-f5aa977061c8,L3,Tweet
c00ee151-e9a3-40ef-8630-14552a062e7b,L3,Tweet
c0174cfb-86b1-4b04-a6a7-406e8306f10d,L3,Tweet
c033f6b7-a4fa-4471-9cde-bf1c71d14e45,L3,Tweet
c0381480-49b2-41a6-929c-c5ec93b59c4c,L3,Tweet
c03b7a54-4959-4927-a93f-f7ddf199d46e,L3,Tweet
c04f81c9-0b19-48ad-b8f3-f4fd8ee583c9,L3,Tweet
c061f347-33f3-4533-be6c-96b0e6773747,L3,Tweet
c0674602-4ee1-4957-89e4-237af7562b48,L3,Tweet
c068419f-6215-4caa-94cd-136863934327,L3,Tweet
c07094ad-f24e-4b8f-883f-0ce2961570ef,L3,Tweet
c0772c4a-6cb7-4279-bcc1-0e4e99e0488c,L3,Tweet
c088df05-d512-4bfb-b486-87700d275e92,L3,Tweet
c08bc299-bd31-46ed-a734-d4a5f75eb805,L3,Tweet
c08c7bdb-1e56-4551-8ccf-062d49bac953,L3,Tweet
c09a5dfb-b35e-43e7-87b3-a2ecaff4d943,L3,Tweet
c0a0afd9-15a0-43ca-9412-64cea3636139,L3,Tweet
c0a0f640-68ad-48c8-9192-6059d80f2094,L3,Tweet
c0a528c8-dd06-438b-9072-6b7d8ae282f0,L3,Tweet
c0aa0c6a-e7e0-45b5-997e-bbdb187c3ee6,L3,Tweet
c0b0bd8e-347f-430a-8730-6f433c19e4b0,L3,Tweet
c0c320c6-535b-4cd7-885e-f102bd899435,L3,Tweet
c0c340a6-54d0-4d91-b949-acd697270d45,L3,Tweet
c0c55592-bf84-48ef-948d-f34f3511b448,L3,Tweet
c0cd93a4-7ae1-4c52-b5a5-606f1088f713,L3,Tweet
c0de244e-6ccc-42d7-8093-15e1ffda3618,L3,Tweet
c0e1b8aa-de18-44f3-9711-41b1525a2ced,L3,Tweet
c0e3cad9-88aa-4209-9a59-deeb1fc3e1c3,L3,Tweet
c0eb342a-fdf5-4d7f-b9c7-5c7e9f7939d3,L3,Tweet
c0eb548e-d829-403f-9cda-918423abab8a,L3,Tweet
c0f8db02-3a59-4feb-a54a-32a03e916c75,L3,Tweet
c0fe2bae-58d8-4740-88af-57b222038f48,L3,Tweet
c0ff0ae4-b5ac-46d0-a64a-71c3cc52801f,L3,Tweet
c10f82cd-5927-49a4-b0e3-82a4cabe6988,L3,Tweet
c119cb8d-b86a-4fd9-a964-c7a5e5b8c808,L3,Tweet
c11baa40-0e09-4f12-97b7-e0b1f7f36e9c,L3,Tweet
c124951f-e0b7-4734-967c-76c05d699677,L3,Tweet
c12df860-fc51-482e-811f-25a2b62eb5da,L3,Tweet
c139e8d5-19ec-4c9a-a065-59e1e9f95d0c,L3,Tweet
c13f3c20-7e5d-44f8-b77b-3b0624f18aec,L3,Tweet
c144ded7-8ecb-4e3d-9dd0-7f3f4be3ee0c,L3,Tweet
c1593415-adc4-499a-a894-7876244b04d9,L3,Tweet
c15e4c98-402e-4370-a78a-60e8c8b9d23b,L3,Tweet
c1638ccf-8294-4508-af1a-d971cb1f49bd,L3,Tweet
c16ab584-54c6-42cc-a7b4-5f6022e1d208,L3,Tweet
c16cb948-91db-4334-ba94-4846c3008e8d,L3,Tweet
c17aa93c-4867-4d89-a3cb-abf285719271,L3,Tweet
c18bdbca-3275-4ad0-b7c1-bd112a50629c,L3,Tweet
c198b1cd-103d-413b-913e-af9e36bf9c70,L3,Tweet
c1a86283-be37-44d7-982e-8d804c8a34d3,L3,Tweet
c1b0ce0e-1877-42e9-9f2e-f003ebdfe38e,L3,Tweet
c1c3a5b1-859b-47c7-bd2b-5385dca7e8d7,L3,Tweet
c1d18002-9ef8-4202-ad22-ba3c3befbf70,L3,Tweet
c1dd210c-080b-4fa2-9354-5fa0619df4e6,L3,Tweet
c1e094a6-a407-476c-aa39-d8de48be24f2,L3,Tweet
c1f022c3-be68-47cb-86ba-5dd1b7123784,L3,Tweet
c1f17fc5-6ad8-460b-a2e5-1900337b4778,L3,Tweet
c202ac99-24c0-4e82-8fcf-2c299221b5fe,L3,Tweet
c205efc6-9969-4792-a6bd-523a7aed27fb,L3,Tweet
c21e2d30-d3b5-4d46-b273-7d88e94f614f,L3,Tweet
c224f7a5-808b-4454-9ea2-3cd3415c82eb,L3,Tweet
c2376918-3413-4e0f-93aa-ced9a73f3506,L3,Tweet
c2412c9b-eb0a-4222-9f1e-981a8b0642c0,L3,Tweet
c2556778-f4f2-4df6-9f2c-edfbfc4eeaea,L3,Tweet
c25a23ef-52a8-4cd4-97c0-ad18948b6567,L3,Tweet
c261e0ad-eb9d-4ac9-8f1f-0491efdb5191,L3,Tweet
c2625f74-4436-494e-a2bf-8aa449ded36d,L3,Tweet
c26e8473-b7db-4045-b12c-a2400ae86009,L3,Tweet
c274b9d2-0d7f-4d30-9d7d-845406b4476d,L3,Tweet
c274d5ff-b290-4b12-9e7f-701a474b8120,L3,Tweet
c2771950-6a64-4530-96de-65fec1549aff,L3,Tweet
c29ac3a1-8b9f-4a0a-8a2a-a4d81952e2f8,L3,Tweet
c2a6ed5a-14ee-4e00-b41d-25ef9ade7fbf,L3,Tweet
c2aa7161-2b88-492d-a4a1-7aa77901739a,L3,Tweet
c2ac5282-f4ff-446d-84a3-38a513573eec,L3,Tweet
c2b526d1-6b46-4eff-9341-35079c3d3585,L3,Tweet
c2c5cc64-17f9-49e5-a46c-1b53a445f0cb,L3,Tweet
c2ca3263-1ecc-4220-8e71-c44ee50c5ae5,L3,Tweet
c2d08ac2-0797-4b68-8325-7322b024c740,L3,Tweet
c2d79a66-44ce-4b5c-8323-ce9604a112c4,L3,Tweet
c2d9f5dc-a29a-4d6b-810f-7e57a48870e8,L3,Tweet
c2dfa2e4-396c-4c09-ab0c-55a04d28f274,L3,Tweet
c3004b3c-f04f-403e-b9e3-b7c1b026ab16,L3,Tweet
c3023cd2-1fd3-4375-9726-6dba55c50d6b,L3,Tweet
c3166bde-a3d0-4783-ac6b-6abb8db19255,L3,Tweet
c32ca0a6-3736-49f7-9122-addd94f4a66c,L3,Tweet
c32e4e6f-3c5a-461f-a2f9-6ab5c59c6e30,L3,Tweet
c33cc17e-2d85-4ec9-baca-740708685290,L3,Tweet
c3523db7-82d1-4780-a00a-b10da93a90ee,L3,Tweet
c359896e-fe5f-452b-b176-eb3b6a90abcb,L3,Tweet
c35a9bad-da14-4305-9ab4-6e3ac55da83d,L3,Tweet
c36835d3-e58e-464b-a35a-2e4a4eca7a7a,L3,Tweet
c369489f-bd45-4af0-99d2-28cf0b0a0122,L3,Tweet
c372125b-51e3-4ed2-bbe4-14af3cd1da76,L3,Tweet
c390b006-35e4-4664-9569-455196f60826,L3,Tweet
c39228d9-905d-437e-9e07-4a4d4be04090,L3,Tweet
c399dd9b-4683-44f7-947b-ffe8a8bb0986,L3,Tweet
c3a12e3e-7049-42cf-9109-96d9dae8cfb0,L3,Tweet
c3a645fe-7df2-411f-8256-b5310c28567b,L3,Tweet
c3bafe11-5b4d-40dc-9982-f3bb15f3492d,L3,Tweet
c3c9b335-a3d9-4673-b341-263be02c84c3,L3,Tweet
c3cc2e3b-5051-4da7-b067-b14e4cacb744,L3,Tweet
c3d3bf4b-8dc7-4eed-86a6-1f38027e6f65,L3,Tweet
c3ddec9a-de6b-48c9-9a7a-161a58357746,L3,Tweet
c3e38075-3980-4e18-8016-b4361b4a72f1,L3,Tweet
c3f876da-0410-4a8b-86cd-9e7eafe6d947,L3,Tweet
c3fe2897-1242-41c9-890e-f0b887fbdb03,L3,Tweet
c41088c8-e84f-44b0-acb6-cde666090811,L3,Tweet
c4116bb3-8a43-4a3d-9e7b-7bd327ea6948,L3,Tweet
c412dccd-58ab-4cd3-85ea-653612973e86,L3,Tweet
c4253203-9636-4f96-a9d6-d3bc2091808d,L3,Tweet
c428f03f-4b39-464e-a93c-4d5570d74454,L3,Tweet
c429aa8e-f3e2-496d-aa89-d1138486592e,L3,Tweet
c42a9562-31d6-43bd-a68d-096c3dc640d9,L3,Tweet
c42e2f52-599d-4924-a125-26430408a468,L3,Tweet
c43bba7b-2808-4d1a-a6cd-bd319f6ecca3,L3,Tweet
c43e35a3-9ca7-40dd-b439-88a964c1969b,L3,Tweet
c446d1ad-8473-469b-a476-73ea0be1ae44,L3,Tweet
c4508bbd-4dae-469c-8646-62d24cd39e7f,L3,Tweet
c45efa24-393d-418a-bbb0-7d1822a7cce1,L3,Tweet
c46b1d98-d751-44bd-92b1-f5612c33877d,L3,Tweet
c4709121-0d6e-4ebe-975f-0d581b343cd3,L3,Tweet
c48c8dfc-67d5-4f44-9b38-fa7362e9a417,L3,Tweet
c48f8229-4e4a-47b2-9501-00c81a6b03e7,L3,Tweet
c48fc332-b5cb-4830-b2b3-b0661238de64,L3,Tweet
c4903eee-ce6f-44a9-9c69-7e3b1799d9e6,L3,Tweet
c49823eb-a163-4a99-bb36-6b8cfef9f7b9,L3,Tweet
c49ede76-6e04-45c8-b0ea-dcd5438b303a,L3,Tweet
c4b433b0-e8e0-4316-9144-2226a57baa0c,L3,Tweet
c4b63d6e-2276-4b49-af0d-69c12d548765,L3,Tweet
c4b726b1-703e-4326-a2a9-0fb7ab380e8d,L3,Tweet
c4bc2131-fb96-4ab2-a871-05f7bac7052a,L3,Tweet
c4c920db-913f-40ee-a1ed-3e003d14ede6,L3,Tweet
c4cf1a93-99b3-4955-b356-a685ed65a29a,L3,Tweet
c4d53664-c6dd-42eb-a5e1-f182e1929544,L3,Tweet
c4d6bed9-a7d4-47b7-bea8-f54f932dfcbd,L3,Tweet
c4db057d-48bf-4c5c-9aeb-19426069749f,L3,Tweet
c4e286e5-ad37-4aad-9f9a-53a441cbed2a,L3,Tweet
c4e55f3c-fce7-44d0-b44e-332668251304,L3,Tweet
c4f5c829-0ef9-4ceb-803c-ac5f45d3d159,L3,Tweet
c505c166-e924-40f8-845d-a898393a6865,L3,Tweet
c5121e7d-d65d-4e47-bdbb-659508ef3692,L3,Tweet
c5144136-294c-4991-9df2-d6e0dfbd1a9d,L3,Tweet
c518b2a0-8c0a-406f-9c42-87ee05c2a45a,L3,Tweet
c51c2355-f476-441d-9332-7cc403559135,L3,Tweet
c5275571-e0f8-492d-90d2-cf9f8ad0ade3,L3,Tweet
c52a33a3-312b-486a-a3b6-d60eae893ab6,L3,Tweet
c52cfb55-fdb7-464f-af66-15b146aa126e,L3,Tweet
c53085d3-9844-4e48-980a-2cb24ca63d8b,L3,Tweet
c53122be-5d89-484f-a6e6-6c5edf586929,L3,Tweet
c53e2652-a95d-4165-98bd-3e7c56c7bef7,L3,Tweet
c5553619-897e-49e4-8d79-e7bb56df146e,L3,Tweet
c556e1f6-a5ce-43a3-b97a-7dcdaaa521ed,L3,Tweet
c55bec32-5ea4-47c1-9087-3e618514e8ac,L3,Tweet
c57ab82c-496b-4521-92a4-26dfedc91a12,L3,Tweet
c57ff519-9859-4283-86c0-7cc5df9a24dd,L3,Tweet
c5910d94-69eb-43cc-bbb1-ca34bdd4b9a2,L3,Tweet
c59a9dea-7a34-4abc-abb4-468492bf0e3d,L3,Tweet
c5bf4492-2d13-4795-ad41-c33b5c9022d3,L3,Tweet
c5cf317b-36c4-4995-9040-210fcc1de2d2,L3,Tweet
c5cf8b86-0a9e-4614-8eec-f21086ecc93c,L3,Tweet
c5cf8e25-40e8-4500-8f90-ba844350998e,L3,Tweet
c5d2ff16-a483-492e-b95c-21bf25d15b3e,L3,Tweet
c5de2c3c-9117-41d6-9485-ea9e65e29ed0,L3,Tweet
c5eb7966-1160-4575-93f2-9a94991b82ce,L3,Tweet
c5f0c0b6-ffb0-41d0-bf23-235883605e0c,L3,Tweet
c5ff50a0-a2f0-46d3-be2c-1c8fc396c102,L3,Tweet
c6020f3a-e317-492e-b75d-0b64fad9981c,L3,Tweet
c6038aba-1c6a-4027-b4b2-93f709be20b0,L3,Tweet
c613c0c4-8df8-4354-ae48-e4fde30b95db,L3,Tweet
c61b0941-9876-4647-a65c-736601a8accc,L3,Tweet
c61e7ba4-a112-435c-90eb-cdb426b6b011,L3,Tweet
c62338b0-2ee4-4a82-ac07-d1ff22d7e760,L3,Tweet
c6273216-f6e5-4291-9e58-1351c38bdc9a,L3,Tweet
c62789e2-45d1-422b-a69d-31474623c670,L3,Tweet
c6283d87-fb78-4d37-9dde-17e415c1e810,L3,Tweet
c62bc02a-450d-4c8b-a328-c34ba8d381f9,L3,Tweet
c62c9225-ff8c-471b-ab40-ece730c641e5,L3,Tweet
c62f63ed-05f9-4f20-a859-cdc32f61bdee,L3,Tweet
c638a7f8-1307-47bb-afdb-4f0f892dc0ed,L3,Tweet
c63b3116-acd7-489d-ac1c-7fe4bd7d1bbd,L3,Tweet
c63bef40-890f-4f7e-ab34-8dd2d83a67bc,L3,Tweet
c6457cbf-6332-44ad-92ae-2a7cf82ab723,L3,Tweet
c64ba566-e1cc-4e14-9dfb-78e0edcbd424,L3,Tweet
c64e4813-a047-4b82-bbfe-57af08dcd58a,L3,Tweet
c6570269-6834-46d2-b9a9-538c8b8327e9,L3,Tweet
c6678ebe-f808-4993-8bd8-d0dcbc971e55,L3,Tweet
c671baef-1cf9-496e-bf51-2145e2fe5961,L3,Tweet
c67ea163-1740-4ada-899c-2156bf655a94,L3,Tweet
c6802564-0a61-4b4e-97f0-02f2c9260bb2,L3,Tweet
c6838f66-6bb9-4fa1-b6ba-063a02d754ba,L3,Tweet
c68cb594-514d-42b1-928b-d447795fbde4,L3,Tweet
c6904dcb-0bbc-4ee4-b52c-868f191ddb02,L3,Tweet
c69b2e2e-31c6-4000-a66e-3145f10e4f5b,L3,Tweet
c6a2b950-8a89-4c3a-a5e6-ad3d304b45ca,L3,Tweet
c6aaba06-bf79-4f5c-b466-21955550d944,L3,Tweet
c6ac0064-a6a3-4d80-bfab-9d8594b28f95,L3,Tweet
c6b648ca-878f-4448-a904-b45d12e58d16,L3,Tweet
c6b6851d-064a-4f01-b135-078b11326abf,L3,Tweet
c6d2d063-1279-40c9-9052-5cf863ed235b,L3,Tweet
c6d43c00-cc85-40e7-8465-027597c5569f,L3,Tweet
c6d91014-ce2e-4df3-965a-2ce7b1b0c060,L3,Tweet
c6e86610-29f5-464f-8f58-b26a4437742c,L3,Tweet
c6ec33e9-c21b-442f-bcb0-bec98961accf,L3,Tweet
c6f6a13d-b01a-4cb8-8397-971d59247b13,L3,Tweet
c6fa8c4f-3c9c-4d05-afc8-9fcebf488b59,L3,Tweet
c70a4c09-460c-4f83-bc2b-d14b05c7603b,L3,Tweet
c71378f1-273a-4802-b6eb-a15f712b90e9,L3,Tweet
c71a58e5-22ca-4061-80ce-3281ccdd4d60,L3,Tweet
c71c9e1e-305f-4125-b306-6ebeb312605e,L3,Tweet
c71d94e3-c4ef-4578-9b8a-98daaadd21b5,L3,Tweet
c71e5c17-3a79-45c8-a2bc-491be8f4bbdd,L3,Tweet
c72e42c2-9e1a-4b16-a0e7-e31c5b47d7bb,L3,Tweet
c73eda2b-e3ff-4a8c-a9a1-4fe8413419b6,L3,Tweet
c74756bf-55bb-4c5d-91c0-caf7b09f8cda,L3,Tweet
c75dc4e0-25b2-4ed1-a90c-f16a3857d7e1,L3,Tweet
c76cce42-6ff1-46d3-9456-e9245a9d298d,L3,Tweet
c770d350-0bb1-43f5-91b5-b06354ec5908,L3,Tweet
c77638fb-95b6-427a-9bfe-2221ab1f0edb,L3,Tweet
c77f72cd-d3ef-48ae-a304-5898e6c38b62,L3,Tweet
c78752e4-6e93-4691-a282-237d78c7306a,L3,Tweet
c7897d39-95c5-466e-9e9c-6cb38bc13000,L3,Tweet
c7a28e74-353a-40d8-a644-f4839ab7a336,L3,Tweet
c7a8779d-bacb-4f1f-b4f8-5a09f601aa46,L3,Tweet
c7b87aac-f177-43c2-84f5-13023285c287,L3,Tweet
c7c002a5-9887-4ffb-87fa-5b775c903dcb,L3,Tweet
c7c18df3-43fc-4b53-9ae7-54955745fce8,L3,Tweet
c7c8cd65-8247-4e7b-a65b-bfe39197ab0b,L3,Tweet
c7d89801-75f4-4ee6-8d16-470d5ada5843,L3,Tweet
c7d899bc-602a-4902-abbd-5dcf21b4e75e,L3,Tweet
c7d9ab9a-a015-4008-a3d1-81c567806e4d,L3,Tweet
c7e48e2e-4dca-4567-a07c-c39c6d48846c,L3,Tweet
c7efc010-f512-4cf9-be99-c4e65553e9dc,L3,Tweet
c7f4e4f5-e073-412c-b5ef-656cccb922d9,L3,Tweet
c80b7aab-f4da-4046-ba56-ab79892fe337,L3,Tweet
c813127a-bd0f-441f-9390-279a1b62951b,L3,Tweet
c818ac5a-9061-4b59-82c8-f4659b448a7e,L3,Tweet
c822d49b-e752-46e6-9019-79e337162a58,L3,Tweet
c823925e-ddb5-4b87-8ca6-a1523e1d198f,L3,Tweet
c826a67c-1d98-487a-b489-781f3e17b58d,L3,Tweet
c8270fd7-b31a-4b6d-8772-2dda26bfe7b9,L3,Tweet
c82e1ab2-1a11-4c30-bcb7-de4b1064f37c,L3,Tweet
c8325796-3ab9-4f0e-be30-cab88f7244bc,L3,Tweet
c83604fb-76a6-4ea7-a456-8914f5e13279,L3,Tweet
c83637d4-0543-426f-88f3-e74cd3d861f5,L3,Tweet
c8443ddf-aa5e-401b-9815-12a464d9fb40,L3,Tweet
c84ffd10-ddfe-420c-bb96-f563ab658eba,L3,Tweet
c85554f1-0295-4058-ad4b-57d26c672c9c,L3,Tweet
c8606002-1d67-402f-8328-fe20a3cc78fb,L3,Tweet
c873c4f3-c7db-4a21-b308-2085b8de4d92,L3,Tweet
c873f5c0-e94f-42e2-8681-163f8ec7d60c,L3,Tweet
c87ba4e8-f8ce-4aad-be62-efc96d108c1f,L3,Tweet
c87d3571-4b9a-4704-9782-5b2a5b6da290,L3,Tweet
c881b549-05ec-4b28-aad8-6be6dd866993,L3,Tweet
c886dc2c-1a23-4b7f-b57a-fcd078f6526c,L3,Tweet
c88af9c6-eeb1-4d91-a2c7-baf299155933,L3,Tweet
c891d2df-414a-4c5f-bd04-7febdb59c708,L3,Tweet
c8978804-f549-483e-831b-ad095d3bf880,L3,Tweet
c8a3d2bd-a753-4bdc-a257-b0a61a2c4f3a,L3,Tweet
c8a9288f-2ada-424f-8c2b-e50cd8bdb216,L3,Tweet
c8ab017d-8502-4ab7-ac45-969006abd6ef,L3,Tweet
c8ad8848-f7d2-45cd-b043-9576b961c81b,L3,Tweet
c8b50eab-14cd-4c86-9d4d-d78b8d266f64,L3,Tweet
c8bb54ef-ed75-4775-9051-da5cf316ea46,L3,Tweet
c8c3127c-e73b-420f-a4c1-12994f22dbd6,L3,Tweet
c8d36f31-a861-46cf-a0a1-e1f686e69ac5,L3,Tweet
c8d4239e-e672-4cae-989d-4401dcc80e2a,L3,Tweet
c8db2fe2-cb2d-47b5-8763-05b9c5d4a00a,L3,Tweet
c8e9f45b-34a6-4481-83c5-db3af90cc67c,L3,Tweet
c8eb8358-0309-461a-b17b-25042c2c37b1,L3,Tweet
c8f5a4e7-26ce-4492-a2e5-a47fc7cb1f67,L3,Tweet
c8ff30ed-b215-4b67-88f2-1c4f2d8ba439,L3,Tweet
c9055977-ac82-4d5e-94bd-ba649f6adfc9,L3,Tweet
c90a6f61-701c-4fc6-82f4-6bf3bce977ad,L3,Tweet
c9137385-029e-4df1-818d-4c0a39f93390,L3,Tweet
c9197ef5-140e-4a4d-8250-90540c4d77ee,L3,Tweet
c97f86b2-0f78-4942-837f-50cbabe89de7,L3,Tweet
c987efd4-d331-4262-b81f-f973c52730b1,L3,Tweet
c98d9d71-4aaf-4d33-a0a3-f29d65b048c2,L3,Tweet
c98e00f5-a707-4d9f-9a1c-8da9670589f3,L3,Tweet
c992ca26-f83e-4201-bb7e-3fd25a3290c9,L3,Tweet
c9d69b04-94c3-4731-8267-ebbc1507169d,L3,Tweet
c9e8a805-1de8-4d2e-8245-c8869e9040f4,L3,Tweet
c9e8b0a9-b01b-4081-becf-a9a61fb0a9da,L3,Tweet
c9ea4ad0-24b5-4503-b167-a67ef719bc7e,L3,Tweet
c9eceb99-c835-4842-b6d4-213c4ec5f905,L3,Tweet
c9ed2eb0-e297-45e0-8b3e-183e88474431,L3,Tweet
c9edbf0c-33b3-4688-908f-7304250ab86f,L3,Tweet
c9f065b5-f1d9-4a5a-bd79-90817b18f1ec,L3,Tweet
c9f0ef02-fa3d-4805-8daa-f1ba40be9f3d,L3,Tweet
ca180299-90e5-4088-9561-b9d9329446ed,L3,Tweet
ca2025bf-ebc2-4fa5-b73b-cff3020078cf,L3,Tweet
ca214d37-e1be-4052-8f46-ef942e7f733c,L3,Tweet
ca26d650-6ae6-42f6-9f26-12a13b6cde63,L3,Tweet
ca2a3683-7ff9-40d1-8831-c171375419b4,L3,Tweet
ca2cccaa-b1fc-4a10-83a2-c4b2c03f74e5,L3,Tweet
ca2d1f10-1100-4c14-bdfe-096e088140ab,L3,Tweet
ca33b49f-f4b6-4f3e-a969-de1a74873fde,L3,Tweet
ca411598-dd98-42e8-a9e9-25495796b7ff,L3,Tweet
ca43120a-0135-4e13-9282-275d70cff650,L3,Tweet
ca498f9f-a501-49ae-bd8d-02536c23e87d,L3,Tweet
ca50ca32-774e-4f69-933c-e738f2aeba6b,L3,Tweet
ca58c5f7-80dc-4c53-ad2e-5600d8ffe638,L3,Tweet
ca59a1b5-365d-42c4-8b26-e22e922535ca,L3,Tweet
ca5f8b0d-c771-4f3f-9c1d-7ae8ec35ac00,L3,Tweet
ca66aa29-530b-4cef-99ad-a15a25c2fbb1,L3,Tweet
ca72ae09-e8d7-4363-a77b-cd646ba50e17,L3,Tweet
ca72cf9b-bf14-44ca-81c9-c06618585188,L3,Tweet
ca8136fc-0c90-4409-a258-806223d925d9,L3,Tweet
ca8c1cd1-5e39-403f-8240-683baa3f76ee,L3,Tweet
ca950fa3-c9da-45ad-8f41-2873098144e2,L3,Tweet
ca9b5624-7c23-4f91-bedd-0ceff66c4912,L3,Tweet
caa86e5f-e4e1-4433-96f8-7f2489e00568,L3,Tweet
caa8b660-9f5f-4b93-b4c7-2cf40bdd7efb,L3,Tweet
caaef67b-82e4-40a6-a58e-37e13f114ee5,L3,Tweet
cabf2c3c-8d69-4219-a744-bb482afe9bf1,L3,Tweet
cac7603a-a618-4adf-af2e-9dd1d7bcdad8,L3,Tweet
cad18567-829d-4bb6-b6ea-bbff7221cadc,L3,Tweet
cad5a3fa-fbd6-4aa1-a1bf-727b540b8d9c,L3,Tweet
cadabeb8-e804-4bc8-a33f-29d9ecac0b51,L3,Tweet
cadb1423-53a3-4937-9919-344b1cd0a091,L3,Tweet
caddefd8-cdb6-4ce3-bae7-ea955e715432,L3,Tweet
cae4b258-18be-43a2-8442-ebae32522133,L3,Tweet
cb070407-029e-46e8-b663-f0410d57105c,L3,Tweet
cb08214c-1cd7-45d3-8d37-ae8584231f45,L3,Tweet
cb25480a-d884-4637-9281-aecefd31ed2f,L3,Tweet
cb25ec57-f4d3-49df-9558-1771d2f08017,L3,Tweet
cb2bd385-d428-4c82-bac4-011aa2cfff86,L3,Tweet
cb2cdab4-e9ea-401f-905a-fd82c8313c46,L3,Tweet
cb38d58d-1aa4-49d8-8128-51595aeae8d3,L3,Tweet
cb3d1837-8415-4abe-923f-310ec44c6e62,L3,Tweet
cb3e1818-2c78-4aca-9e65-550f9be30f76,L3,Tweet
cb3e342b-db46-47e4-8a96-8aef6b511edd,L3,Tweet
cb3eca16-3f02-452a-b1d1-e277c6f1ba78,L3,Tweet
cb49c5d7-e10c-44a8-94fe-a1a378724a0d,L3,Tweet
cb5722db-98fc-4b86-929d-4f2d1ec4456c,L3,Tweet
cb5e3806-055d-4a6a-a2d9-ad5c2bbc233e,L3,Tweet
cb62830b-6543-46d4-a8b5-65d2d60c73b7,L3,Tweet
cb639e11-e0c0-465f-a093-623bf82a9a29,L3,Tweet
cb6c8881-26f9-4a92-bc2f-17e8c3ce02c6,L3,Tweet
cb6cb72a-3b41-4f96-9b91-c22d874c3d30,L3,Tweet
cb74643c-adaa-4554-9bf4-0adb3848b8b6,L3,Tweet
cb83910f-8900-4c0d-8d89-6a341d286c49,L3,Tweet
cb88533d-d0bd-4fa3-bc9a-870f292eec91,L3,Tweet
cb8e1998-3833-492e-a848-0e66adf28439,L3,Tweet
cb94073a-17ca-49d1-a4f7-a0843fec2527,L3,Tweet
cb95bd88-e741-4bea-bfe3-4650ab376655,L3,Tweet
cb99f974-66ec-4f32-9407-85da3632a6a1,L3,Tweet
cba79cf2-575e-49cf-9825-63070e077648,L3,Tweet
cbc36477-83a7-4c84-9eba-4518c70bbe37,L3,Tweet
cbc52eae-a3c1-4a1c-990f-da595002aaff,L3,Tweet
cbc6e099-f80c-4632-bf04-7585561704ad,L3,Tweet
cbcf8d98-02f5-4286-a321-e071ae54b6e5,L3,Tweet
cbd27bac-d99f-4522-b7df-a54772fda816,L3,Tweet
cbd39b1a-70c5-4f8a-89ca-503104aef421,L3,Tweet
cbe40649-21ac-4151-8e6a-4d8331a62887,L3,Tweet
cbe72fb3-849a-4d97-a01a-4bf592d03743,L3,Tweet
cbf04cf5-e09b-48d7-af7b-f2f3fa5736da,L3,Tweet
cbf9d3d2-1b43-4261-971d-8201e455d2dd,L3,Tweet
cc01df5b-6d1a-4ed4-9349-2cafdc49040c,L3,Tweet
cc03df6c-16f3-44c4-b001-39dce12e1c4a,L3,Tweet
cc0fe3f9-82ff-4435-83da-cabf04979281,L3,Tweet
cc106f82-9314-4944-8349-3dd29d58ad51,L3,Tweet
cc1114f7-4669-41a0-8834-7f367820b6f7,L3,Tweet
cc13187d-6dd9-4f26-9081-8d0075965954,L3,Tweet
cc19607f-be96-4618-9fdc-bcade666376d,L3,Tweet
cc19752e-2de9-4050-817c-f8e18bc2c591,L3,Tweet
cc24a0c9-2b7d-4110-85bc-4f4db3311902,L3,Tweet
cc365518-68e4-4dd1-82f8-9cbf58bdba0f,L3,Tweet
cc36bb64-7bff-40b1-8df3-f9e623c1ecf2,L3,Tweet
cc4451a1-a2b4-4341-b9d6-10b97c57a241,L3,Tweet
cc449bc3-2398-4ea1-ab4d-8502a211afeb,L3,Tweet
cc5fae5b-d65c-4216-bda4-7358a298d107,L3,Tweet
cc6b2aaa-7cf4-45d6-8f4e-e67cdc3fb0da,L3,Tweet
cc6d80e2-687c-4a11-ab31-fc84b2498589,L3,Tweet
cc75eb41-3602-42ad-855d-b000731a34fb,L3,Tweet
cc800576-6ef2-4364-844a-14ffc5679416,L3,Tweet
cc8f987e-4779-4396-80f1-16826ecdc810,L3,Tweet
cc90cdc7-90e7-4cb0-a88a-27d20f7ff3dd,L3,Tweet
cc99101a-9f8f-46b3-a7d0-d618d930135a,L3,Tweet
cc9f7cab-f4a3-4b20-8ba1-6266b527f89b,L3,Tweet
cca29081-4fdc-4c70-a5b6-4ee7b4048aba,L3,Tweet
cca29df7-8fd3-41f2-853c-6fadd0aa4095,L3,Tweet
cca554f1-63ab-4b29-aa9d-9b5169c4c607,L3,Tweet
ccb42c44-1677-4673-93ba-77e061939a78,L3,Tweet
ccb9f2eb-358b-4312-95bb-441eb70ae656,L3,Tweet
ccc0529a-4867-4831-a867-0550f0763897,L3,Tweet
ccc76ae8-e946-4363-a6bc-07e5ef09ba92,L3,Tweet
ccce1b67-48df-49cd-b95d-2334d1889faa,L3,Tweet
ccda2689-f72f-47ba-bd7c-85f4f4016bd1,L3,Tweet
ccdd379a-e731-4cee-96af-4a79cd65bb1a,L3,Tweet
cce04d52-4523-4567-a5e4-2a27a7322d2f,L3,Tweet
cce69939-360d-4b84-a696-6321721758d4,L3,Tweet
ccf283a4-74ab-40e3-a4d9-b77203d2b97b,L3,Tweet
ccf6255c-dd9e-48ba-88d2-a14400fe7546,L3,Tweet
cd003365-b2af-40b8-af79-299acdebcd14,L3,Tweet
cd060b39-9b57-45f2-a1e8-dcf631b2b903,L3,Tweet
cd066965-7f13-48ac-a17f-df8c31e6a190,L3,Tweet
cd148ffa-659d-48cd-b6b2-bbcb0e3c9662,L3,Tweet
cd152e53-6797-407f-bd4a-d9b4598de12a,L3,Tweet
cd15903a-b20b-435b-a7d7-a5c036c8d058,L3,Tweet
cd1a52cd-cee7-4d74-ad28-b7b708757934,L3,Tweet
cd1df148-0df5-4017-8ac4-cab6e5f924de,L3,Tweet
cd21475b-1513-4046-9dce-86a46c6cb330,L3,Tweet
cd26341d-5b31-45dc-b2a0-6c9ebaf693c5,L3,Tweet
cd31ec88-b89c-4659-bfab-02c00f514a6e,L3,Tweet
cd37ef5e-ce07-488c-9cb1-091c4d8369b4,L3,Tweet
cd3b586c-ebf1-4743-9c38-623180e23dc3,L3,Tweet
cd3e4f81-8fee-40dd-91ac-fd0fd4892a0e,L3,Tweet
cd422439-644b-491e-b3a3-3ef9ca8fa421,L3,Tweet
cd488c10-4101-4664-a235-52441238811f,L3,Tweet
cd4c7359-4066-4598-9f80-f73dc555d0e8,L3,Tweet
cd4f12b1-3d33-4ea4-9283-3009d9dbef62,L3,Tweet
cd501fe0-808f-4109-a2d9-6ea46dceaa75,L3,Tweet
cd572458-c5ea-42fc-be01-437eebf0c816,L3,Tweet
cd5c393c-b74e-416c-8e18-62f33f93cd12,L3,Tweet
cd5ee35b-3e41-413a-9647-9e93e49ccbae,L3,Tweet
cd61b30b-36c6-41cc-a624-9809e52a4800,L3,Tweet
cd6ef01f-5497-4f1f-b7bf-8c37d8b96fe8,L3,Tweet
cd6f5d4e-f6c1-49fa-844f-846ef9b86ff4,L3,Tweet
cd836a57-9241-41d3-b49f-7a84b2b75547,L3,Tweet
cd86d246-43d1-4519-a2f1-989a2107789b,L3,Tweet
cd91fdd4-f5d8-463e-a841-7a376e76852b,L3,Tweet
cd940551-6883-4a07-971c-4c74e3c370cd,L3,Tweet
cda8a1b6-e011-463f-aa02-23085ad36eea,L3,Tweet
cdb61c63-1a2a-4d83-8bf4-01a1f5f83b0e,L3,Tweet
cdbfa164-5d47-4e03-a082-e6f722c67307,L3,Tweet
cdc6ad5b-40b5-465f-aae3-b405aa6c47c6,L3,Tweet
cdcabbf0-5c7d-4e4a-810c-ac184fa5ea64,L3,Tweet
cdcbc086-b670-421a-b196-090e6799e9b1,L3,Tweet
cdcc1b71-afbc-454b-ba36-780ccf54ac42,L3,Tweet
cdd0d48c-2ef6-4507-b31f-93598af00e38,L3,Tweet
cddeb3a2-06a5-4221-8754-35ec18346771,L3,Tweet
cde2ebce-d389-4ec9-bdf3-caef287250e0,L3,Tweet
cde8de42-7779-4931-a0b9-7679fb6f6afc,L3,Tweet
cdebc013-e854-4591-9da3-692b5c850501,L3,Tweet
cdf54cfc-772f-4087-9450-05360d0e23dd,L3,Tweet
cdf901f5-3922-4a46-9660-c93fa9e7d642,L3,Tweet
ce004b98-97ab-4263-8fa4-3c910cd9b310,L3,Tweet
ce013f8d-92da-468c-a52b-c067e355ef32,L3,Tweet
ce07435a-2fa4-4682-ba9d-5027cef53c63,L3,Tweet
ce137c56-c027-4ec0-bf52-3f482bc0a7c7,L3,Tweet
ce208ba8-c200-47a9-b22c-4810b26ee28b,L3,Tweet
ce227050-1799-4452-b87e-74f717c42142,L3,Tweet
ce2df609-0a78-4139-a4a0-ce7832eddd11,L3,Tweet
ce312322-9a01-4847-b234-7f10e7fa9a71,L3,Tweet
ce31dbc1-5196-4f86-a191-b96d3bebf390,L3,Tweet
ce452373-19ff-4848-9314-1cab733f887c,L3,Tweet
ce4a7a34-3fdc-473d-8dc0-3e3e6ff5a127,L3,Tweet
ce4bf427-1875-402b-8275-545790d64015,L3,Tweet
ce570d95-82d9-4256-9f8f-313b8bfd3335,L3,Tweet
ce58b635-ca75-4d6a-94b9-ffab0bc572cd,L3,Tweet
ce6b324b-81b7-4a12-9a60-cab1b60c8537,L3,Tweet
ce6ce884-4146-4053-90a7-c5a314a721cb,L3,Tweet
ce749674-e539-47ae-b4ad-52f089c81bdb,L3,Tweet
ce7ea0b5-eeae-48e9-b32c-19a826fdb23e,L3,Tweet
ce892cf7-b5d9-480b-9257-097f132f87cf,L3,Tweet
ce8da086-3a85-4002-bb0c-ad81f24937fc,L3,Tweet
ce8ef930-0b95-4c53-b7c0-6ef2183cc72f,L3,Tweet
ce91ce16-ad08-47ad-8728-7d8c2a37e8d2,L3,Tweet
cea77e7c-4bd4-409c-8628-52aa7528e60f,L3,Tweet
ceab82ba-bb5f-4047-80ae-cc94b9d6664e,L3,Tweet
cec06bdf-995b-40bf-9870-d8f5cb029852,L3,Tweet
cecbab82-cf8a-4aa7-9658-26d341cdef13,L3,Tweet
cecf0df3-9aac-4684-b6d5-e6ef5ade228d,L3,Tweet
ced1f07a-b1c6-4124-bd15-c3e2294351f8,L3,Tweet
ced5d285-8b11-4e31-86a8-f6139db7c63a,L3,Tweet
cee49908-724b-44be-acde-1bafbfb33e42,L3,Tweet
ceea4dce-0c3b-4ecd-acde-5fefb6c5e128,L3,Tweet
ceedcf97-3804-44bf-84c7-b8ae71da1796,L3,Tweet
cef81b98-e3cb-4aca-a14c-a5f282c72415,L3,Tweet
cefad023-3321-4417-9124-c06420e70990,L3,Tweet
cf0d0391-6199-44e8-be27-b10c58fa22d5,L3,Tweet
cf1ad286-f463-4ac9-950d-4bafe573d18f,L3,Tweet
cf23e9aa-8993-45c4-a1e9-d8be0db2badc,L3,Tweet
cf24fbe3-0039-4e9a-9b0d-11a14b0e40d1,L3,Tweet
cf27427b-139f-4be0-939b-71f83000f736,L3,Tweet
cf2b0d2c-e205-4248-99ff-b2e9930626a6,L3,Tweet
cf3db7f1-7afe-46db-ab24-82fd4ddc40d7,L3,Tweet
cf45d5a1-41ac-48f9-897d-a7a4c52da466,L3,Tweet
cf485b28-f695-441b-ae9e-165e4f0ec7b2,L3,Tweet
cf4f8046-2d5b-45d4-a510-83f9f966a1e3,L3,Tweet
cf5533ea-ccc0-4f28-9507-28d177f5ca42,L3,Tweet
cf5a3b6c-ea56-4c4e-b476-aba35be69528,L3,Tweet
cf5a70a2-d821-419e-a72d-55a99f2b1f41,L3,Tweet
cf5ddc6f-008d-4c8b-89df-3e43efc81402,L3,Tweet
cf6fe24b-e3a5-4c6f-b468-854fe4fa5fb7,L3,Tweet
cf752279-11f5-4983-aa31-fe1e7061f452,L3,Tweet
cf7bf1aa-7d8a-43a2-a719-107af32dc62b,L3,Tweet
cf81745b-1ab4-4ba1-b95b-cf6fa87982e3,L3,Tweet
cf82568e-5e4b-4054-a388-7d5ae5537327,L3,Tweet
cf943835-0ea9-4e9a-b8f1-865e013155fb,L3,Tweet
cfa1d94b-1964-4887-890a-6f330408a985,L3,Tweet
cfa5935b-b1df-45df-a1b2-64927b41b595,L3,Tweet
cfae31a4-9153-4302-b27a-659c3d74d1e7,L3,Tweet
cfb4cee8-5787-43b8-92da-dc632920320c,L3,Tweet
cfb517bf-a3a7-40be-a28c-759ae2f6458e,L3,Tweet
cfbd0351-ee39-47ce-89ce-e5d6efbf9f65,L3,Tweet
cfbf517b-c58f-440a-993b-5139707ba422,L3,Tweet
cfc08e55-2ada-4eee-b6e2-924a4f098674,L3,Tweet
cfc6c4fd-eae6-4aef-aabd-ec04f6c3a77f,L3,Tweet
cfcaa5b1-3e2b-43b0-b91c-194fba034d99,L3,Tweet
cfd47f11-17d0-4daf-a41a-2b12a834e34c,L3,Tweet
cfe6a4fa-046e-43f6-ab22-eca755080ef4,L3,Tweet
cfe8afc6-dcfe-4fd6-b36c-0f195edfbc37,L3,Tweet
d0136885-ca48-447f-8485-82583b5e8105,L3,Tweet
d017055e-4f6a-458e-9c45-f5c39c0282b7,L3,Tweet
d0228144-eb1e-4341-b736-09c2732d370f,L3,Tweet
d0251a03-2c0e-4a70-9e01-36037f1b20d5,L3,Tweet
d0253808-8390-4348-9808-83fbd1a522b6,L3,Tweet
d0294378-9031-471f-8aa1-3562ea2b6e93,L3,Tweet
d029a054-87ab-491a-ab92-fd567db6a265,L3,Tweet
d0343c6c-68ff-4fe5-b0e2-6bd3c89846e0,L3,Tweet
d0394ebd-f073-46a0-a547-2596653817d5,L3,Tweet
d03ea1c9-b675-4e06-9ec5-01b53a218787,L3,Tweet
d044c47a-ccba-43c7-beba-e444294ca058,L3,Tweet
d04687e3-ff94-4aca-b5db-8ff40771256f,L3,Tweet
d04c6886-6489-41f5-8c79-ef311972967a,L3,Tweet
d0509e31-fa14-4fbf-8d9d-67da623b5f38,L3,Tweet
d05e4c6e-0415-45e4-ba44-1f1f518ec8c9,L3,Tweet
d0600518-21ea-4284-b7bc-ec9ebbcc36aa,L3,Tweet
d063b6cc-9830-49a4-be1e-ace3d7e8e0ac,L3,Tweet
d06630fd-ec51-48af-9c39-0d63dc7976d8,L3,Tweet
d0762a33-deea-48ce-8cce-4e111b0bf083,L3,Tweet
d07873b2-a35c-4c6e-8469-5b747fab0d28,L3,Tweet
d07be22a-4e87-45e8-b731-f49395077be0,L3,Tweet
d07dbe40-215e-4bdd-bd17-296eed8c0cdd,L3,Tweet
d085421d-aa62-4876-b33e-2e73c7ede9ee,L3,Tweet
d09ae2cf-6e7c-4d7b-9413-d42bc09f57d4,L3,Tweet
d0a9610f-668a-42d4-a473-5698db3c308d,L3,Tweet
d0bd44b8-2518-4e1d-acad-affa3857cb0c,L3,Tweet
d0cb63a2-a90f-418e-ad61-ae5b4131dd06,L3,Tweet
d0d75ecf-f2ef-4b91-a069-9c43795c751c,L3,Tweet
d0dc87c1-afec-4be5-a801-1b7babc54c71,L3,Tweet
d0e91a34-ff1a-414d-93da-fb637bcc3313,L3,Tweet
d0f7a579-1a2f-48c7-9d2b-7bccca4259d5,L3,Tweet
d107b444-89a8-4c13-8e6e-6279f4d1ee93,L3,Tweet
d11bc7a3-c4b2-4968-a129-da7757870345,L3,Tweet
d1263625-eea8-454f-ba0d-5098f2a9b946,L3,Tweet
d128e5d7-6e99-45be-b123-39326e5ec167,L3,Tweet
d12c3845-adc7-4a64-ba0c-76db76dff7ca,L3,Tweet
d12e11fa-958a-426e-a2e1-42e3020b2984,L3,Tweet
d13c624d-c5ec-4009-ac8e-1a3e203cbc3c,L3,Tweet
d14f3184-a6ca-486f-b19c-9c1a59866466,L3,Tweet
d14f681f-f304-4a90-ab8f-46ca8d042747,L3,Tweet
d157776e-a0ec-4893-a88c-766f495597f7,L3,Tweet
d1586ad3-5e05-4a1b-96fe-b8d15e95649f,L3,Tweet
d15b1f65-34b5-45d5-be99-9ac1cf142d98,L3,Tweet
d15b390a-5614-4915-a63e-578f8a43e7d4,L3,Tweet
d161cbb2-81dc-4ec3-9114-6d402af4ca84,L3,Tweet
d16f986f-8914-4715-b319-f2491c8ca3ec,L3,Tweet
d17ad4e3-37e0-4704-ab5a-4d7289d9a039,L3,Tweet
d18bbb4a-2443-422a-8c5b-eb1216678e9a,L3,Tweet
d18c49ec-06d6-4639-9c13-4411e2ca4963,L3,Tweet
d194d40b-704f-4b3c-9048-eec1a4955473,L3,Tweet
d19cb974-d9df-4941-a04f-49aae533db52,L3,Tweet
d1a797f8-23c4-44fa-a54d-dc65015ffb90,L3,Tweet
d1ab93dc-d2ed-40ea-be80-47b4383c506b,L3,Tweet
d1b22547-6847-4163-b5c8-8a605bd96a45,L3,Tweet
d1c453ce-fd7b-4428-89d7-689a7b06c023,L3,Tweet
d1c45553-4403-472f-8478-3c7e3b27c2b1,L3,Tweet
d1c4a13c-f1d7-4860-95ac-077df9088ab2,L3,Tweet
d1c5bc66-f98f-4db2-849f-fed59771dd69,L3,Tweet
d1e13998-caaf-46e0-b352-ef5cacda47da,L3,Tweet
d201b6f0-380c-484b-ad25-b13ce2f8a196,L3,Tweet
d21aa462-6ea0-469e-b7a2-46578c29bbe1,L3,Tweet
d22718dc-2489-428c-8c6c-33642e30dc4a,L3,Tweet
d2297f40-b7fc-4c3b-8d29-d91f5e7f8c99,L3,Tweet
d2373a24-ed38-4127-98c9-8ae191e3957e,L3,Tweet
d23aa41f-0ede-4cdb-9018-e83e6a363d14,L3,Tweet
d2412f26-a997-4ab7-b78e-39c9d110a9a5,L3,Tweet
d2436ce4-8933-4918-9eac-484208d992ba,L3,Tweet
d24ee33d-c7f0-4699-90bf-4c02cb7f191d,L3,Tweet
d25876ca-36ba-4704-84e4-2205a5970a2b,L3,Tweet
d25a3a9b-3c43-404a-8153-212a64a526c3,L3,Tweet
d261f628-b15c-4c8b-8335-d6f148dd9554,L3,Tweet
d27504c1-050d-4c2c-a3b4-fcb3bdd54935,L3,Tweet
d2772170-c455-425b-9c69-58d486d4a797,L3,Tweet
d27c961a-9816-4783-a9eb-9334f99419d7,L3,Tweet
d2810ae6-491e-4f1c-a0a6-da5e363cbf8d,L3,Tweet
d284fd01-f202-48e2-a9c5-e8034780ebe4,L3,Tweet
d288e197-23af-403a-b87e-56a8ad79763d,L3,Tweet
d28ab786-ff71-459f-a090-b8c445af9bfd,L3,Tweet
d28d0211-5a84-4ff9-9003-0e4ef6007bfe,L3,Tweet
d2a9ef73-f3d2-4a43-824d-cf22e9bd911b,L3,Tweet
d2aaed17-058a-47f1-9d03-b9a92cd08e80,L3,Tweet
d2be8572-a6da-4727-af44-3425c4ea675c,L3,Tweet
d2c12773-b30f-43d3-8b80-c3cb8bc54507,L3,Tweet
d2c25811-fd8d-4122-b473-d600e21a7597,L3,Tweet
d2ce1093-eef9-4aad-b410-afa8add90a6e,L3,Tweet
d2e2f873-fe05-455b-af18-4084013820e6,L3,Tweet
d2f3eea7-4e17-4bd4-a08c-7e5fe04f0d2c,L3,Tweet
d3030a75-5498-40d9-bff4-8c25974a657d,L3,Tweet
d30aab27-cbcb-40ed-b286-7408d7c3f0f3,L3,Tweet
d30c57ad-21b8-4992-8eda-2d530d0d1625,L3,Tweet
d3107d9f-2007-4e02-8478-292fd8d13188,L3,Tweet
d31ad6b8-77f2-4a54-8d88-1b6e35cd524a,L3,Tweet
d3215bc0-3dfe-4c22-94cf-b7b62d8b1c8f,L3,Tweet
d322ea7f-08c0-4007-bbb1-67f3e129bb7b,L3,Tweet
d32dc7a8-a5f6-437b-9cb2-04e5e0f4be52,L3,Tweet
d32e9b58-a557-4ad1-8c19-3d3df4106fef,L3,Tweet
d3337d3e-aa27-4ec9-800c-c803cc277712,L3,Tweet
d3402ce4-8bdb-435b-9377-b2124e5e85f4,L3,Tweet
d3525fae-cab7-4d75-b82f-2cfddfff8aba,L3,Tweet
d36f3f4e-cd56-4106-8c53-7eb38a4b3ad6,L3,Tweet
d36f96fd-0326-46fe-a2d0-718141efeb5a,L3,Tweet
d3721ca8-cda6-4b23-91d4-67451dc1c741,L3,Tweet
d372b842-9308-4c8c-bb76-a5fb7799de09,L3,Tweet
d3756b8f-4cc2-40a1-bfd3-705836c0b2cf,L3,Tweet
d381e69e-9f84-41df-a857-0bda756c3e03,L3,Tweet
d384f447-007f-46c2-9adc-f99dbb86ad83,L3,Tweet
d385af46-bc87-44dd-840e-55fdce9ab7cf,L3,Tweet
d391c1e7-55e1-4a15-8afd-c5abfd2dd5cd,L3,Tweet
d39a042d-f392-45d4-9679-f2d619869dab,L3,Tweet
d3ace97b-d0b9-4822-9127-6ba8c1ecbb1c,L3,Tweet
d3b21a8a-4324-447f-92bf-f8c3ab634c02,L3,Tweet
d3b82890-e42b-4e6e-839c-7587d209546e,L3,Tweet
d3bd282c-16cf-47a2-9184-41639ff52c57,L3,Tweet
d3be238f-523d-4a02-90bc-11e09abb690e,L3,Tweet
d3c0209c-43b4-4c79-8de2-ea30b6a36030,L3,Tweet
d3c7f34c-97aa-4a39-b9f4-d8b6a23c8733,L3,Tweet
d3cbeb65-5602-4ce4-af86-9fa248343c1f,L3,Tweet
d3d900d2-9e3e-4723-b558-06b06aea9cbb,L3,Tweet
d3e0be65-fa9e-4440-a654-a1cf6a89d452,L3,Tweet
d3e85329-9e75-4587-9990-630bd2e5a8d7,L3,Tweet
d3f04630-71d7-4af9-9d02-c2c37f3ad31a,L3,Tweet
d3f15f8b-6443-4578-b364-a6fb0033f42e,L3,Tweet
d3fb4d3e-2366-464d-ab27-aff144e21aa6,L3,Tweet
d3ffa587-94e2-449b-9007-e032d6aa03e5,L3,Tweet
d400310c-388a-46e1-a500-9ca402bab361,L3,Tweet
d4007c8b-0055-4930-81d8-4d333e67095d,L3,Tweet
d40e92ac-289b-4540-8fa4-a77c39ea5239,L3,Tweet
d41338ed-fae3-4a5f-aa32-a96f2c3f1b99,L3,Tweet
d413ba2d-ceb9-4897-930a-d1955ef3aebe,L3,Tweet
d4166993-553e-4ada-810f-2811fdd4dce4,L3,Tweet
d41941e8-603c-480e-b32d-396e6c6b008b,L3,Tweet
d428fc7a-6476-43e4-a6c8-14998e96041e,L3,Tweet
d44195e8-218f-4ae7-aa6b-cb0ad086c687,L3,Tweet
d4437351-50f0-4255-8fe2-09ebe09432eb,L3,Tweet
d4443337-3404-46fd-abdd-ea49b3527cda,L3,Tweet
d4466462-75de-4460-8f32-db9f20f3bc0d,L3,Tweet
d44c3dbe-b198-4ea8-8338-2704c515c577,L3,Tweet
d44d44f1-1f66-47c3-a221-1239f00439a0,L3,Tweet
d44dfa1b-d601-4945-98d4-4dd75e15135f,L3,Tweet
d4603f63-7b76-4593-9765-54f6818d9265,L3,Tweet
d47d4faa-b19e-4931-8be7-7bff530ffade,L3,Tweet
d47d8a87-4d42-4176-9c92-19556c8870a7,L3,Tweet
d483f215-cef9-4b10-acee-05c906d4f1b0,L3,Tweet
d48b7244-d120-424d-b551-8a5c29529873,L3,Tweet
d49d4c3a-3cd4-4e13-b124-9702ec86b98a,L3,Tweet
d4a1f6be-ca99-4659-b446-8992d8c1314a,L3,Tweet
d4a6bfd1-1f1d-47dc-af82-f7fac893bea3,L3,Tweet
d4a9bacc-4506-40a2-a0d0-48ccbba0c063,L3,Tweet
d4b1a70c-1181-4b44-9dea-775e8a17cce1,L3,Tweet
d4b4b2ed-4351-4658-83a5-7a7552541b4d,L3,Tweet
d4b8f8dc-4d36-4d95-9dc0-612a69650713,L3,Tweet
d4ca9c65-1db8-4eca-9bdc-d2dcae736d2d,L3,Tweet
d4fdc344-32e6-4ce0-b163-5ea06c278048,L3,Tweet
d4feae5e-a9b5-43bc-a252-0b21637dded3,L3,Tweet
d50decae-26fb-42eb-ae53-e5a93183b23b,L3,Tweet
d50f310a-1b90-4a78-b598-c78dec1dd377,L3,Tweet
d51f1c08-cff0-4b60-bd3e-fbfc6028d994,L3,Tweet
d538f9ee-5d26-46e4-b42d-39505d46a85b,L3,Tweet
d540cf72-42ac-4d71-afce-575ad8984651,L3,Tweet
d541033f-a76e-4bff-987d-187916a0c1e8,L3,Tweet
d543a911-d015-4b31-8378-a2030fc003d9,L3,Tweet
d54fb55b-c35b-43b0-b15c-7f5b5cd54c76,L3,Tweet
d5539b94-947a-40b9-90e8-04b8ff474f87,L3,Tweet
d559f1f2-4bf5-4291-b2fb-0891c717501f,L3,Tweet
d55f498f-281a-48f2-9a7b-3c18fb1610d4,L3,Tweet
d567d4c1-6eb5-4e29-b945-0ceb4a1e89c8,L3,Tweet
d5813cb1-61c3-465b-b571-27e9936fa927,L3,Tweet
d59f90fe-fabc-403f-bd3e-e7479254e9b7,L3,Tweet
d5a375fe-8537-4de8-8ae1-ee14ac2f468d,L3,Tweet
d5add509-f78a-4c24-a09c-bd5b53a6f884,L3,Tweet
d5aedf9e-81d6-4dd9-be4e-006cd9fc0780,L3,Tweet
d5b87d03-c91c-40c3-b7a4-67408568c372,L3,Tweet
d5bb9082-926b-46be-8ba6-443f0efa1a2e,L3,Tweet
d5c591bf-470f-4220-bd22-0e2c0da85013,L3,Tweet
d5ca9bbd-3af7-4285-96b2-06596f86d486,L3,Tweet
d5cc46a5-5cec-4eea-b0e1-42f3b80a7485,L3,Tweet
d5d64733-5b1d-4616-892b-a5bdd8d02ef6,L3,Tweet
d5d9122c-19ec-437e-8d95-4cce43758478,L3,Tweet
d5dd4dfa-c43a-4697-8d3c-c82284ed026b,L3,Tweet
d5e003d7-35c7-4a47-a5ae-68f0a51f2a22,L3,Tweet
d5ec5723-73d7-4f13-a231-2f426231ab3d,L3,Tweet
d600a285-5310-4aa6-b7e5-cf23f0a4db29,L3,Tweet
d61372ef-8f04-4378-ad55-07fde5da943a,L3,Tweet
d6152441-226a-4aae-899f-8961744757ed,L3,Tweet
d615681f-242b-4ce6-a7af-3a318d591314,L3,Tweet
d630ec2a-2251-4964-892e-ff208a0be57d,L3,Tweet
d6479efa-7052-42ca-b5bb-5445261d1e33,L3,Tweet
d648d279-04bf-4a93-914d-b88d54cbe2fe,L3,Tweet
d64ab939-3d7c-45ff-a064-165676bff84a,L3,Tweet
d64d959b-1d27-402f-aede-da66c615a9d8,L3,Tweet
d65921e2-9b38-4643-958e-fc06b5829a32,L3,Tweet
d66db134-5734-423c-8221-445a99de99df,L3,Tweet
d675f829-d9ec-4842-b77d-a7d0ee50a972,L3,Tweet
d685b569-67aa-4651-807b-5aa67741fee2,L3,Tweet
d68c63cb-e79e-451c-9823-06eedda57934,L3,Tweet
d6915cb4-3ff9-40be-9922-6ad8d490a39d,L3,Tweet
d698dead-58ea-4708-badc-9ca843d11329,L3,Tweet
d69c58fe-4c00-4044-87f1-2529683f3a16,L3,Tweet
d6a1b625-3232-4168-9fd8-f18d40d950dd,L3,Tweet
d6a81dfc-b560-46e0-aee8-2723b375eafa,L3,Tweet
d6b9f7b1-6993-4209-bd20-b9d3ef3f989c,L3,Tweet
d6c5b46a-2586-4201-92cf-1c69ddfb6200,L3,Tweet
d6c5f49c-6562-40f4-ad39-26bc00a1e6cb,L3,Tweet
d6c60807-1d82-4e98-84c1-bbb3d8f42b4c,L3,Tweet
d6c7e721-d39b-4f8d-b79b-0b2b980756d8,L3,Tweet
d6d3e61b-90be-47c2-b049-1629e9b81c8f,L3,Tweet
d6d4072c-28bf-4408-a178-86227d81444d,L3,Tweet
d6d75549-6137-41a9-ab5c-dec76f45e421,L3,Tweet
d6e2d66e-ccc3-4365-bef1-10e2c3a30a28,L3,Tweet
d6ea88ce-c390-464b-b86f-dd6d7bb32f73,L3,Tweet
d70ba15a-6604-4df7-9edc-61b543a9d60d,L3,Tweet
d710b83a-c386-47c5-990c-e482ad85e73d,L3,Tweet
d725b4ff-28c8-4882-a3cd-280325bf641a,L3,Tweet
d72a396c-41b9-442f-8b78-944bfbce58e5,L3,Tweet
d730db05-5f53-4e72-ac0d-e9304327cffb,L3,Tweet
d73ff0e4-25dd-4764-9f1f-8da8a7611648,L3,Tweet
d7437270-371b-458b-bdec-0e2ea7e5154a,L3,Tweet
d74a468f-79e4-420b-ad81-ed973b478f6a,L3,Tweet
d74a7d7a-84db-46ec-884c-bbf820042d06,L3,Tweet
d74c3476-56b9-43c2-833a-e37e42630dd0,L3,Tweet
d755322a-75bb-4ba2-acee-690cf59795fa,L3,Tweet
d755e0cf-2562-4240-ab1a-157166d7daf4,L3,Tweet
d76328aa-e5e3-4f7b-970f-4418daf8a84b,L3,Tweet
d76a0716-29af-4b12-a160-1fa7d223d82f,L3,Tweet
d77ae38f-bbcf-4b11-a375-61a31d3897cf,L3,Tweet
d78477bb-11b9-4b9c-b177-a404a1df4bc0,L3,Tweet
d7860eb7-fd80-413b-bea3-0f0556ecb1b5,L3,Tweet
d79c6d2a-83a1-41f3-afa8-a49925326cfa,L3,Tweet
d7a86cbb-a666-4a2c-8360-a97a790b763b,L3,Tweet
d7a9c25b-5d52-4d7a-95ef-608aa88169d0,L3,Tweet
d7ab7f7a-5d52-4c01-9299-d33f8a880f3d,L3,Tweet
d7ae5d64-f020-49f7-b493-a8c84ac18561,L3,Tweet
d7b7871b-37ed-4800-b068-3fabb391b6d8,L3,Tweet
d7bcc23c-d6c0-4319-82a8-ed6984c7a842,L3,Tweet
d7c882f5-8fb0-495e-b50a-a067a2be664c,L3,Tweet
d7dddf97-d1d7-4d2a-be2f-caf90b78dfc7,L3,Tweet
d7e15160-7dea-433a-a30f-e1731bb5d6a5,L3,Tweet
d7ea8288-376b-40f1-9e7b-8263be2ff1e1,L3,Tweet
d7f60cec-e4e7-4b94-87c6-880a332f5eac,L3,Tweet
d7f828cb-907d-4635-b31f-c4fbde35098c,L3,Tweet
d7fe315e-3bbd-4d6b-9de7-7b722d70510d,L3,Tweet
d80c2999-2395-4f52-b6d7-132bb37c3c26,L3,Tweet
d8144cb2-fb13-44a8-a831-b7b890d2b8ee,L3,Tweet
d81df79e-d758-41d4-b91b-24083c9b5f6d,L3,Tweet
d82ec1e0-407c-4450-a95a-a8025e9aac8e,L3,Tweet
d8368fc5-cbc0-4fc6-be4b-0d3e14103bc8,L3,Tweet
d849c5ba-f78d-4209-872f-2210dc2969af,L3,Tweet
d84c5e7e-24f3-4726-83a6-35be5d187f9a,L3,Tweet
d855dff9-8b45-4604-80a5-c07d673106ad,L3,Tweet
d85900d7-9e83-4848-8fba-6421336fb123,L3,Tweet
d85fe486-173f-4074-85e2-e843dd1c3893,L3,Tweet
d87063a4-8494-4f1d-ba61-87468410edd0,L3,Tweet
d87064db-68ed-421d-bb3e-fbdeb5dbe8e6,L3,Tweet
d871b2d9-1155-47a7-a7f6-4b8688eae6cc,L3,Tweet
d87822e7-4fea-4de2-a58d-94f0c85de386,L3,Tweet
d87844e5-6b9b-43b3-a85e-587b6632867c,L3,Tweet
d87da503-53eb-4708-8e79-3ab6c3239b24,L3,Tweet
d88b47b5-afcb-4eef-9571-6d0a870dc917,L3,Tweet
d88f186e-3a38-429d-bc78-691467d05f4c,L3,Tweet
d892d71b-bc79-400a-87d5-d439df46d19e,L3,Tweet
d8943e1b-bebf-4fdf-b182-18f5e440d566,L3,Tweet
d895e85c-12b6-4a01-9d71-290be71f8000,L3,Tweet
d897042f-c375-4558-a44f-61ecc42e541a,L3,Tweet
d89c6247-b0f9-4263-a572-757a326243a0,L3,Tweet
d8a52dbe-0121-409b-8226-8b0f459bfa88,L3,Tweet
d8b0f091-7e51-44c6-8144-58e39680fe7f,L3,Tweet
d8b6ae00-4424-4349-b79a-2d4ef78cdc95,L3,Tweet
d8c3d0d9-44bd-4d40-8e26-136a6e0dc429,L3,Tweet
d8c9fd16-665e-4604-ab87-4af8ba41433c,L3,Tweet
d8cf37bf-a0cc-49c0-a470-89d28f1efd94,L3,Tweet
d8d3382a-bd94-4faa-a622-d3317e0e667f,L3,Tweet
d8d387bf-5b6e-47ea-8626-da65d1838892,L3,Tweet
d8d60dc2-c723-4b8a-b0d0-6eafb818a036,L3,Tweet
d8eaa9df-c9b8-41f4-ab01-4e193211b242,L3,Tweet
d8ec04c4-e392-4f5e-aae4-b939fcfbf036,L3,Tweet
d8edc273-65be-4c01-bbd4-bf3d3ffb4d5f,L3,Tweet
d8f692b2-7477-4460-8899-109bdbe6c495,L3,Tweet
d904cb3a-10a6-4973-a133-240f28e4286c,L3,Tweet
d923d802-47ec-4c20-87a6-bb8315d1fac0,L3,Tweet
d936ea6f-3926-440d-b794-f6cd270258bc,L3,Tweet
d9382707-a973-4730-aa70-919166e7a76a,L3,Tweet
d93e320e-7e23-44a7-ab0e-2cdc68abd0cd,L3,Tweet
d944a274-c6a6-4eb1-92c8-6d0e0220310a,L3,Tweet
d946ce3b-b060-466a-af43-dabc7594a08a,L3,Tweet
d94847ca-e920-40f3-a38e-ec5b014a7019,L3,Tweet
d95e9407-220d-4290-92a8-f2d6dd23601e,L3,Tweet
d95f67fa-0d74-4c01-9d25-edd6a11e44d8,L3,Tweet
d96052b7-87ba-4205-a2e8-15632b8533a5,L3,Tweet
d972c972-8004-4a75-b024-4038e63a58f1,L3,Tweet
d982032e-3b37-4ed8-9a0b-38f4ffb773e7,L3,Tweet
d98846cc-6243-45e4-8b90-e02df5c73309,L3,Tweet
d9ab311b-f534-4857-802e-e30e124768cd,L3,Tweet
d9b496f7-8167-46e3-9d9f-e714abae7a12,L3,Tweet
d9b76174-4674-47c4-90d3-07c7ec1c86e4,L3,Tweet
d9c8abc2-1fb3-4a00-aa4f-44b5ae98e837,L3,Tweet
d9c9340c-673c-4786-9b9f-03c40be394d6,L3,Tweet
d9e0a974-e2e7-4cb8-9abf-8bd546d904a4,L3,Tweet
d9e756e8-8be3-4f5e-9611-d00b72cb37f2,L3,Tweet
d9f1b469-bf64-4ba5-bac5-9196029918df,L3,Tweet
d9f6bced-11e5-4f76-8f5f-533b6d00cbdb,L3,Tweet
d9f717a4-7cf1-490d-8699-f11d50b8f535,L3,Tweet
d9fa47b1-b3a6-4542-be93-94a3d41aa05e,L3,Tweet
d9ff6c82-7b85-4b02-b679-e9218edc836a,L3,Tweet
da057861-87f1-4bd2-a1cb-81879a451d80,L3,Tweet
da07d2ee-2128-4be4-bdb9-914d449990f1,L3,Tweet
da172661-f89b-4230-82eb-a083710fd75f,L3,Tweet
da175c4b-497e-4933-a258-346a821a173b,L3,Tweet
da233167-561b-456c-b7d9-f3ca123cfa68,L3,Tweet
da34e3ba-5346-40b7-a5c3-d51eb160d3d0,L3,Tweet
da4b8ae5-65bf-4302-8716-1111d14c2f0b,L3,Tweet
da4f98ee-4695-4250-9053-34243f7b98c0,L3,Tweet
da5aa6be-de9d-460c-839c-9585ce4b8872,L3,Tweet
da6a8b72-5a61-4c24-b4e9-064a0e5a42c4,L3,Tweet
da7b6927-4ab6-483f-a2e4-1550677aa45d,L3,Tweet
da7dbcc1-085f-45d2-a354-174c535d0ff8,L3,Tweet
daae81c1-d3f6-4e7a-95cf-5cea2dbbf268,L3,Tweet
dabb5a54-26cc-449e-8953-65463f2f0df6,L3,Tweet
dabb75e9-6724-4928-a8da-2cf7b19fa67a,L3,Tweet
dac2c2f3-9f17-4562-bf35-6f6ccbff8576,L3,Tweet
dac3564b-8288-4fd3-8638-4a653b16267b,L3,Tweet
dac96231-1e73-462c-8cd0-413977f677b7,L3,Tweet
dad0d677-ada5-4f05-9817-491103ddb16b,L3,Tweet
dadfac75-1996-4da5-9b56-c6820e9a4e99,L3,Tweet
db04a035-5063-4185-b656-2dab70a93d3b,L3,Tweet
db064059-d14b-4c3c-919d-33dfe83f5243,L3,Tweet
db16a467-fd68-4fdb-a861-97b66cbbdf81,L3,Tweet
db2003c9-2649-4327-bbb3-8d6c47a11b5b,L3,Tweet
db3c00d6-3ca4-49d7-b6cb-0fe79d79db84,L3,Tweet
db5cfc7a-f081-42cc-be59-4b6ecbc9b17e,L3,Tweet
db639040-e9c0-4885-b80d-85befde5f630,L3,Tweet
db65e908-ae87-45c1-9a5e-2b2e7c95c418,L3,Tweet
db678c4f-67a8-450a-ae0f-c39cd38ad1f5,L3,Tweet
db7d8b8f-f717-48dc-841a-3155d12693f7,L3,Tweet
db7fbf02-4563-4dc0-9d28-16793e795ccc,L3,Tweet
dbb6e28f-7677-4298-a598-9007de3db47e,L3,Tweet
dbbb19cd-f1db-448d-9cfb-3f2eca88fc38,L3,Tweet
dbc0b124-a383-4e70-adcb-3ea6beff4007,L3,Tweet
dbc70a41-bee4-4c76-86ad-7f9806f478c3,L3,Tweet
dbc86266-f7f1-4e86-a158-dd73bfe064cd,L3,Tweet
dbcf7bab-4fc3-4110-ba49-73c389c45623,L3,Tweet
dbd3a77d-5b4a-4c85-aac6-daa8650f7de5,L3,Tweet
dbd81650-e3b1-4d29-9aef-76bb34a9f50f,L3,Tweet
dbdc138c-ff5d-48da-a389-7c784a21eb21,L3,Tweet
dbe8c679-56af-4522-b1df-021a50179238,L3,Tweet
dbfeda16-1c92-47d6-a72c-4f10fcfb2625,L3,Tweet
dc01992b-f456-473e-af68-5da2f7bf3a11,L3,Tweet
dc0e8a4a-9283-4ecb-8658-02508a14b05c,L3,Tweet
dc1339fc-f531-4310-9095-49a5566f39ec,L3,Tweet
dc1e0a27-f00a-4aa3-b110-bbd08e5a60ba,L3,Tweet
dc22aa1d-2d5e-4e9e-bd44-9d88d702eb03,L3,Tweet
dc2668ec-26b4-43ed-9f42-29062ff488b1,L3,Tweet
dc27abe9-9257-4e02-9a5d-ba28f29c646b,L3,Tweet
dc2eb21e-5cc9-477e-960a-cabf909e9bd1,L3,Tweet
dc3ed527-22ce-4b08-a0f8-945b946b900c,L3,Tweet
dc44a3b6-c201-4572-bcb9-10dee4b78d8f,L3,Tweet
dc527929-00c6-44bf-b97e-cee3450ba83c,L3,Tweet
dc597ae9-48c7-4a2c-9a38-4de248d9888e,L3,Tweet
dc61d559-0194-4962-ad81-175b712ffcba,L3,Tweet
dc626c91-3604-40d4-b704-d8714aeeda5a,L3,Tweet
dc6aed9e-9fe8-4d8a-95c1-fa7145d4e4ab,L3,Tweet
dc76f98d-7604-4b86-b5aa-c8b9add36f6e,L3,Tweet
dc79e618-7f93-4fc4-ab3d-c8c80e3a39bf,L3,Tweet
dc82da25-0799-4f8c-9f62-fa3f35435d38,L3,Tweet
dc872cff-1a07-41e2-9085-c3d6addedbdf,L3,Tweet
dc8cb94f-7c17-4d64-ab44-a46c1b418cfb,L3,Tweet
dc8f64e7-6979-45e4-b4a5-de844ecc9fdc,L3,Tweet
dcaaf971-c625-4c09-9e90-7c0666840d6e,L3,Tweet
dcb1be11-a5d9-4b2f-a328-030616ed7aa7,L3,Tweet
dcb49f91-1d45-4c81-b78e-51778088909b,L3,Tweet
dccf1a63-5f4f-4e43-8b29-cafe1b026188,L3,Tweet
dccfb332-535b-4035-86a1-46543bd3d4eb,L3,Tweet
dcd37881-914d-4494-8a87-611ec5d1a601,L3,Tweet
dce849b6-359d-4e06-bdfe-eaa64e20b9c8,L3,Tweet
dced1aa8-9bc5-42d0-86fd-8ce4394adb00,L3,Tweet
dcee9203-a57c-4737-8fdc-af518bbaa62e,L3,Tweet
dcf9e8e6-6bcc-4014-90b8-7f44ed93cd55,L3,Tweet
dcfc5b09-10e4-40b8-b63f-c634b6a4ecfe,L3,Tweet
dcfd1145-4da1-4120-9f65-50473e484a94,L3,Tweet
dcfdebeb-2eda-44a3-9c45-25be0af08732,L3,Tweet
dd04f905-97e4-46b5-babb-51a298bc71e8,L3,Tweet
dd0c7bd4-82c0-4538-a198-c8c6a67fff83,L3,Tweet
dd1c459f-8457-41ea-9d22-fbb18daeb02e,L3,Tweet
dd1f95cb-723a-4f0b-b564-812d59b838c1,L3,Tweet
dd23d816-108b-4481-b693-4fd6a14a547c,L3,Tweet
dd2477e8-f60c-47c5-96a6-7f8272a9f555,L3,Tweet
dd2c3170-2f60-4d33-a88b-5f73f863ed5e,L3,Tweet
dd33b385-d5e0-44e0-ac84-ba6790d27c51,L3,Tweet
dd3521f2-9095-457c-9727-099db4200fdc,L3,Tweet
dd39bd69-9212-45d3-a22c-d1faaa557a69,L3,Tweet
dd3ce3a3-3685-4d01-ab0f-185880694124,L3,Tweet
dd40aaa3-c221-46c0-9b5c-96322f787511,L3,Tweet
dd453ed2-9966-4f40-bcb9-5eda9ab2c09e,L3,Tweet
dd586d68-9a78-48f2-a29c-7fafee6198e0,L3,Tweet
dd63a43f-726e-4f86-9c5b-93fac0fe4826,L3,Tweet
dd8162d7-cb6c-4f29-9cd3-acfb294f5709,L3,Tweet
dd831b46-aecc-4a5f-8874-4d5617da97fe,L3,Tweet
dd8a99e9-f5d7-40dd-871e-0d6dd961f13e,L3,Tweet
dda0e153-8879-4c01-9183-3dcbcf4a7247,L3,Tweet
dda4be0d-9682-4e15-ae4a-a60870c80ab9,L3,Tweet
dda6bab1-50b2-4be7-8d22-c4f7b9e5f40d,L3,Tweet
dda81541-91aa-4183-ae41-0a6461c6963d,L3,Tweet
ddad636e-3b8b-49dc-88da-d040b9b0fb13,L3,Tweet
ddb9be88-e551-4b85-9e2c-1088611d8196,L3,Tweet
ddc42f0f-4349-4b8d-b97a-49b5167ff24b,L3,Tweet
ddcecc42-8d8b-4020-a818-3ab88b6b2fcc,L3,Tweet
ddd2fb3b-c38f-49f9-bc0f-48b98a3f29ce,L3,Tweet
ddd78512-6164-4a72-b62d-53d7a2daf59d,L3,Tweet
dddc0e46-e26d-4c7a-ab41-1ada4525d124,L3,Tweet
dde0231c-c122-4c9d-bf04-0e7681bbfdc8,L3,Tweet
dde980cc-1ccd-4872-aca3-472f89d58d51,L3,Tweet
ddf78851-49a4-4898-8ff5-edec187b5e84,L3,Tweet
ddf78bec-5358-48d5-9283-7340b272f462,L3,Tweet
ddf9473c-fa38-47b7-b5ca-beb9b07fa90c,L3,Tweet
de0288f8-8330-4e37-b64a-91a578898144,L3,Tweet
de04c200-b6e8-4044-b46a-e57ef36af0aa,L3,Tweet
de0fb815-409c-4e1e-8442-683651384045,L3,Tweet
de16a39e-2f17-41db-bcaa-62a4b954cbee,L3,Tweet
de26984f-5707-49a2-89e4-19c62ef6743c,L3,Tweet
de2b2330-b10c-40ac-bf62-66baca91f49f,L3,Tweet
de393efb-9ade-4148-b15e-7565d1ca67ca,L3,Tweet
de3cfdf9-3894-4d68-b11a-cffd571b0329,L3,Tweet
de5ab7b8-541a-4668-a50b-a1a11b33781f,L3,Tweet
de5eaff5-1aa1-4181-949f-f28af3a05680,L3,Tweet
de676022-8e92-4fda-b9a0-ed5c9311b16a,L3,Tweet
de761c9b-7751-4338-81f4-d439ca32e2e9,L3,Tweet
de7946a4-dffd-46a1-a9fc-4bf1eb9a0dda,L3,Tweet
de827ccc-2c41-4acb-9346-5c4458ade74b,L3,Tweet
de896ca8-a2b8-4964-9d4a-ac1e677ab23e,L3,Tweet
de89c776-c579-4fb7-bf16-47151dc5e41e,L3,Tweet
de95041c-2dbc-4bbc-bce0-b4e6d7ab9c8b,L3,Tweet
dea5a970-d938-4197-8a9e-656982fbcf8b,L3,Tweet
debd3343-7566-4ca7-ae3e-5d829a839689,L3,Tweet
debd7554-d86d-4232-bf39-3834f3652bd1,L3,Tweet
ded73f3e-259a-44bc-be8a-b683c258121c,L3,Tweet
dee7075d-c9ba-4f2c-845b-aa5838613b99,L3,Tweet
dee9cd96-dd77-405f-9254-8d114d4db6c3,L3,Tweet
deed8a22-4c1e-497a-91ed-584a2ff86ef6,L3,Tweet
def20aa3-1cf2-45a8-bcd4-3bd7b036312d,L3,Tweet
def6cd3f-eb96-49f5-804b-367e1c3405ef,L3,Tweet
def7cd22-e6f4-4999-8d6a-3de114c6623b,L3,Tweet
df00c827-6d55-4e2c-97c8-5117ecab4b5a,L3,Tweet
df04fc5f-9106-4f37-9f5a-7e2a2939b3a0,L3,Tweet
df1ed04e-7e10-470d-8131-040e64ca2f3d,L3,Tweet
df1f8600-7301-4cda-af2e-41ed045ed9cb,L3,Tweet
df25c9ad-69ad-4290-8861-c0dfe443599d,L3,Tweet
df3d1b2a-08d2-4942-8ba5-105f020bf5d0,L3,Tweet
df50a9b5-e3ac-4df0-b995-af982b9b45d3,L3,Tweet
df5f9f38-74b3-4254-8587-fcfefe8f132e,L3,Tweet
df67c02d-4db3-4bfe-80d5-a29a9b3c0264,L3,Tweet
df701770-0c32-4fd3-a376-3f1eaadd3c8a,L3,Tweet
df74252e-8a23-4f61-bb78-fef045e3f57e,L3,Tweet
df74a54b-b13b-41c0-accb-983d9a585c7c,L3,Tweet
df8511e4-0615-45de-9c12-dc2fd48512e8,L3,Tweet
df86ba7b-9ca6-40ec-9a1a-3ed04af4c609,L3,Tweet
df888834-4f03-43fa-bbba-c66f2bffbff6,L3,Tweet
df8bf21d-a54a-4d8a-a6cd-293158de0fed,L3,Tweet
df95fc00-bb73-4609-ae95-ee23994c2b9e,L3,Tweet
dfa6034a-d302-4ab6-a166-d6b24a25f74e,L3,Tweet
dfd853f4-aa85-44ab-9b25-d2463d5f281d,L3,Tweet
dfe02c6f-df40-45c6-93ed-151e51461be4,L3,Tweet
dfe09ce0-941d-40e4-ba8f-d74bdd07b5b8,L3,Tweet
dfee36d8-b1df-4c8c-95b2-7b2fbe15e1e9,L3,Tweet
dfee8b5a-6980-49b1-983f-007f4a4f6526,L3,Tweet
dff4a025-829c-4afd-8780-0dffd187a082,L3,Tweet
dfffe320-1be3-4466-bae0-3b58ae932f16,L3,Tweet
e0070216-ce09-4c86-a398-05ed0708f6fd,L3,Tweet
e01c1709-cd7a-4af2-beaa-a9aa510308cd,L3,Tweet
e023de59-5188-46f2-88e1-98cd6df68371,L3,Tweet
e02d2196-7210-420f-a407-3ac30d794a15,L3,Tweet
e0335d8a-2ac9-4f7b-bff2-08e7e382bdc0,L3,Tweet
e04312f7-be82-441b-a292-86246ef03a27,L3,Tweet
e048922b-0017-4410-a7ae-15e364bd3f80,L3,Tweet
e04d06e0-9f53-418a-b512-a3ebb6289c15,L3,Tweet
e050582d-a771-4ebe-bd90-93b5e252dd56,L3,Tweet
e0538619-0ab0-441b-b118-672babff8599,L3,Tweet
e0686f0a-8fd1-43cb-99e5-53eff6098f8b,L3,Tweet
e0696863-fe6d-4afc-814a-9ab3fae411c7,L3,Tweet
e0785275-d4fe-454d-a033-4c28246401b7,L3,Tweet
e08aa904-ec34-4fa2-abaa-f6696da6edbd,L3,Tweet
e090afb3-e68c-48bf-a24a-a07b3b0773ef,L3,Tweet
e097c70f-67ad-4604-8c01-7286985dbc87,L3,Tweet
e0a4f28d-cd73-4982-89ef-0eaca5957dfa,L3,Tweet
e0a50ff8-71b3-465f-8161-99d9b5ae1a32,L3,Tweet
e0b041b3-f167-420c-80e3-e4877af8c188,L3,Tweet
e0c985b5-2c87-4d77-ab8a-59b6091e682e,L3,Tweet
e0d3d69e-0002-4aa6-ba7e-a08d10ab688a,L3,Tweet
e0de9cc1-922a-40a7-bfd1-d4fb83e9f2fe,L3,Tweet
e0e52704-c350-4573-8717-e1e1b3d33443,L3,Tweet
e0ec7d64-8319-4e1e-9f9e-3cc581eeeaa2,L3,Tweet
e0f20ef0-1208-4f1e-9706-5b2ddc5df92e,L3,Tweet
e0f41c75-fb5c-443a-bbe9-062e8df72c5a,L3,Tweet
e0f46703-192d-4f2d-bc88-12c1f3943d2f,L3,Tweet
e0fd677d-e9b9-4891-9036-d2377818666a,L3,Tweet
e1005952-4829-453a-b7eb-409da741924f,L3,Tweet
e1131377-255d-4868-b985-6940d54f9966,L3,Tweet
e12513dc-df17-4829-9e21-69e759f29c99,L3,Tweet
e137ca9b-5899-48a5-a804-ac44abb1ed34,L3,Tweet
e13f9932-8350-42f2-b0c5-59cc50d84b6a,L3,Tweet
e14f0663-f51b-4ace-83ff-1e28d4c29aac,L3,Tweet
e14faaf3-f1b5-4c25-9102-57bb90a3d2d3,L3,Tweet
e1576d03-c965-45b1-98eb-c867c1d0c1df,L3,Tweet
e15f3ad3-5633-4940-946f-f76e6208b09f,L3,Tweet
e174b676-5d74-468d-8b5d-ae51fec21135,L3,Tweet
e188652d-7654-493f-a059-7fc0cc027e6f,L3,Tweet
e18a1738-e3d2-4442-a719-5163b23c37ff,L3,Tweet
e19e9a45-70cc-4ff8-ab0c-d498954f6331,L3,Tweet
e1a02a77-8d68-48c5-9c9f-7e2d558db23d,L3,Tweet
e1b0de74-ced3-4167-8131-be1f5ad75f16,L3,Tweet
e1bf9dc1-52a3-4c55-addb-063ea5e8443b,L3,Tweet
e1c1b4fa-3eb0-4c0b-ada5-93c2b2cf1dd7,L3,Tweet
e1c32e1e-9cea-45f8-9079-fd196b373917,L3,Tweet
e1c3b509-6f96-436f-b7ae-efa70bcd1934,L3,Tweet
e1d209eb-1da3-4068-bc1a-0c66c228a452,L3,Tweet
e1d53fc7-4619-4ccb-9a67-df1f6458eee0,L3,Tweet
e1dec259-4550-4433-8a39-5e534c458f30,L3,Tweet
e1e02a8e-fac2-40ec-b7fe-195d4520ae88,L3,Tweet
e1e202c7-f2d7-4616-b098-51a91a8776ee,L3,Tweet
e1f0e70d-de89-47ce-8904-a467f0c4b6ea,L3,Tweet
e201645e-13ed-4181-b9ce-d7b248215b33,L3,Tweet
e2150c06-cc96-44d9-bdbb-2347745e1bba,L3,Tweet
e21a0c59-1208-41a9-aaeb-9b7e0537945c,L3,Tweet
e22da167-43ea-4287-bc07-da778b111227,L3,Tweet
e2330ad6-c220-4be7-926b-e9e96d4c5235,L3,Tweet
e24338af-4846-4331-bd2a-9f00c732d071,L3,Tweet
e243927a-d57a-4cd1-845e-96868ad3c253,L3,Tweet
e2560734-6e6d-4f3c-bb6d-18909e0ed26d,L3,Tweet
e25e2460-ecb0-453a-af38-80553a8c4fe0,L3,Tweet
e26833c8-c856-4305-8784-62507aa8201f,L3,Tweet
e28cdf14-911c-4b90-83cf-5ce5af120d3b,L3,Tweet
e297c457-7aec-4b4b-83e9-acd3f743024c,L3,Tweet
e2b9d7f5-fe47-4103-b0b0-fadb62499c38,L3,Tweet
e2bc5510-a3d0-47ff-97f2-3e3bc3d4b450,L3,Tweet
e2c7be06-b284-4d7f-aaf0-6a2927e48429,L3,Tweet
e2cddd60-6436-4ea8-b155-7983fc86b5dc,L3,Tweet
e2d562e3-d00e-4347-9927-24feae07e36c,L3,Tweet
e2e970ee-86f5-401c-9c9c-81b8b9ccbc9e,L3,Tweet
e2eb7b42-b738-407e-8f75-b26a41196ee7,L3,Tweet
e2ef0409-e332-42fa-90f0-24098c4cc508,L3,Tweet
e2fd9a98-a499-4d84-ba0f-c1c4728f3e6e,L3,Tweet
e2fe92d5-b972-4f43-9f88-57270c6cf63e,L3,Tweet
e300efbc-9456-4342-b97f-a5082bb728a0,L3,Tweet
e30b5bf7-9750-48f1-bcfc-816705bff355,L3,Tweet
e30f6273-3c11-4367-b373-83dbfa1744b4,L3,Tweet
e30f7a6f-043d-488a-a505-93045eecb88c,L3,Tweet
e3128314-5e22-44f6-a717-6b018a0e27e5,L3,Tweet
e3153495-5ac1-4859-981d-4b936ea39fde,L3,Tweet
e3161fb4-9c1e-4186-a901-5661039543cc,L3,Tweet
e317df36-7986-4f52-898f-9601a6cef4bd,L3,Tweet
e322d698-ad82-4a3d-9c59-b95da49bcd02,L3,Tweet
e323a4d1-2586-4ca8-ae1f-95c91678e486,L3,Tweet
e3261cce-7800-43ca-b967-8d0682dfbd22,L3,Tweet
e3267bc1-c2ee-461b-b335-02e9a6444c77,L3,Tweet
e337a45e-28e1-4423-8516-6c658675de3c,L3,Tweet
e33bd3b4-45aa-4829-988c-1ecdacee12b0,L3,Tweet
e33e068d-312c-4d48-b16a-1ea89cc5dab3,L3,Tweet
e34608a8-51bd-405f-81e0-430148ed1f29,L3,Tweet
e34f339b-f597-4dfe-9bc5-4e5ac5113a9d,L3,Tweet
e3552bab-3663-451e-8197-54a379767b36,L3,Tweet
e358d49c-8d54-4169-b5ae-0f89073e1e35,L3,Tweet
e36702d6-29c2-4ffe-ada1-091a6c637fc1,L3,Tweet
e36c034e-0af7-4c77-8490-c95bc1c20287,L3,Tweet
e38adcc3-6aa8-4fe0-8b84-78ebdc307ca0,L3,Tweet
e3b61321-4fc2-4305-bfcb-8a9760f6a53c,L3,Tweet
e3c4d144-f416-408e-bbc6-4423dc89eeab,L3,Tweet
e3e4fb56-c4b8-4b82-b305-014d0545dc3c,L3,Tweet
e3e56313-3410-45a7-8a90-02e3e6d61566,L3,Tweet
e3ecb754-f893-48dd-824b-b239b2fe6389,L3,Tweet
e3ece90c-6c1a-45b2-ace6-1a9421d1fa5e,L3,Tweet
e3ed9ca2-d5e9-499e-9d37-4935f926d2aa,L3,Tweet
e401849d-27b4-4c41-907a-b9ac45d4059e,L3,Tweet
e40556c0-8701-47bb-b111-e749b7726781,L3,Tweet
e405ddda-868a-4ce4-9c47-0f933cab8062,L3,Tweet
e40968b8-7d11-4ecd-8c8d-c6094be0cd40,L3,Tweet
e4115ab0-e49b-4405-9d55-17de7389a996,L3,Tweet
e41434f5-69a5-4572-b2a7-9383759ec3a9,L3,Tweet
e417959c-aed2-40d7-8006-c4bf380de2c6,L3,Tweet
e42364e6-b9b7-44c3-98be-5745330ab230,L3,Tweet
e42470cd-46af-427f-82f5-afc727f16481,L3,Tweet
e42b69ed-4f8e-41d6-8d08-076d91398f98,L3,Tweet
e43045e2-2a28-45e0-9204-f88d4837282f,L3,Tweet
e4308970-d2f2-4f3b-87fd-f9058b89b0f5,L3,Tweet
e4328a59-a225-4602-bcae-e820736e3164,L3,Tweet
e439172a-1a34-4435-a015-023ea92681ce,L3,Tweet
e43ee50f-f7a0-4b4c-bd9b-152a305f89b0,L3,Tweet
e43ff1d4-5d04-4c4f-9855-a15ee3ca46a7,L3,Tweet
e440a5b2-a90f-4aa2-b193-014777f1e6b6,L3,Tweet
e44d3df1-9881-4cee-8373-dbeb0c75eb6e,L3,Tweet
e4502dc6-8fb8-4d1e-bf80-28a46fe494ee,L3,Tweet
e4513196-78dc-4cc2-86ea-048d4355d69e,L3,Tweet
e455f046-9f39-4a61-be65-370cee9269fd,L3,Tweet
e45cc403-d1f8-49e8-b9fa-0116546219b5,L3,Tweet
e4807692-5805-48cb-a3b2-fcd367a5b4ed,L3,Tweet
e480d314-6018-49c6-bf35-c634692da498,L3,Tweet
e48a44fb-aa88-4ced-99d5-a7a6e5ebdcff,L3,Tweet
e4a473f0-ddec-43f0-a8a0-4c6afb4dd5d9,L3,Tweet
e4a5427d-c1e8-45e6-b1a9-2b54e9a634bb,L3,Tweet
e4a728bd-e841-408a-9f0f-985a66912e00,L3,Tweet
e4b43267-a89b-439a-b16d-d04c42ac0a6c,L3,Tweet
e4b91986-dbad-4483-a78d-62dd0b6a9a95,L3,Tweet
e4bf9ba3-81fc-4b65-bbd4-1cc921c59398,L3,Tweet
e4c81fed-4495-4753-8956-c5e65bd0fc84,L3,Tweet
e4cb5bf5-65ad-499b-8938-edd380e870b9,L3,Tweet
e4d18e06-c05e-422a-a635-a9e11813e211,L3,Tweet
e4d3db27-ee4f-43d1-8855-7cde52984baa,L3,Tweet
e4e0738d-caaa-4f93-9d1b-2020883d667b,L3,Tweet
e4e51141-3f30-4660-9adb-8ca749fe1ac4,L3,Tweet
e4ebf805-3d9c-41d5-988c-76c359ee2b67,L3,Tweet
e4faf542-f456-43c4-ba75-a88fe4c493e3,L3,Tweet
e507cdb0-1631-45cf-9fb7-96543ad8a7c9,L3,Tweet
e512cbbd-0151-4b3d-8309-765f73f7237e,L3,Tweet
e51d6d65-fc21-493a-8996-025a7aff0205,L3,Tweet
e5218b91-0dd4-4aab-917b-80eba608f08b,L3,Tweet
e5272770-6d42-400a-b1ef-6dd5cd7a5f6c,L3,Tweet
e531c75c-9d79-407c-b3fd-79497d186c44,L3,Tweet
e54255ec-c42c-4ae4-b26c-2af06f070545,L3,Tweet
e55117a9-c6b7-4e9e-b641-61f0edcfc947,L3,Tweet
e564fd37-c7c6-493f-8574-90411969d53e,L3,Tweet
e585ee52-5a30-48c4-814a-466132e17834,L3,Tweet
e589cd8c-c5ba-4978-b17a-bbc5ba1402eb,L3,Tweet
e5a5d1cf-b910-4fda-8a17-919e20e5d5a2,L3,Tweet
e5a92c55-e882-4e6c-9261-fbcdc75453eb,L3,Tweet
e5b43f3d-4383-4735-9af1-c9c09c59a120,L3,Tweet
e5c23244-6ba1-4af9-b6e0-e2ecf8d0048b,L3,Tweet
e5c4cb9b-5e1a-428b-89ac-6afb8301353a,L3,Tweet
e5caf17e-3f51-4024-9db0-7aab2932fc90,L3,Tweet
e5cf276e-e7df-480b-932b-edb34b02ad02,L3,Tweet
e5d7bd2d-812c-4f81-8c2c-ce4c23ffb8a3,L3,Tweet
e5dfd187-1688-4a9c-b972-0a496fdf6f70,L3,Tweet
e5e42e4e-18c4-45d1-86bc-7d0afbb0be80,L3,Tweet
e5e91d3f-d83a-46ef-a04c-1cef797269b6,L3,Tweet
e5efd776-a875-4a9a-bd58-8d290c066ab9,L3,Tweet
e5fa71dd-33f3-4abb-a75b-a52d30ae160d,L3,Tweet
e60a997e-ba49-4884-a4a2-daba717fef4f,L3,Tweet
e6163f46-cf00-4f72-9baa-dc820bce2e51,L3,Tweet
e6198a54-5406-40e3-aa68-8ff672ffb656,L3,Tweet
e61b1fb3-f389-4345-aade-a985eb3c1f16,L3,Tweet
e61c90f7-576e-4c65-ab77-0b922e47dda1,L3,Tweet
e621278c-8e97-4ea8-91ac-ad665d0ff90e,L3,Tweet
e6225729-c049-4df4-a146-ce911f4cf28b,L3,Tweet
e624ce9e-af10-46f3-a327-4397d788fb0e,L3,Tweet
e626080e-ea1d-4e28-96fe-a8dadefaf9a6,L3,Tweet
e62aa590-a8bf-45c7-ba6b-09320f9b44da,L3,Tweet
e62bcfdd-6cb2-4390-a5eb-eeca472d089d,L3,Tweet
e634bf54-0b8d-43da-b1c4-b488a48891a9,L3,Tweet
e635c446-00f9-42bb-8e14-19f4c070d1e3,L3,Tweet
e645feb8-1817-48ae-bbc3-f429c085fda8,L3,Tweet
e6524ab4-6092-44d5-ab20-607db6d4d8ab,L3,Tweet
e653ae60-12c4-471b-add6-e162d9d83a48,L3,Tweet
e65aa9f7-2a00-414b-8afc-9783f78354c3,L3,Tweet
e65ad311-6454-43fa-a8e6-e1f80594d662,L3,Tweet
e6751dd1-7ec5-4085-92a6-ab3fca8256f1,L3,Tweet
e675a778-4d9c-46c2-a8d0-7aad1c31f8cf,L3,Tweet
e67f5102-b061-4551-8acb-11ecf320a784,L3,Tweet
e688a536-f144-49ac-b5e9-0d75ec8dd0f5,L3,Tweet
e697bde2-b3d1-43e9-8a74-80f23a0d8e2d,L3,Tweet
e69a5a9b-96b7-47d5-8f9d-7e4dce22e66d,L3,Tweet
e69aa678-62a4-4b0c-aeea-946f9cb023b7,L3,Tweet
e69cbea7-6ac9-49c6-8a4d-4354081651b6,L3,Tweet
e69cfb38-9e72-4b68-bfed-2297754ca1db,L3,Tweet
e6a45da5-53d5-4ccf-bb0b-9b128e7b4e3c,L3,Tweet
e6aa1cf5-eaac-4044-a7f3-14ff2cd52d74,L3,Tweet
e6e341ed-cf76-4279-ad05-78f68db55b77,L3,Tweet
e70d6378-a5b8-42c7-ac8f-05fd53911c55,L3,Tweet
e715ad38-e17b-4a62-a7d2-2b05306efb27,L3,Tweet
e7160a48-7ae5-4a0b-8022-f16932470698,L3,Tweet
e724c0cb-58b8-4095-b54c-b9905122f927,L3,Tweet
e72d7234-0bc5-48a7-817e-85e2ff34f06d,L3,Tweet
e737f8b7-1ae7-4952-81a5-806a8c98a57b,L3,Tweet
e758dc63-bc25-4d00-8fc1-ab6322e1d71b,L3,Tweet
e76a436a-82c1-40b1-9c92-9a47a6e13b54,L3,Tweet
e76f4e90-0112-46be-b349-8844cc884186,L3,Tweet
e77bf2ea-e20f-4b09-93d8-699466f8f102,L3,Tweet
e781fa54-5d1c-450b-a1d1-02d7d334551f,L3,Tweet
e7997751-ed9c-4e41-9b38-33d197e1e9d0,L3,Tweet
e79a900e-aca3-49f1-aae4-68f10fb2ecbc,L3,Tweet
e79cb2cd-2d6a-41f0-9d81-0638aa299acc,L3,Tweet
e79de3de-0456-4b01-a246-651fa66a9766,L3,Tweet
e7a03369-ba7d-48ea-a952-043b354179b6,L3,Tweet
e7ab0bf0-a385-459c-8b4b-39935d542a94,L3,Tweet
e7b244a4-a0fe-42d5-9c5c-5762590e9d98,L3,Tweet
e7b84b04-32ca-4983-a403-543193965e50,L3,Tweet
e7bf11ae-ec22-4ac6-bb71-6d61c66aca5e,L3,Tweet
e7c0fb9e-ded8-430a-a8ac-437deb058ac9,L3,Tweet
e7c63e17-b197-48d2-9c97-5c90119fa643,L3,Tweet
e7c77f52-dde5-492e-80ed-5a3242161349,L3,Tweet
e7c9cc5d-76d6-4cbc-bb19-dc2e52f49667,L3,Tweet
e7cd3192-7398-4246-8c4e-2b0b2a31642d,L3,Tweet
e7d38c49-5998-418b-b27f-c35fc5aa6cad,L3,Tweet
e7deacfd-5041-467b-99eb-315a2b57c455,L3,Tweet
e7ded7e1-8b17-43da-8513-91300d46a6c1,L3,Tweet
e7e06891-fc30-44b0-8d3e-3c58d5c34977,L3,Tweet
e7e2df00-74e4-40d3-b656-38156a0177ed,L3,Tweet
e7e7088a-5086-4cd2-a80b-a23b6dcc78fd,L3,Tweet
e7fa8cb2-6e0a-44e3-8784-d464e8310db0,L3,Tweet
e804b01b-6745-4a32-95f9-7ea2f568df1b,L3,Tweet
e806e338-7b76-4235-b49c-105d2ad31130,L3,Tweet
e813f201-bdcb-4e9d-a962-05545eaf0200,L3,Tweet
e82ae3aa-aae5-4528-b279-4e21556b8141,L3,Tweet
e82f7217-d589-49ee-a1eb-428f91f60b68,L3,Tweet
e845e03e-7847-4af1-a8f2-e5c7c89f11c1,L3,Tweet
e84a433a-528e-427a-9f9b-f5eed1c262e6,L3,Tweet
e84ade40-61f8-41d7-9420-0913e0f2b88a,L3,Tweet
e84be2cf-6d60-45de-ba00-539a3aaa8355,L3,Tweet
e852127b-834e-4ed2-8f2d-c9856276dcc4,L3,Tweet
e8618253-d50e-4f76-bdeb-460341625db1,L3,Tweet
e8625efe-bc54-475f-84f1-50b23523efd8,L3,Tweet
e87d242d-b66d-46ab-9432-da3ba92fb65c,L3,Tweet
e88e6284-8b3e-4dd8-a626-a85612813a94,L3,Tweet
e8957023-57cc-48a8-9d8c-f75d1c730dc5,L3,Tweet
e8969b88-e697-4a01-a8fe-40375c6050b8,L3,Tweet
e89b65ba-3ed7-4d47-b21a-c523863d686a,L3,Tweet
e89e0917-d4e2-4966-8676-7fd91fbe05fe,L3,Tweet
e8aa3144-3fb2-40da-8169-ce3968c9a93b,L3,Tweet
e8ac26d9-b7cb-435f-b316-cfcf23d6e19c,L3,Tweet
e8ad6f12-fa95-4eee-9d91-ee75deea5c22,L3,Tweet
e8af3f7f-4f2d-4fbf-abd2-218dbb544b16,L3,Tweet
e8b14635-c5e0-49ab-9636-61867aaf1831,L3,Tweet
e8be83f6-d39f-46e6-8f6b-861dc2f844a4,L3,Tweet
e8c1813c-e392-4dd7-bd72-61b7bdd080b8,L3,Tweet
e8c55c63-d2b2-448b-bf17-a42579cd4c3a,L3,Tweet
e8c765a8-8941-431d-a1e1-2854a9d7aff4,L3,Tweet
e8d4d7ab-ccca-4c2f-a2b2-8ec32ab10782,L3,Tweet
e8da4b40-e1f5-40e2-a964-3d5206207027,L3,Tweet
e8df8800-0ac1-4afc-8a54-74221c18f605,L3,Tweet
e8e39249-93e4-4291-bdeb-20983eba8c7f,L3,Tweet
e8e8c2f6-66a6-4949-ad49-67b595ea9390,L3,Tweet
e8ec1f03-4708-41bc-94a7-092159f8307d,L3,Tweet
e8ec8cfc-e556-4c38-ba65-cd89ceda9ab6,L3,Tweet
e8f0278d-bba0-4780-bdf0-fc8fe7b3969c,L3,Tweet
e8f74f0f-3b28-49c9-aaec-3152c07af4de,L3,Tweet
e8f79613-0e50-4d97-aaa2-6610b19c9151,L3,Tweet
e8fef118-a3ac-40db-8339-6151045bbac7,L3,Tweet
e907f52c-beda-44f4-945e-16359c01bbd7,L3,Tweet
e908130f-df3c-4706-9450-7601782b8bbd,L3,Tweet
e90f90c7-d049-41fd-ab78-3205eea3363f,L3,Tweet
e91a741d-53ec-4a04-8251-f48331eef46c,L3,Tweet
e9204f6b-55d5-40b2-a366-dcb303bfc4f2,L3,Tweet
e929bb0b-d2e8-4955-950c-6ba7d5752671,L3,Tweet
e93ba8bc-445d-4dec-b325-c85a2010306b,L3,Tweet
e9462874-ecc9-4bc1-9f2d-dc93202dde31,L3,Tweet
e95c64a7-28ec-437a-8f64-2fb78dc52497,L3,Tweet
e9623466-d83f-4449-a1e0-82dcc2fac38f,L3,Tweet
e96467f8-5fbd-4008-a1b7-a81b2039bbc9,L3,Tweet
e964763b-f838-46d6-bed8-ddd474b4bc8d,L3,Tweet
e9777353-17bd-4454-89d8-729c4449c884,L3,Tweet
e9844f2f-30ab-4813-9062-4302a9d2b31c,L3,Tweet
e989583d-0a67-47c2-ab0d-40fb26c720d8,L3,Tweet
e98c0264-e4ef-4485-8a46-1e75bc8e25ef,L3,Tweet
e999107b-4478-41eb-9333-d8cea86329f6,L3,Tweet
e99ce380-2974-4131-91bb-5087073618e8,L3,Tweet
e9b3512c-d86c-492b-9bcb-97cc406f82f3,L3,Tweet
e9c8dc01-cd3a-4830-8e2b-b6bac9d9a414,L3,Tweet
e9d70871-824a-4ac2-bde7-f75047e9052f,L3,Tweet
e9da9573-6a93-4dc4-a098-6c2ff3a759fa,L3,Tweet
e9e6af41-d09a-4955-8f87-ffb4abd0a1be,L3,Tweet
e9e79651-2d28-4af7-be9f-1126cd8d9ba3,L3,Tweet
e9ed84e9-75c2-4eba-9b85-0c2676e7f759,L3,Tweet
e9f20311-bd23-4f2e-9042-e00c9008be77,L3,Tweet
e9f377b4-5762-4fba-9db4-7702441e32e7,L3,Tweet
e9f79b2b-7b3a-4456-92b8-14be2d24116f,L3,Tweet
ea0860d7-972b-427d-99df-e77ad27ab4c8,L3,Tweet
ea0d3325-deb4-4b4c-8cfb-bbbe51f1ca59,L3,Tweet
ea0ed9d7-54a1-467d-abb1-0d8e005e28e8,L3,Tweet
ea16413f-b0eb-4d20-89ec-3e986b01c693,L3,Tweet
ea1965d7-d4c4-4915-a6af-fcf660e066ee,L3,Tweet
ea1b9b84-a182-49f4-91f2-0f000e5480ad,L3,Tweet
ea27069c-4b05-4777-9964-bb862eb4c2ab,L3,Tweet
ea2d5ad9-382e-4794-87dc-f33e709117c6,L3,Tweet
ea42eea5-3201-49df-ade8-b58ca7a9ef75,L3,Tweet
ea464e67-b5f7-45f2-b2c6-1826faec90d6,L3,Tweet
ea479809-51ec-4534-86df-f7c97496f7b3,L3,Tweet
ea48d88c-0cbc-433f-8af3-e8a6fb782a1e,L3,Tweet
ea4b197a-c883-4358-9048-153998410bf7,L3,Tweet
ea4bd60b-d583-4b56-969c-df7092221971,L3,Tweet
ea4f9be2-d936-453c-ba07-71def1054071,L3,Tweet
ea5cae59-37f9-460a-8916-090c76e37359,L3,Tweet
ea5f08ee-9b8e-4d98-8750-a880c4896f13,L3,Tweet
ea60b0b6-3497-4503-b55b-abb3c830f8c0,L3,Tweet
ea669b6c-a688-4cf5-abc8-a7573a1c3fa6,L3,Tweet
ea717d46-3d8a-4af5-a262-a50b79087b28,L3,Tweet
ea7a74d8-447b-4f90-9e4e-9cfec3fcc5c6,L3,Tweet
ea86e724-cccd-4bdd-8d27-12d324c1cad6,L3,Tweet
ea891166-d876-4ca0-8f1e-a6bb6c580320,L3,Tweet
ea904be1-0a65-4a60-8616-d851562bf982,L3,Tweet
eaa10634-4fa5-4b6b-b07f-a213fa968057,L3,Tweet
eaa4ae35-1282-428c-aa80-fd51e11755ff,L3,Tweet
eab53867-4043-48ad-91cd-4428431f2a04,L3,Tweet
ead8127f-12d4-47cf-ad89-72398308743f,L3,Tweet
eae0e55f-7ed4-4348-9137-781ec5d147f8,L3,Tweet
eae11cfa-26aa-4a13-9429-6eca46170488,L3,Tweet
eae1ed86-8d33-4d76-8a61-4da1c4388878,L3,Tweet
eae63374-414c-4a04-9a72-f33e49c802b3,L3,Tweet
eaf59e2b-1a63-457b-a5b5-9acbf09c4d6e,L3,Tweet
eaff5415-4e27-4aa7-886c-c84381c9dae4,L3,Tweet
eb048ad6-091d-4e81-b0cb-9af9b23be1a1,L3,Tweet
eb15e108-7a4a-4053-94d3-7f358ed553d3,L3,Tweet
eb20cf8b-570d-422a-a58a-b7d787dd3eee,L3,Tweet
eb24c5a0-f1be-478d-a926-087b59643cf0,L3,Tweet
eb274007-c03a-4fbe-a5bf-e1f052d63032,L3,Tweet
eb2ea427-2794-4c88-9f42-846a6a8870df,L3,Tweet
eb308629-61f8-416a-acda-2fcba81761a7,L3,Tweet
eb32b478-94b0-4549-b1e6-249a3d588bc9,L3,Tweet
eb38b04f-af9f-4b93-ba5d-4e058e69c4bc,L3,Tweet
eb3ef4a2-c353-4112-92d1-d47ad54bb857,L3,Tweet
eb4291ae-ba2f-4abc-a9d2-f313d0778fd8,L3,Tweet
eb42b237-29ee-4740-822d-ee811d9a40f3,L3,Tweet
eb498c64-11a5-4123-9fc6-7a27a8e5edb1,L3,Tweet
eb51b538-7815-4810-830e-510826ff9177,L3,Tweet
eb55becc-5cc2-47c3-95a5-8c87d1232273,L3,Tweet
eb60418f-768c-4247-9f92-6746df8ac485,L3,Tweet
eb6246c2-abeb-4442-abd3-fcf05c93b8b1,L3,Tweet
eb6db8e4-4c5b-49b8-9285-63c168220d5f,L3,Tweet
eb7ccccc-bd32-4793-a130-410aec7ee5ae,L3,Tweet
eb8a5553-23d4-4196-850f-6d55fe6ba492,L3,Tweet
eb8e5057-3f41-4331-8787-bbc70ad3bd04,L3,Tweet
eb98acf7-daf2-4941-94d6-dcdeb9519a1f,L3,Tweet
eb99568d-3fec-4b33-9297-9c72db761489,L3,Tweet
eb9e2a91-0437-4620-a545-3654f9c2ff8e,L3,Tweet
ebaef286-834a-4dee-b865-cf91d2d17956,L3,Tweet
ebb3e305-3e49-40b8-951c-bdb548053950,L3,Tweet
ebba8223-679a-4cd7-aafb-a4a043d738b8,L3,Tweet
ebc0f7c0-7733-4ae6-9bba-89c43ead67a0,L3,Tweet
ebc20a17-bd30-41d3-b545-931054902045,L3,Tweet
ebc21520-2528-4543-ae44-5f203a29558d,L3,Tweet
ebc3924f-bd90-4241-a781-2a2552833183,L3,Tweet
ebc52bf3-5455-4251-ad62-92309f9ca514,L3,Tweet
ebc58430-8445-4dd8-b270-0c3bb9ce80e0,L3,Tweet
ebd1cd9c-1ab2-4ab9-8933-2616c0be8177,L3,Tweet
ebd316bf-fd2d-42fb-ab87-0a5d1541a4f6,L3,Tweet
ebde2399-e201-4ce3-a152-361329f9f67c,L3,Tweet
ebe2f833-628d-4842-82a7-9dfd5998dc1f,L3,Tweet
ebe4868f-c639-444a-a404-fd02c9fa8cf9,L3,Tweet
ebe87935-9d85-4e7d-a1b3-ea6c88380abd,L3,Tweet
ebee09ee-1387-464a-91f9-a8aa458e1144,L3,Tweet
ebf7f547-a95d-4ba6-86ac-44f230a31fb6,L3,Tweet
ebf91dc8-f7a8-4c24-981b-951cc22d6cf7,L3,Tweet
ebfb59ab-bb3b-4f75-8511-6629a985ce46,L3,Tweet
ec0bb9bd-1d0f-4348-9beb-0f846ddad621,L3,Tweet
ec105916-8c5a-42bd-8dab-dea7517de588,L3,Tweet
ec150a2a-6e24-40b2-badf-406ec88b2070,L3,Tweet
ec171de8-30f9-46e1-a1d4-fa98e6c8c3ec,L3,Tweet
ec1ef377-197e-43bf-80fe-7cbf3ba1a107,L3,Tweet
ec209f38-800b-4111-9215-6debb0d2b375,L3,Tweet
ec2723f5-328a-4a7f-930f-c059bb9a8af0,L3,Tweet
ec3ca0f1-74f0-4fc2-8eb4-9e4f65317005,L3,Tweet
ec4182c6-f808-4499-84fb-13115b8a8cca,L3,Tweet
ec59492b-0800-409a-b30e-e408024219fd,L3,Tweet
ec5b7511-43a8-4a1f-b3f7-e027bfe759d5,L3,Tweet
ec5c5d00-2ea3-43ee-a3e3-2e3408eb0143,L3,Tweet
ec6a174f-9298-47b9-a583-aa7a23aa7562,L3,Tweet
ec6d7709-02a7-4352-bcfa-46ebcc634952,L3,Tweet
ec75c468-a212-422b-803d-e524cab33e05,L3,Tweet
ec83eede-807b-4757-9445-a0739617eccf,L3,Tweet
ec8435aa-c6b2-4ce5-b702-a106ad313ae4,L3,Tweet
ec852c44-ac95-48c3-8c61-ce91310d32ef,L3,Tweet
ec872580-3a8f-46c7-b0ec-98285029b8a3,L3,Tweet
eca7e184-8fbb-4336-8eff-2a534f6f5422,L3,Tweet
ecbd459c-46c7-470d-ac1b-bedb015a1fab,L3,Tweet
ecbe25ce-7908-4802-a5f1-d64aa298de7d,L3,Tweet
ecccd6ac-2a11-49ec-a5c1-375aa0bda065,L3,Tweet
ecd3249c-e5b1-478c-9690-74b3cd2e0af9,L3,Tweet
ecd4e6e7-9ac3-4271-a7e9-45a2b7fcea3d,L3,Tweet
ecdbed6f-eb9e-4ca0-af60-5a7d40f78f3d,L3,Tweet
ece9496c-4721-4e09-adcd-f94c13b9734c,L3,Tweet
ecec1fd4-eb5c-47c1-bf6c-9976b37af00d,L3,Tweet
ecf36c4d-a086-4ca8-94c4-c8dc0574ca66,L3,Tweet
ecf3f3d0-731f-471e-a3b6-32f52bfe89eb,L3,Tweet
ecf47144-a938-408d-b3e1-c120eddbf743,L3,Tweet
ecf4e410-260b-41fa-b805-b40312ee63ff,L3,Tweet
ecfbeaf9-5088-4c0b-ad1c-5d971a8a8331,L3,Tweet
ed0af255-7e86-41c8-a69a-1f0a4fafccf1,L3,Tweet
ed12424c-6c78-4429-a5df-d56d06b08c06,L3,Tweet
ed1e2261-a469-4566-8d3e-8d4b4c18198f,L3,Tweet
ed2d7b69-979a-44dd-817b-066e01b1bfcb,L3,Tweet
ed2db2ab-403d-46cd-9add-e306cba9eb69,L3,Tweet
ed356efd-a087-4c19-ad43-3f6f62aec084,L3,Tweet
ed3817c2-414a-4864-88fb-152f070816fd,L3,Tweet
ed39753a-01a0-4290-8963-6f43f762caaf,L3,Tweet
ed3a2162-c1d9-4822-8690-f68091961708,L3,Tweet
ed3be599-db56-4e76-b45c-ebcf75310a30,L3,Tweet
ed3e3218-e79a-4309-8a1a-4f9e9f02b2e3,L3,Tweet
ed457e4a-8f0b-49dd-be5b-2dd4484e1d75,L3,Tweet
ed63a3c6-a0b0-48bc-aec3-aa9fd33a713c,L3,Tweet
ed6a3400-e57c-493f-8ee4-91b3c27a2e07,L3,Tweet
ed6ad938-8c7f-4bca-b406-540becd1f671,L3,Tweet
ed6dfb41-00e5-4745-9110-906facdd10d4,L3,Tweet
ed7e4775-1441-4aca-b970-b9dcf65169cd,L3,Tweet
ed815cb4-e272-4a61-accb-e1866f045745,L3,Tweet
ed8640d1-fe99-4d38-a944-ab4a20a1fd3b,L3,Tweet
ed8a4e1b-7e98-47d5-b799-67c322a57b70,L3,Tweet
ed94c205-fa8a-493e-819d-4131087d8268,L3,Tweet
ed9df968-bc5a-47d1-ac31-93b44dfd6028,L3,Tweet
eda17421-6b81-4235-8dd1-98562b11a7e5,L3,Tweet
eda1a42d-15c1-4f3d-8f06-98fa1ebb4e69,L3,Tweet
eda58ac3-cbdb-4e1e-8cf6-af828df4acd7,L3,Tweet
eda83f1a-de12-4c74-98f7-0ddf937b6ff4,L3,Tweet
edb66a6a-f3f4-4113-b570-e2d51b13a0af,L3,Tweet
edb96ee7-e3cb-4238-b232-75747bd1222d,L3,Tweet
edd0810c-769e-4426-89fe-43abd7945741,L3,Tweet
edd5eae9-c827-4dae-8531-fde6a7284504,L3,Tweet
edea89dc-50bc-4737-8a0a-657d72b4c404,L3,Tweet
edeca14b-4909-4a74-9019-edfab75670d7,L3,Tweet
edef8e75-f524-4739-a664-7b81854a87a9,L3,Tweet
ee00fdd7-5c2a-420a-affc-cf58d199ccc6,L3,Tweet
ee02cdab-c7a5-4eec-a466-addd09472f1b,L3,Tweet
ee16c0b5-1f5e-4092-82aa-eb01b21b51eb,L3,Tweet
ee204bab-953e-475f-867c-7d9d838cb3a7,L3,Tweet
ee257dbf-ae95-49f3-9592-ea5244297f45,L3,Tweet
ee279045-3156-486a-8f64-b91df25d76fb,L3,Tweet
ee3c08f9-91ee-4087-9fb6-ce31b5975d77,L3,Tweet
ee3d5545-824f-442a-8107-0a42256317cc,L3,Tweet
ee40c015-a85a-4b29-ac93-890677a21980,L3,Tweet
ee556b1a-6852-409f-8396-f07f55fcd371,L3,Tweet
ee56cf7d-7681-47df-b6b2-236c4afb9b73,L3,Tweet
ee5707ff-27e4-497e-9c70-94fee0a55ed2,L3,Tweet
ee66399a-cfa3-45e9-9ba0-4f820fbe2feb,L3,Tweet
ee68edfb-20d2-4512-9390-14805af404fb,L3,Tweet
ee6ef7ce-d785-42e6-a8e6-8cb709b658c5,L3,Tweet
ee7e070b-7cab-4439-b6f0-3845cf0e919f,L3,Tweet
ee82e637-b459-4dfd-9c47-53a8eecb00c9,L3,Tweet
ee87a4c0-946a-4c9a-b8bf-53416a00bcde,L3,Tweet
ee903a79-c073-47d8-94ee-f1d54d548725,L3,Tweet
ee93ae5e-2e15-4a79-b032-56924cbe2191,L3,Tweet
ee97c605-d4d2-4906-bf2f-1b30bf37284a,L3,Tweet
eea88af6-6cc1-498c-b58d-f7e635f8a8ae,L3,Tweet
eeb0bb86-56c7-4672-9189-d5fa6a444a84,L3,Tweet
eeb73c25-5f2d-4d5a-8c2d-92ee1e59f0c7,L3,Tweet
eeb866db-73a2-403e-a8e1-19f8bf17a0db,L3,Tweet
eec20709-650e-4df8-bf1e-19b99d3af007,L3,Tweet
eeda4cf7-03a4-4809-ba21-1e93ca3eaea8,L3,Tweet
eee0121b-3995-4862-8e2f-553d7581077d,L3,Tweet
eee94574-f5e4-4fc8-afca-bff4d538e59a,L3,Tweet
eef4eb2d-3307-471a-b0f2-e9d49d121174,L3,Tweet
ef05b5a5-0a88-458b-b701-21cf053f76b0,L3,Tweet
ef0b8952-ae6d-4b67-9494-e7f3487213cb,L3,Tweet
ef1c155a-6258-40c6-b8c9-e8b834efe607,L3,Tweet
ef2697e2-1c86-4a87-89ec-3c1de8cd6933,L3,Tweet
ef348c7d-3de6-40e8-a683-afa04c34ef09,L3,Tweet
ef48cc24-1cdd-4f52-ba5d-3f3856bdbe8e,L3,Tweet
ef52c203-32c9-448e-9006-8885dda71d16,L3,Tweet
ef573a77-71fd-45c1-a2ea-366eb3f58f75,L3,Tweet
ef573c61-e488-4781-a325-f18e5d2dbec8,L3,Tweet
ef61929b-5114-4874-8c7d-1119dde7ede4,L3,Tweet
ef64ac6b-d697-4001-869e-e8c440d6c63a,L3,Tweet
ef6534c9-44e3-421e-a672-95dc2412a505,L3,Tweet
ef74c297-f54a-461a-9337-5d3e25dbc880,L3,Tweet
ef7c5083-ab93-422a-96b3-51acf0443af0,L3,Tweet
ef89cb3b-7ffe-4c48-a33d-892d2e8b9a6c,L3,Tweet
ef9523a3-ff8a-423d-a045-d089fdca541c,L3,Tweet
ef9edb83-4c74-422e-81d9-ee89c2532a7e,L3,Tweet
efa45579-6c92-456c-becf-1c1daa90823b,L3,Tweet
efa48ae8-3f5d-43ee-bf64-c2c9bc278a57,L3,Tweet
efafc3a5-bae0-43c6-80b7-64ea1c34408c,L3,Tweet
efd07bf0-166e-457c-b7c5-f12291a40715,L3,Tweet
efd6ebaf-0fb1-45e2-9d6f-cffb07ed419a,L3,Tweet
efd808b4-8c3b-4c6f-9724-aa82713c5617,L3,Tweet
efe2facb-008b-4f02-b20f-d6aaf9c6030d,L3,Tweet
efe47b19-d9b4-43f8-819f-f1d253879af1,L3,Tweet
efe518ab-c092-4cb3-925f-23e123667f91,L3,Tweet
eff23562-8fe4-4015-9683-4eef4009f441,L3,Tweet
eff79ec5-2e50-4f8c-8f8b-43ecd4542e5f,L3,Tweet
f002191f-998f-4a12-86d3-556fdac77f8c,L3,Tweet
f0083ec0-f369-41f0-b9b7-11ee29448fd7,L3,Tweet
f01cdcae-e320-4773-920e-aae0a8c8fa82,L3,Tweet
f02c51bf-4c8d-4394-b11e-faef05ddcf51,L3,Tweet
f03bb937-5678-44af-8c22-25414e4048d8,L3,Tweet
f03cb776-bc27-4c22-9f1b-1c701d093e1e,L3,Tweet
f03cc449-8e86-4a46-b544-01d5c0bb20e6,L3,Tweet
f048c0f6-1731-4ce5-b281-63a510886b06,L3,Tweet
f04c9a19-f37a-4be3-821c-b4302eb40b70,L3,Tweet
f057d666-00e2-4698-86a7-eb507531472e,L3,Tweet
f061664c-28c5-469e-90ee-069b45701eb2,L3,Tweet
f0714e7b-2c09-481e-8143-32cd413b87b8,L3,Tweet
f07a01d2-58c0-49f8-aa54-78bcbc218737,L3,Tweet
f0888ff8-752b-4a4f-b6a6-d4da3d35ebe2,L3,Tweet
f0925bf6-19dd-4eb5-9a2a-34626084483c,L3,Tweet
f0971aec-7e32-46c7-b835-8295690c4312,L3,Tweet
f0983e41-f02a-4564-877e-c28d186d1096,L3,Tweet
f0999bd3-ae11-4c91-8123-a8774e94089d,L3,Tweet
f099e838-9830-433d-bf68-4aa976df1159,L3,Tweet
f0a554cd-a81f-428a-be8a-a8933b685a0e,L3,Tweet
f0cd8a5e-c44b-44e0-b878-06e589ac542c,L3,Tweet
f0d0d3ec-e38a-422c-8c87-1b8e11b54187,L3,Tweet
f0eab17e-0f2e-41fd-b248-3d84c45bbca3,L3,Tweet
f0fe3544-d050-4f28-9435-4236c7b8e7da,L3,Tweet
f1184a09-249e-4357-8216-62085aba5c9b,L3,Tweet
f1202257-8de0-4a0c-ac92-07e41b6889ce,L3,Tweet
f1211f8c-3d6f-43b5-8af0-61364db44105,L3,Tweet
f12564fa-389e-46ef-b706-65e40bdff313,L3,Tweet
f129f284-c057-42dd-ab97-3ed0a3321c87,L3,Tweet
f13665c0-0567-41e0-b8b8-fa7de0906a41,L3,Tweet
f1373788-4058-4310-85cd-539bdb0239bb,L3,Tweet
f13f3390-d21e-4936-bcb6-d76771e662be,L3,Tweet
f149f6ec-8cea-41e7-ae95-1fad92aae065,L3,Tweet
f15a0a19-d61d-4f37-85db-1075e9945991,L3,Tweet
f15e2d5b-36af-4d77-bdb4-76a814b0852e,L3,Tweet
f16277cc-412f-4fb3-89fa-5f2eedb3293a,L3,Tweet
f16b147e-8753-46a4-9236-02853cacf61c,L3,Tweet
f1703393-e8c3-4c5e-ae30-92d0696d0dea,L3,Tweet
f177bf3c-d0a1-470c-872e-3c61c9696dfc,L3,Tweet
f17b38d0-6702-46e0-a154-4daa17f4fc1a,L3,Tweet
f184833b-3233-4b63-87e6-825c57191974,L3,Tweet
f18de967-3f55-464e-adc1-842f5ee8cb5e,L3,Tweet
f197d12e-0757-49af-9107-94aaca60017f,L3,Tweet
f1a057ae-c954-4d2a-b73c-7d3dff4f379e,L3,Tweet
f1afd260-01cd-43ea-9f29-8a1c0271c13f,L3,Tweet
f1c3ab49-2ded-42b0-88c9-5491ae165b24,L3,Tweet
f1c9aab0-2c64-4ecb-82bf-15f22d06a80d,L3,Tweet
f1dc4157-78e4-4810-9bf2-c3ce430578a7,L3,Tweet
f1e39dd9-c180-42c2-9b56-549e1d8abcae,L3,Tweet
f1e3fe9b-1d98-474d-8da7-6929a5e88f15,L3,Tweet
f1eb18a5-a839-47b5-84eb-a4a66f9e8373,L3,Tweet
f1f383cf-c6df-4ed0-b656-f57ad83f80b6,L3,Tweet
f204ee17-2d2d-4c86-9274-bd56b7c0dbd9,L3,Tweet
f21285bb-7b1e-471c-9fb7-ffd6992f1fca,L3,Tweet
f21482b6-150e-42f1-ac95-26285810b6c2,L3,Tweet
f219fc79-d52a-496d-a397-fbe4ed298bb7,L3,Tweet
f21de9c5-eb3f-45dc-a450-7009b4f1064a,L3,Tweet
f21f5ff3-fa1a-4ae0-906b-51639af4f968,L3,Tweet
f21feaf9-570e-4c12-8e6e-e754912f0fe5,L3,Tweet
f220f47e-bfb2-4b33-bfa2-4a4bec901173,L3,Tweet
f22322fe-59c0-4588-b7a4-9e566145cd95,L3,Tweet
f2392ff9-ad6b-441c-9233-ed83681c91fe,L3,Tweet
f23c09b2-8da8-401a-afd9-b048aa26c0af,L3,Tweet
f2423cab-c463-4028-8f2d-183fcf37eb58,L3,Tweet
f245373c-4a4d-4bec-808a-ebcfa45d7905,L3,Tweet
f2511cf7-b11e-46ea-8d55-ce26ae78b887,L3,Tweet
f25782af-0600-4023-a62b-3f689d00b3a0,L3,Tweet
f25b542d-8dff-4ee0-931c-fa32d912eba0,L3,Tweet
f25d8cc5-e764-4a98-8c5e-3cfc0431e365,L3,Tweet
f25f6af7-c7de-467c-83b0-7c2094fe2ea9,L3,Tweet
f2665d0e-edaa-46f8-9055-e24f2ccd8e52,L3,Tweet
f282fa8e-ab84-4be1-a401-1655f3de007d,L3,Tweet
f2af58dc-a0ae-49c3-a1a6-8daf48939efc,L3,Tweet
f2b041e6-2403-4ca3-b97c-8a59d3db4dc5,L3,Tweet
f2c2b8d1-bdff-4d03-ac88-b7a9fa3be692,L3,Tweet
f2ebaed0-7d3f-4546-a078-8f1a829bd4db,L3,Tweet
f2f13e2d-b940-4893-b49b-bfca30b0095d,L3,Tweet
f2f1ae8c-ba88-45fd-9d0f-dc0cdfdbc2c2,L3,Tweet
f2f8c470-c6fa-4440-a8fb-f707e8b243c5,L3,Tweet
f30f8286-42c5-44b7-8c65-73fab4c00c59,L3,Tweet
f3183fb9-2dfb-4c9d-ade6-520e0023404b,L3,Tweet
f32865cd-c165-4442-a2ec-f78a711a7c09,L3,Tweet
f32b4831-70c8-4e02-ad71-fdaa0c035482,L3,Tweet
f3353c1f-a3dd-45ab-be5d-8ec9d6269bfb,L3,Tweet
f34e8aac-9ac2-4d8f-b724-19f8a45d8619,L3,Tweet
f3589c68-a1a0-4c70-b7c7-19fbc7264493,L3,Tweet
f3647189-cfcc-498c-8e8f-19b2cc24d39f,L3,Tweet
f36d9c6c-4924-41e1-bd84-9d8268725cfa,L3,Tweet
f370cc36-569d-4e03-8e45-261573b1f9e3,L3,Tweet
f390e7de-804f-479f-875a-e452028c2e45,L3,Tweet
f39114c2-b357-4526-a2ea-69211d664027,L3,Tweet
f393d876-09c5-43db-a41f-b1137a31acac,L3,Tweet
f3b383f6-68c3-46ef-b62b-11ff7e7b19cc,L3,Tweet
f3b582b9-4b20-4acf-99c1-a08dcd55d9a3,L3,Tweet
f3ba8d7e-0a57-406c-b42b-2e008da925ed,L3,Tweet
f3bc7a09-f9e1-4535-8754-99ebc116909b,L3,Tweet
f3cef282-accf-44c7-abc5-a7a72e19ba04,L3,Tweet
f3d2d12f-6c2e-4752-8892-f95ff9c704f6,L3,Tweet
f3d9fa5c-8b97-489f-9f1d-a27741cf9775,L3,Tweet
f3e37f32-c4cc-4ca3-8d45-fe01b5517f15,L3,Tweet
f3eaa4ab-4601-46e8-be2a-d722ef9930da,L3,Tweet
f3fb9f84-7cc2-4bbb-bcb8-58171fa20b38,L3,Tweet
f4060e3a-77cf-4d83-a73c-4e1505f1d35b,L3,Tweet
f407dc42-51fa-44ad-8326-0f9e4c2cfa76,L3,Tweet
f40c78ba-2d85-44a8-ac5e-642e8025d167,L3,Tweet
f40d4a75-c349-4e52-afae-02bd0be3742a,L3,Tweet
f4115277-543b-4ccd-9120-072d14ed43d5,L3,Tweet
f413807b-7811-4321-afd7-7408346fe28c,L3,Tweet
f414bac2-bd26-4d0a-9b0e-088a7469f3a2,L3,Tweet
f42ec209-bbd1-414e-a854-9a0ae1525ac0,L3,Tweet
f42f503d-109b-4f65-8344-a5af05e1d270,L3,Tweet
f434653d-1586-4686-a966-3a6000109976,L3,Tweet
f4363a34-130c-44c1-93d7-25117be357d5,L3,Tweet
f4467eb1-37b2-4772-88fa-edecc7636417,L3,Tweet
f455d9cf-03f1-40b2-873a-c9afe4d5b067,L3,Tweet
f45ce1f1-0bcd-45e9-b153-27dc7a2c0016,L3,Tweet
f472c6cc-1f22-4f4d-bb2b-58e2d6b8db1c,L3,Tweet
f472e7d7-8e45-42a6-8153-97ff050a28e4,L3,Tweet
f4736b14-06cf-4d6c-99c0-6d09bfcd11dd,L3,Tweet
f47ad5b5-d287-4451-b2ba-938de26c0b7e,L3,Tweet
f47cc6cc-227a-4023-bd39-3480a5214d6d,L3,Tweet
f47ec438-93dd-4643-b1a7-400df2e4b815,L3,Tweet
f47fdb47-a627-4733-9c03-06a73fc3f21b,L3,Tweet
f48688eb-91cd-4352-bc3c-c5a63487380b,L3,Tweet
f4957cdf-e53c-45e2-8594-19ae68b603d9,L3,Tweet
f4aa6b49-cad6-4b5b-a263-4dd311188ad4,L3,Tweet
f4c15725-ccba-4b7a-89df-d6e2344459e0,L3,Tweet
f4c9d278-4dc7-40a1-b34a-8fea6ec9d72e,L3,Tweet
f4cf833f-fc2b-45f6-9623-39730f87ad42,L3,Tweet
f4d6aa71-1104-4633-aeb0-e3450b0ceee1,L3,Tweet
f4ea5c19-2c6f-4522-82f0-170ed19d2dd1,L3,Tweet
f4ecec21-e9f3-4c4f-827c-aa2bfefb71f9,L3,Tweet
f4ee0f56-92bc-4ec1-9f7c-869ce404d716,L3,Tweet
f4f246fa-4756-4c76-97a3-f83aceae5911,L3,Tweet
f50eb3f9-884b-4d06-bde6-29a3a5346dbd,L3,Tweet
f5143f65-4147-4f31-a113-ce9b122336e0,L3,Tweet
f51f22a3-0e74-438e-a8cc-7a88fde80741,L3,Tweet
f53e6b55-3f18-4f60-8a6a-1204a9d83ed5,L3,Tweet
f541025e-5392-453b-b31d-5093e9d2fb28,L3,Tweet
f545d274-5dd5-4f4b-8999-5d2648892b14,L3,Tweet
f547e642-11fb-4d57-899f-57537ebd388a,L3,Tweet
f5491005-662c-4ade-b614-9982be01a73b,L3,Tweet
f5494258-8fee-4c68-bb21-0c5f88bdbcd2,L3,Tweet
f55159db-97ac-4307-91f3-f22788da18ed,L3,Tweet
f5646012-6a71-4fa8-80b0-4511cc096350,L3,Tweet
f5647d60-a603-4705-89d2-951eee6e7295,L3,Tweet
f5650648-fe9e-4790-8770-ea0a0a7fa5a1,L3,Tweet
f57f6eee-0c94-4551-99f9-4c3fdb8a956f,L3,Tweet
f582fb24-8bcf-478f-b907-df0020ac7a21,L3,Tweet
f586ee8d-d9d7-457a-a798-b0d533a5cc6b,L3,Tweet
f5882508-e6dc-4263-abe8-eff8f6f41843,L3,Tweet
f58d2ad7-ab73-44d3-b574-ea75719cadc8,L3,Tweet
f590cfde-c38c-48c0-a289-37d47d421b3e,L3,Tweet
f594b31b-03a8-4892-bc8e-9ed4f7432c42,L3,Tweet
f59d8fbf-5e30-4dba-a767-0056ef81b2b8,L3,Tweet
f5a23665-b66d-4048-8ae1-f965e7926826,L3,Tweet
f5a247ee-3c27-495c-8baa-12781f8c94b8,L3,Tweet
f5a2d17a-fcce-4c2b-a6e8-b5b1cf3d451a,L3,Tweet
f5a51124-1847-4241-8084-aa4c6272a909,L3,Tweet
f5a69a39-c2a6-4660-b6d4-b2417afb8f55,L3,Tweet
f5abf16c-9a18-4649-b794-957ffd88a561,L3,Tweet
f5c17b27-65ad-451c-b788-4bcd87c1a25b,L3,Tweet
f5c853b1-55bc-4993-b87a-9406b9336f51,L3,Tweet
f5c8ee8c-7279-4af1-98cb-18493c9f1513,L3,Tweet
f5ea036c-d7b8-457a-85c7-14074f1d2766,L3,Tweet
f5ef070a-a1c1-468d-8cf3-675c1c45ed18,L3,Tweet
f6149aa1-689c-4855-a191-a32e6caf8b3a,L3,Tweet
f6187edf-2532-4266-a615-29f009266239,L3,Tweet
f6223d33-a61f-47e7-8632-f291f27a7b41,L3,Tweet
f62bf737-7e77-447d-bdbf-eeef01fd7b4d,L3,Tweet
f6396483-3f44-467c-afd0-f2291c2eeb09,L3,Tweet
f64b1808-4a3a-495c-80c4-fcbc55419ea1,L3,Tweet
f65efad7-66ca-4036-9132-9125fbf35fa2,L3,Tweet
f673e819-5006-4aef-ad0c-66b26ea50b02,L3,Tweet
f67bcdd6-e26c-424e-b604-27df4ea41311,L3,Tweet
f68407a3-6c7e-4778-97e1-176db70192fe,L3,Tweet
f685a5f0-8621-4145-b639-46bba50bbaca,L3,Tweet
f68a6188-1dde-46da-98e1-b02d85b0b454,L3,Tweet
f695b6ff-6cfb-436d-880d-d4ed916ed0a5,L3,Tweet
f6964116-51f2-4c46-96e6-2d938b6bc8e8,L3,Tweet
f6a0b319-483a-4a7a-925e-727108645ada,L3,Tweet
f6a54617-afe0-4c31-b41e-1dad0d134d92,L3,Tweet
f6a68531-7914-4ef4-98a0-70bd068cbf07,L3,Tweet
f6a7d272-9a89-4133-a968-b92c0e3aa925,L3,Tweet
f6a959b4-166a-4c7d-bb78-faf728d0f1f4,L3,Tweet
f6af1b74-6176-4ea1-91cb-f2000d4ae8aa,L3,Tweet
f6bd3236-8e11-460e-ab1f-b9d43a7fb265,L3,Tweet
f6c01911-a51e-4e73-a750-bc6686b467af,L3,Tweet
f6caf554-fab3-4641-924c-1a11257878fa,L3,Tweet
f6cbb245-ac67-4045-b4d9-14c1e5b54648,L3,Tweet
f6cedde4-d4ad-4cfd-9093-6ed334704400,L3,Tweet
f6e4cfd6-ab45-4db7-9fd0-1ed5e9b43212,L3,Tweet
f6e60145-a5fa-434c-bc93-d9f66f5e076a,L3,Tweet
f6e93793-5793-4de7-8d81-029fb9968d03,L3,Tweet
f6ed91ac-fc79-4e4a-ba78-7ad9d1d7f583,L3,Tweet
f6edea10-ae63-4436-8d22-9261fb658c47,L3,Tweet
f6ef3193-bac5-4822-b2f5-08dd3b1ceef8,L3,Tweet
f6f29571-ae73-4a08-b231-77b94d7f2701,L3,Tweet
f6f3a8c3-0eb0-4fee-8a08-3aff1e135018,L3,Tweet
f6f55cfd-c5b1-49ed-85e8-4036321e2f73,L3,Tweet
f6f678ad-a8e0-4767-925e-75bc92df319c,L3,Tweet
f6f9fe0f-489b-4213-9860-929f4303b820,L3,Tweet
f6fa0326-42be-40ce-966b-0ab3b0ebda20,L3,Tweet
f6fae850-d65e-4e6d-acff-d38bae05482b,L3,Tweet
f704343b-c807-40c1-a5c3-a8faf80698a0,L3,Tweet
f708c9ff-639b-4e4d-8036-c096885c78bf,L3,Tweet
f71bd760-3483-4062-b55d-341d20a929ac,L3,Tweet
f71e312c-7525-4fad-94ff-f33d173d4c4b,L3,Tweet
f72d9392-04d8-453c-be54-8c8726d0bc6a,L3,Tweet
f732b2d2-35ce-4203-aeda-cf6b1ab9a9f4,L3,Tweet
f7429752-993c-4ba5-a77c-f20a7509cf7d,L3,Tweet
f75119a0-0c67-48dd-a3bf-f0603a56a2f7,L3,Tweet
f765da4e-d134-4421-9f9e-11b1246f045f,L3,Tweet
f76a2d5f-1e11-4546-bb4b-6bfe6c7cc6be,L3,Tweet
f76aa74c-bfee-46bb-9976-dad1c25cb2bb,L3,Tweet
f76ed460-091d-49fc-a0ca-b534dea6a970,L3,Tweet
f773c0f1-180d-463b-9614-de589cfcbeea,L3,Tweet
f77baa03-8b28-47ba-90db-c315592f0293,L3,Tweet
f77d314e-3d45-416b-804b-071474503c9a,L3,Tweet
f77ef79e-5844-4426-808e-334a7909216f,L3,Tweet
f780ee44-faf6-4c8d-a7e3-bdab5e89693b,L3,Tweet
f78385aa-6aa6-4f1d-852f-fe3453054cba,L3,Tweet
f78b232b-a31e-4dba-b653-763d0ce245f1,L3,Tweet
f7a19639-be60-4efc-a3d5-4ee041e040e2,L3,Tweet
f7a9784d-506f-46ad-b283-a288fb9d8221,L3,Tweet
f7b783c1-d529-4c5f-854f-ffb67f7945ff,L3,Tweet
f7bbd173-6cac-490d-9501-fe269664d8d0,L3,Tweet
f7bf67c5-1dc1-40d4-9a3e-370e068472b2,L3,Tweet
f7c44063-b1a7-4501-a64c-3b478fbb556c,L3,Tweet
f7c53982-af77-430c-bca2-9c175f37a1b1,L3,Tweet
f7d25dcb-4f38-4e76-af7e-4b5fe87a3299,L3,Tweet
f7d43b95-2920-4b7c-adfe-03d5a63addb2,L3,Tweet
f7dad2d0-e310-4509-a6af-76eda5fe971b,L3,Tweet
f7dc6e68-8486-4696-be26-ccc01ed57479,L3,Tweet
f7e5dba8-e554-49c0-b932-80bd22d5e1e4,L3,Tweet
f7ef3189-8727-4022-8ae5-1e5ddda94505,L3,Tweet
f7efaaa6-05fc-4097-bfc9-d872412eb15c,L3,Tweet
f8054e78-3a26-4bc1-9c26-31f2fce38d75,L3,Tweet
f80cca97-bafd-4dba-8fba-72b4d313dc70,L3,Tweet
f80debda-ebe6-4021-bc74-652baeaaf314,L3,Tweet
f815f3f2-1ce5-4e35-8c85-edaf4750b8ac,L3,Tweet
f81621bd-61d0-4bc3-84f0-f206fabf8941,L3,Tweet
f816cbb6-4697-4404-b4df-1edc621831bf,L3,Tweet
f8182bc6-4096-4406-b673-217c62c32cf7,L3,Tweet
f8186d88-7b4e-4ff2-b9a0-a6ab4af0dd74,L3,Tweet
f81b4069-b729-4007-ab88-72773f16a278,L3,Tweet
f826f23b-005c-42b3-ab5d-e38ae2de95cd,L3,Tweet
f829346c-4872-4698-a401-3d9c2e2241eb,L3,Tweet
f82aae4a-54d9-4aa2-9249-deab698714b2,L3,Tweet
f82d41e5-74b9-4838-9a42-be54f17a3db7,L3,Tweet
f834da2d-8edd-4be4-9fa3-21429f730e66,L3,Tweet
f845d1dd-7f2f-4bf0-a3eb-738573b010ef,L3,Tweet
f84bca4d-4f88-4c6c-a821-98de5ea7f60a,L3,Tweet
f85ac383-efe5-4586-a0e4-53dce2cba9e2,L3,Tweet
f85f621e-fa2a-4eeb-bfaa-4a213e00bdaa,L3,Tweet
f8626302-245d-4ca1-bce8-ab79e744e698,L3,Tweet
f8654a68-4291-4417-893d-8a9ab5b7c944,L3,Tweet
f86a8daa-0dc1-4af0-ad2a-4002f049505c,L3,Tweet
f88e2a3f-86d7-40e2-a9b0-f4e8ced567d6,L3,Tweet
f8958275-bb8c-4dab-a815-61641a303ee4,L3,Tweet
f89b4277-a10c-4a1b-b7cd-7cd1c73b7939,L3,Tweet
f8a9c52a-7d87-440c-ba86-fc053d5a1337,L3,Tweet
f8aa3a9e-affd-49ba-a5c1-b7c761d36c77,L3,Tweet
f8b5ab93-804d-4999-91ac-b8b1725fa38a,L3,Tweet
f8b72d68-af7e-49d5-82e1-c3343a4122b1,L3,Tweet
f8bb336d-ad7b-4e90-8f0a-40ac119ce7ff,L3,Tweet
f8c53d36-eb32-4d1e-95a1-82568df2dfd0,L3,Tweet
f8c87625-03e8-4a48-a908-134cba051242,L3,Tweet
f8c933c4-36e2-4689-83fa-41cbb1e37865,L3,Tweet
f8d86c9a-57d6-4c2d-929e-34cc58484686,L3,Tweet
f8f0c547-7898-41de-b012-1ca8b0912be3,L3,Tweet
f8f0fa21-d69f-429b-b5da-f0b4f79c6623,L3,Tweet
f8f362dd-f2f9-451f-814f-93aa023f1f4e,L3,Tweet
f8f7dd24-d667-4b6b-8fde-eb552775cecd,L3,Tweet
f902317f-1f21-4488-b52e-140a5166a3bc,L3,Tweet
f9081e10-0599-49c1-b121-fca80933ffcf,L3,Tweet
f9098c66-7978-430e-8b5d-a9412c0b9496,L3,Tweet
f9106161-d00b-4e26-b359-524de5c43208,L3,Tweet
f91d37fa-cca5-42d4-8aaa-951691729ad9,L3,Tweet
f93104be-a6cc-45a7-b72d-322c127bf97f,L3,Tweet
f9347e27-f24f-4ed9-b9fb-3e5f1631d195,L3,Tweet
f93d5133-38a5-4d59-9317-7bb889ef8e79,L3,Tweet
f93eb087-70ce-49e9-9a4b-ba30f08d72eb,L3,Tweet
f94017a4-cac4-45a6-aaff-23e9d78ca7a4,L3,Tweet
f9427534-6349-4df9-b4dc-993828130a8c,L3,Tweet
f9488a93-acec-4514-b9b7-b8c3401e4600,L3,Tweet
f94d1780-59ab-4b82-9425-25b5ccedf583,L3,Tweet
f94d6df8-be2b-4687-b42c-34e9d179bbc9,L3,Tweet
f9502ec0-2207-4956-9d3d-0f18cb888300,L3,Tweet
f96ab359-8b7d-4fee-9cc1-c54ef27ce82e,L3,Tweet
f97db255-5887-4171-9603-61255c2b2106,L3,Tweet
f9855e10-75c2-49b7-a16e-34819eeda8d0,L3,Tweet
f99ef7c6-2986-4552-bd1d-81ac763994b7,L3,Tweet
f9a525dd-7cff-4328-82f3-af2a1e835a03,L3,Tweet
f9a6bce6-fd93-4cf9-af20-66950f705778,L3,Tweet
f9b1005a-2321-4278-b170-d64382774480,L3,Tweet
f9b7facd-fdbb-40f5-bfc4-59d8a3a95cb2,L3,Tweet
f9bb07e1-90d8-4f46-8227-a75e910f57c4,L3,Tweet
f9be8135-b3c0-43a1-bc8d-a3fdbc6ca44e,L3,Tweet
f9c3ac60-f4d6-498e-9568-9d11310b2067,L3,Tweet
f9dd837f-f6ba-4e58-91d6-293e1104d543,L3,Tweet
f9e1438d-ca14-45a8-89b6-28e43035c3d1,L3,Tweet
f9fea894-ae06-4cc0-88c2-7bc49c95f95b,L3,Tweet
fa006dee-3b85-4b39-ba03-46cbfad8570d,L3,Tweet
fa05acf6-b499-414e-be9e-256182f53030,L3,Tweet
fa08bd68-634c-4240-8263-28292d921602,L3,Tweet
fa13e3dd-54f6-4638-a6d2-3a4a337a16c7,L3,Tweet
fa1f8a5b-da79-4673-806c-1694d01130cc,L3,Tweet
fa204490-0413-4662-ac66-6cb4e41aea93,L3,Tweet
fa2c5b0e-393f-47ce-a21f-46594a922616,L3,Tweet
fa3545bd-911d-4168-8ea6-ee824fca9db7,L3,Tweet
fa3ed719-8ca4-4b5b-b225-357d9079a433,L3,Tweet
fa4290f7-dc63-4486-910d-1e8ca96c1993,L3,Tweet
fa447724-f076-4d0c-8f08-e398d80b8621,L3,Tweet
fa4917c7-f45b-4360-b0f6-082a81d52e75,L3,Tweet
fa4b1071-664a-410f-b7a2-a44cfdd7a818,L3,Tweet
fa4b4de4-0ec2-4a2b-a5ab-956904f20585,L3,Tweet
fa4e4995-4158-481b-8867-8b342601e5a7,L3,Tweet
fa566d8a-7b82-4f7d-96bd-bb82a801c955,L3,Tweet
fa56ff14-a30f-4b12-a234-e2466be662f0,L3,Tweet
fa652a3b-a4f1-4cbf-8559-302dcb228efd,L3,Tweet
fa6ab75c-f1cf-4c8f-8633-b4ab2b475c00,L3,Tweet
fa6b7fbc-e167-4b18-9f32-079fa3b0a678,L3,Tweet
fa78c6b6-2271-479b-aa41-3c27bd9dfad5,L3,Tweet
fa7c93c5-b5f9-4ab7-84f9-16f452718e29,L3,Tweet
fa7cfff8-b1dc-45b4-8887-f2b8ea37073f,L3,Tweet
fa802f3c-4a62-49b8-a523-f69d7176db8b,L3,Tweet
fa861c52-e12b-4789-a358-fcfc3ad6b67c,L3,Tweet
fa872a72-0766-4136-9def-487c718c3300,L3,Tweet
fa8c041b-f3ec-433f-9b16-b16d4caace07,L3,Tweet
faa0a885-d9b3-44f2-a41c-e13da12cce2e,L3,Tweet
faad0614-8901-4415-8af6-ac80319a97c2,L3,Tweet
fab6170f-89cf-40a8-9d72-40295f54c43c,L3,Tweet
fac63cab-9c57-41b4-9dce-19c539c93c53,L3,Tweet
facc35e1-3cb2-4f84-b0ce-e8651cf44dd6,L3,Tweet
facd7c76-3916-4740-8ec5-62673121ac71,L3,Tweet
fad52433-cc50-4c36-a1a9-879f9d736986,L3,Tweet
fada3f8f-8a73-4c65-8826-aefa5d81c033,L3,Tweet
faeade0c-4551-4473-b85b-9fe5ae87c3ea,L3,Tweet
faf7196c-8751-4b2b-a2b6-73f23f47f514,L3,Tweet
faf9b1ab-3fda-41a9-93b9-2e0fadbb375a,L3,Tweet
fb037918-100e-4b78-a347-68f930881272,L3,Tweet
fb167774-f7da-4670-88ae-0ad3f96719a5,L3,Tweet
fb26ee27-c08b-4ed6-a1ae-4063a47c785f,L3,Tweet
fb2961bd-95e1-47d2-b8c4-3d5388c9f0a2,L3,Tweet
fb2b9519-3cbe-439d-8c1c-0400dbe7c01a,L3,Tweet
fb458a94-b8f3-42ad-a6bb-4e2e44f50b6d,L3,Tweet
fb488938-e104-4804-8e07-1ca581186efc,L3,Tweet
fb5e1372-775f-4569-8bdc-06be71633907,L3,Tweet
fb63c77b-1766-42fd-97f3-86db971285be,L3,Tweet
fb6da118-ab23-472f-b9b0-51cc859dc287,L3,Tweet
fb981341-0e55-4a80-afc6-4764bce7dd04,L3,Tweet
fb9d2b38-e9e1-469e-b353-5582fabaf685,L3,Tweet
fbaed94f-e845-496d-8c93-cf22678fe4a7,L3,Tweet
fbbb9e03-7bfe-435c-a3e1-f3432b041b7a,L3,Tweet
fbbcf589-e8dd-4b5b-b61a-22e2b7d01f2e,L3,Tweet
fbd0ef20-2fa9-4906-9c12-2b35ff559e50,L3,Tweet
fbd377ff-c479-4248-ae9d-4634443851a3,L3,Tweet
fbd4379e-effb-4405-a71e-304063ae034c,L3,Tweet
fbd59183-c05f-47c7-9141-50b8ad513bb4,L3,Tweet
fbde3823-b260-4f6c-93f8-9a808c49b6ba,L3,Tweet
fbde58e7-1a10-4606-ad68-846b052c11e4,L3,Tweet
fbe5b778-6bf8-4f20-9528-80f5084ce1a3,L3,Tweet
fbea98f1-8084-485c-a136-d02cfffc6206,L3,Tweet
fbeb5063-f53e-469a-889c-75d558922dec,L3,Tweet
fbef0404-18fe-4d5c-9826-712cb6ccd9c0,L3,Tweet
fbf50ff5-b4f4-4d2f-8c97-6617e1ce933c,L3,Tweet
fbf51626-2133-4443-87db-ea425992b363,L3,Tweet
fc01f14d-ef10-4261-8498-82ad9ab56b5d,L3,Tweet
fc094eee-8467-42a8-94f5-daaffd7049ed,L3,Tweet
fc0fa98c-8bff-4b8f-b99c-efadd54ed47a,L3,Tweet
fc11d684-0089-479a-9a6d-bbed308c65c1,L3,Tweet
fc188780-08e1-4d9b-8f53-7e54f59eec2c,L3,Tweet
fc1b8d3b-fcaf-4204-9c71-4a5bc6a86764,L3,Tweet
fc202299-9166-4706-9d6b-f83728bba798,L3,Tweet
fc27b3f8-d6cd-4d48-ac80-4c221b99e786,L3,Tweet
fc30ab7c-6dea-4ae4-9406-6df6ae35655e,L3,Tweet
fc3d7eed-52ac-4713-b722-9b1aa789a789,L3,Tweet
fc414a28-1f8a-4149-896b-b5eec891d032,L3,Tweet
fc450052-4373-4f8b-91dd-c38528cf651c,L3,Tweet
fc49df6f-7b02-4e38-bc11-b2a34f8a850b,L3,Tweet
fc6dbe15-5b1b-4d66-935d-1c578362e0a5,L3,Tweet
fc719198-f096-4eba-88cb-82d8b254dc28,L3,Tweet
fc7318ea-a7dc-4aad-a49b-fe42963d62f5,L3,Tweet
fc8d637b-0645-41ea-8e40-0efd24f09820,L3,Tweet
fcb15c31-c4e0-4e81-a4c9-f67890947bf8,L3,Tweet
fcba5fc7-9ccf-47f1-93f2-7766f8f4df68,L3,Tweet
fccbdfdf-7cee-4ea1-9a30-89bfe8bf0631,L3,Tweet
fccdf030-b5f4-4046-8421-b4164304b879,L3,Tweet
fccfce95-58df-496f-a347-2d78c9a1f36c,L3,Tweet
fcd8b978-5f95-411d-beac-1cfa1ece4d64,L3,Tweet
fcd9e3cc-2158-4a2f-8683-e58fac749507,L3,Tweet
fcdda0ae-337a-46b5-833c-57cea78286ed,L3,Tweet
fcdf753a-5e5c-4946-8817-3c557e749000,L3,Tweet
fcf29d6b-a27a-45f9-865a-48c965ed97de,L3,Tweet
fcf65ceb-16fb-4db8-a09a-da318ec205d5,L3,Tweet
fcf78cba-79ba-4b35-94c4-cbab865dd365,L3,Tweet
fd016568-9a42-4297-a0f2-e7b91a63aad8,L3,Tweet
fd04ce12-6a9f-4599-a277-0c52187eac2a,L3,Tweet
fd100214-1698-46a1-8926-18916c5b0414,L3,Tweet
fd13b789-102d-4abf-8e7c-c9d991c59c37,L3,Tweet
fd15d094-b8ab-400b-b6ad-ac00d3d34cb9,L3,Tweet
fd1bcdf8-7dde-4f50-b6e4-53d970d4384a,L3,Tweet
fd30fec0-038e-4d69-a286-4cb4ccc4db4b,L3,Tweet
fd33fe55-b6e5-4795-8527-da5f6bb8974c,L3,Tweet
fd503f91-8e9d-4762-882e-9c07bb4d35f0,L3,Tweet
fd5a5fc5-d3b0-473c-aa3a-63944e2e7f97,L3,Tweet
fd628f45-f4a5-4578-b506-800e65d2c3fd,L3,Tweet
fd64bf24-ba32-43b5-8757-e4663d12038c,L3,Tweet
fd75137f-b70a-46c8-a8bc-3adf16c3a7f3,L3,Tweet
fd7d5640-7a8b-4065-bc39-5aed857f43e2,L3,Tweet
fd8c3d62-d011-4a06-afaa-125126bea95d,L3,Tweet
fd932073-b6fc-4a27-889b-903839ed9570,L3,Tweet
fd9a354f-b1bf-491b-8e9c-0c7664b2dfb0,L3,Tweet
fda7525c-816b-4451-81d8-930bacce066e,L3,Tweet
fda8088b-ccec-49a5-92a6-9e862ac3fc96,L3,Tweet
fdaa8695-d64e-4f0f-8085-8cff2da4cb73,L3,Tweet
fdac53c2-706a-4fcb-8dec-47a2c4ef578d,L3,Tweet
fdc4eca3-3bd1-424b-83ca-56c953b311be,L3,Tweet
fdd1aa8f-ee67-4a70-96fd-433ee00af200,L3,Tweet
fdd89258-383b-41c1-85f6-1bf7b118dc71,L3,Tweet
fde48ea5-de23-49f3-8e9b-8042a379270e,L3,Tweet
fdf45087-82d3-4208-9156-5c8134dec230,L3,Tweet
fdf5ca7a-7f9e-4c9e-a5f7-bc922750cf93,L3,Tweet
fdf613fc-901f-49d9-a221-33a6e37e5571,L3,Tweet
fdf95b14-8ba7-4213-98f0-805d2a024fd7,L3,Tweet
fdfa4030-1e8b-41e1-9be3-bd2d4ae7111f,L3,Tweet
fdffc937-eb01-4de2-9ab9-48ee48aaef97,L3,Tweet
fe190ddc-a8ff-4ed7-83f0-101215c237dc,L3,Tweet
fe288160-fea2-4448-9adf-f985ddd34549,L3,Tweet
fe3c79dd-a4cc-40da-99c7-4a5417bf1978,L3,Tweet
fe412708-8c94-4f31-836b-f7d9177c3342,L3,Tweet
fe586a05-83f5-4d9c-bc8e-33187d93b374,L3,Tweet
fe6922e4-eb11-42ec-b8a1-ed45619257a5,L3,Tweet
fe6a1e18-acb8-41ea-916f-780e21f3e5c7,L3,Tweet
fe76c6ae-d02e-489a-992d-f02c17af0439,L3,Tweet
fe786911-28d2-4a0f-89fd-078c4a9f505a,L3,Tweet
fe7ea22e-2976-40e3-81a6-2f68afeb9899,L3,Tweet
fe804352-b967-403a-b4c3-3c8bb75a5eb7,L3,Tweet
fe8cbfba-7673-4488-912f-3575a5c6d208,L3,Tweet
fe923c47-5108-4828-a3ea-060263935f4b,L3,Tweet
fe96946f-c761-4d25-9578-621c8b87ce78,L3,Tweet
fe9da3b5-3b91-43da-b38a-e5514dbf81b7,L3,Tweet
fe9e73af-8c31-4547-a0ee-15421ca5a779,L3,Tweet
feafe034-3aa4-4144-849f-dc5bbb8a4efd,L3,Tweet
feb32b55-0204-48fd-b3ec-7f5d9ed2333d,L3,Tweet
feb517de-0172-434f-b4af-593caa78b96f,L3,Tweet
feb65eca-4f59-4800-986a-4ec4e4f6f773,L3,Tweet
febba24a-0010-435e-a6e0-414c5704a2f5,L3,Tweet
fedaa576-8244-4f55-bab8-38c32800de30,L3,Tweet
fedeb83a-45d1-4065-ba0d-1a46cb2be265,L3,Tweet
fee36abc-cc28-4d19-ad13-d246fa790e52,L3,Tweet
feed052d-2101-4558-b7f3-c3212f350dab,L3,Tweet
feedf98a-b05e-4a2f-abc0-2a32eabe2845,L3,Tweet
fef2ec89-48c7-4d8b-87f2-5e921c53e40d,L3,Tweet
fefe2ab6-cb7a-42e6-8ee8-e6dc59e036d6,L3,Tweet
ff02c847-276d-4f4a-88ff-58af13c4c16a,L3,Tweet
ff033cc0-0d43-4eb8-93d0-bd58c0d3c369,L3,Tweet
ff1a690f-9052-42a0-9c4c-d159e47faddd,L3,Tweet
ff2c88a5-9e97-43b9-8072-f3a9fbdccb59,L3,Tweet
ff3c3165-ddd2-4e3c-a2f8-5b12ec1f79ab,L3,Tweet
ff3dc09d-9b7a-44ec-bb95-77b3b5bf4677,L3,Tweet
ff4cd860-9d3e-4f78-8878-dfac0124ba01,L3,Tweet
ff5b7c5a-3114-4efe-b74e-1f48a90ff352,L3,Tweet
ff63a205-78fe-499b-b142-db2c51caf518,L3,Tweet
ff67388c-86a8-424a-800e-cb84eb75c77c,L3,Tweet
ff6fec46-5d54-4361-9998-e4461dbd2cd0,L3,Tweet
ff75434e-12c7-4e72-a072-eca44735740b,L3,Tweet
ff7a1b39-1ee9-4141-969f-16842760dbd0,L3,Tweet
ff7a8946-70ce-4784-a3de-c0b3ae97185c,L3,Tweet
ff8fc8d3-111a-4987-8d32-7b697591da9b,L3,Tweet
ff927694-06f0-4492-8bd5-c686cf0347ab,L3,Tweet
ff999b1b-621a-4c28-9330-25f7b8c0cb10,L3,Tweet
ffa2542e-4904-4d7c-981f-a643bbf23e96,L3,Tweet
ffb65f43-1ccb-43e2-9272-9a145d4659ee,L3,Tweet
ffb6d80b-1715-440c-8d83-89a46678b549,L3,Tweet
ffcf4802-ad80-436a-b748-5278f57b3a75,L3,Tweet
ffd4b29d-eb7c-4438-afe1-0c97cb04a78c,L3,Tweet
ffe29046-7b30-4f72-b0c5-fb7a1f59f3d8,L3,Tweet
ffe6564f-4598-4c3a-9132-b10a5af66e79,L3,Tweet
ffef7d33-20cd-49e5-bac3-88e205c4ed88,L3,Tweet
916cbb50-7d22-4c0a-9169-8acfb8baaa19,L1,Profile
916cbb50-7d22-4c0a-9169-8acfb8baaa19,L1,Profile
916cbb50-7d22-4c0a-9169-8acfb8baaa19,L1,Profile
916cbb50-7d22-4c0a-9169-8acfb8baaa19,L1,Profile
916cbb50-7d22-4c0a-9169-8acfb8baaa19,L1,Profile
916cbb50-7d22-4c0a-9169-8acfb8baaa19,L1,Profile
916cbb50-7d22-4c0a-9169-8acfb8baaa19,L1,Profile
916cbb50-7d22-4c0a-9169-8acfb8baaa19,L1,Profile
916cbb50-7d22-4c0a-9169-8acfb8baaa19,L1,Profile
916cbb50-7d22-4c0a-9169-8acfb8baaa19,L1,Profile
916cbb50-7d22-4c0a-9169-8acfb8baaa19,L1,Profile
916cbb50-7d22-4c0a-9169-8acfb8baaa19,L1,Profile
916cbb50-7d22-4c0a-9169-8acfb8baaa19,L1,Profile
916cbb50-7d22-4c0a-9169-8acfb8baaa19,L1,Profile
916cbb50-7d22-4c0a-9169-8acfb8baaa19,L1,Profile
916cbb50-7d22-4c0a-9169-8acfb8baaa19,L1,Profile
916cbb50-7d22-4c0a-9169-8acfb8baaa19,L1,Profile
916cbb50-7d22-4c0a-9169-8acfb8baaa19,L1,Profile
916cbb50-7d22-4c0a-9169-8acfb8baaa19,L1,Profile
916cbb50-7d22-4c0a-9169-8acfb8baaa19,L1,Profile
916cbb50-7d22-4c0a-9169-8acfb8baaa19,L1,Profile
916cbb50-7d22-4c0a-9169-8acfb8baaa19,L1,Profile
916cbb50-7d22-4c0a-9169-8acfb8baaa19,L1,Profile
916cbb50-7d22-4c0a-9169-8acfb8baaa19,L1,Profile
916cbb50-7d22-4c0a-9169-8acfb8baaa19,L1,Profile
916cbb50-7d22-4c0a-9169-8acfb8baaa19,L1,Profile
916cbb50-7d22-4c0a-9169-8acfb8baaa19,L1,Profile
916cbb50-7d22-4c0a-9169-8acfb8baaa19,L1,Profile
916cbb50-7d22-4c0a-9169-8acfb8baaa19,L1,Profile
916cbb50-7d22-4c0a-9169-8acfb8baaa19,L1,Profile
916cbb50-7d22-4c0a-9169-8acfb8baaa19,L1,Profile
916cbb50-7d22-4c0a-9169-8acfb8baaa19,L1,Profile
916cbb50-7d22-4c0a-9169-8acfb8baaa19,L1,Profile
916cbb50-7d22-4c0a-9169-8acfb8baaa19,L1,Profile
916cbb50-7d22-4c0a-9169-8acfb8baaa19,L1,Profile
916cbb50-7d22-4c0a-9169-8acfb8baaa19,L1,Profile
916cbb50-7d22-4c0a-9169-8acfb8baaa19,L1,Profile
916cbb50-7d22-4c0a-9169-8acfb8baaa19,L1,Profile
916cbb50-7d22-4c0a-9169-8acfb8baaa19,L1,Profile
916cbb50-7d22-4c0a-9169-8acfb8baaa19,L1,Profile
916cbb50-7d22-4c0a-9169-8acfb8baaa19,L1,Profile
916cbb50-7d22-4c0a-9169-8acfb8baaa19,L1,Profile
916cbb50-7d22-4c0a-9169-8acfb8baaa19,L1,Profile
916cbb50-7d22-4c0a-9169-8acfb8baaa19,L1,Profile
916cbb50-7d22-4c0a-9169-8acfb8baaa19,L1,Profile
916cbb50-7d22-4c0a-9169-8acfb8baaa19,L1,Profile
916cbb50-7d22-4c0a-9169-8acfb8baaa19,L1,Profile
916cbb50-7d22-4c0a-9169-8acfb8baaa19,L1,Profile
916cbb50-7d22-4c0a-9169-8acfb8baaa19,L1,Profile
916cbb50-7d22-4c0a-9169-8acfb8baaa19,L1,Profile
916cbb50-7d22-4c0a-9169-8acfb8baaa19,L1,Profile
916cbb50-7d22-4c0a-9169-8acfb8baaa19,L1,Profile
916cbb50-7d22-4c0a-9169-8acfb8baaa19,L1,Profile
916cbb50-7d22-4c0a-9169-8acfb8baaa19,L1,Profile
916cbb50-7d22-4c0a-9169-8acfb8baaa19,L1,Profile
916cbb50-7d22-4c0a-9169-8acfb8baaa19,L1,Profile
916cbb50-7d22-4c0a-9169-8acfb8baaa19,L1,Profile
916cbb50-7d22-4c0a-9169-8acfb8baaa19,L1,Profile
916cbb50-7d22-4c0a-9169-8acfb8baaa19,L1,Profile
916cbb50-7d22-4c0a-9169-8acfb8baaa19,L1,Profile
916cbb50-7d22-4c0a-9169-8acfb8baaa19,L1,Profile
916cbb50-7d22-4c0a-9169-8acfb8baaa19,L1,Profile
916cbb50-7d22-4c0a-9169-8acfb8baaa19,L1,Profile
916cbb50-7d22-4c0a-9169-8acfb8baaa19,L1,Profile
916cbb50-7d22-4c0a-9169-8acfb8baaa19,L1,Profile
916cbb50-7d22-4c0a-9169-8acfb8baaa19,L1,Profile
916cbb50-7d22-4c0a-9169-8acfb8baaa19,L1,Profile
916cbb50-7d22-4c0a-9169-8acfb8baaa19,L1,Profile
916cbb50-7d22-4c0a-9169-8acfb8baaa19,L1,Profile
916cbb50-7d22-4c0a-9169-8acfb8baaa19,L1,Profile
916cbb50-7d22-4c0a-9169-8acfb8baaa19,L1,Profile
916cbb50-7d22-4c0a-9169-8acfb8baaa19,L1,Profile
916cbb50-7d22-4c0a-9169-8acfb8baaa19,L1,Profile
916cbb50-7d22-4c0a-9169-8acfb8baaa19,L1,Profile
916cbb50-7d22-4c0a-9169-8acfb8baaa19,L1,Profile
916cbb50-7d22-4c0a-9169-8acfb8baaa19,L1,Profile
916cbb50-7d22-4c0a-9169-8acfb8baaa19,L1,Profile
916cbb50-7d22-4c0a-9169-8acfb8baaa19,L1,Profile
916cbb50-7d22-4c0a-9169-8acfb8baaa19,L1,Profile
916cbb50-7d22-4c0a-9169-8acfb8baaa19,L1,Profile
916cbb50-7d22-4c0a-9169-8acfb8baaa19,L1,Profile
916cbb50-7d22-4c0a-9169-8acfb8baaa19,L1,Profile
916cbb50-7d22-4c0a-9169-8acfb8baaa19,L1,Profile
916cbb50-7d22-4c0a-9169-8acfb8baaa19,L1,Profile
916cbb50-7d22-4c0a-9169-8acfb8baaa19,L1,Profile
916cbb50-7d22-4c0a-9169-8acfb8baaa19,L1,Profile
916cbb50-7d22-4c0a-9169-8acfb8baaa19,L1,Profile
916cbb50-7d22-4c0a-9169-8acfb8baaa19,L1,Profile
916cbb50-7d22-4c0a-9169-8acfb8baaa19,L1,Profile
916cbb50-7d22-4c0a-9169-8acfb8baaa19,L1,Profile
916cbb50-7d22-4c0a-9169-8acfb8baaa19,L1,Profile
916cbb50-7d22-4c0a-9169-8acfb8baaa19,L1,Profile
916cbb50-7d22-4c0a-9169-8acfb8baaa19,L1,Profile
916cbb50-7d22-4c0a-9169-8acfb8baaa19,L1,Profile
916cbb50-7d22-4c0a-9169-8acfb8baaa19,L1,Profile
916cbb50-7d22-4c0a-9169-8acfb8baaa19,L1,Profile
916cbb50-7d22-4c0a-9169-8acfb8baaa19,L1,Profile
916cbb50-7d22-4c0a-9169-8acfb8baaa19,L1,Profile
916cbb50-7d22-4c0a-9169-8acfb8baaa19,L1,Profile
916cbb50-7d22-4c0a-9169-8acfb8baaa19,L1,Profile
916cbb50-7d22-4c0a-9169-8acfb8baaa19,L1,Profile
916cbb50-7d22-4c0a-9169-8acfb8baaa19,L1,Profile
916cbb50-7d22-4c0a-9169-8acfb8baaa19,L1,Profile
916cbb50-7d22-4c0a-9169-8acfb8baaa19,L1,Profile
916cbb50-7d22-4c0a-9169-8acfb8baaa19,L1,Profile
916cbb50-7d22-4c0a-9169-8acfb8baaa19,L1,Profile
916cbb50-7d22-4c0a-9169-8acfb8baaa19,L1,Profile
916cbb50-7d22-4c0a-9169-8acfb8baaa19,L1,Profile
916cbb50-7d22-4c0a-9169-8acfb8baaa19,L1,Profile
916cbb50-7d22-4c0a-9169-8acfb8baaa19,L1,Profile
916cbb50-7d22-4c0a-9169-8acfb8baaa19,L1,Profile
916cbb50-7d22-4c0a-9169-8acfb8baaa19,L1,Profile
916cbb50-7d22-4c0a-9169-8acfb8baaa19,L1,Profile
916cbb50-7d22-4c0a-9169-8acfb8baaa19,L1,Profile
916cbb50-7d22-4c0a-9169-8acfb8baaa19,L1,Profile
916cbb50-7d22-4c0a-9169-8acfb8baaa19,L1,Profile
916cbb50-7d22-4c0a-9169-8acfb8baaa19,L1,Profile
916cbb50-7d22-4c0a-9169-8acfb8baaa19,L1,Profile
916cbb50-7d22-4c0a-9169-8acfb8baaa19,L1,Profile
916cbb50-7d22-4c0a-9169-8acfb8baaa19,L1,Profile
916cbb50-7d22-4c0a-9169-8acfb8baaa19,L1,Profile
916cbb50-7d22-4c0a-9169-8acfb8baaa19,L1,Profile
916cbb50-7d22-4c0a-9169-8acfb8baaa19,L1,Profile
916cbb50-7d22-4c0a-9169-8acfb8baaa19,L1,Profile
916cbb50-7d22-4c0a-9169-8acfb8baaa19,L1,Profile
916cbb50-7d22-4c0a-9169-8acfb8baaa19,L1,Profile
916cbb50-7d22-4c0a-9169-8acfb8baaa19,L1,Profile
916cbb50-7d22-4c0a-9169-8acfb8baaa19,L1,Profile
916cbb50-7d22-4c0a-9169-8acfb8baaa19,L1,Profile
916cbb50-7d22-4c0a-9169-8acfb8baaa19,L1,Profile
916cbb50-7d22-4c0a-9169-8acfb8baaa19,L1,Profile
916cbb50-7d22-4c0a-9169-8acfb8baaa19,L1,Profile
916cbb50-7d22-4c0a-9169-8acfb8baaa19,L1,Profile
916cbb50-7d22-4c0a-9169-8acfb8baaa19,L1,Profile
916cbb50-7d22-4c0a-9169-8acfb8baaa19,L1,Profile
916cbb50-7d22-4c0a-9169-8acfb8baaa19,L1,Profile
916cbb50-7d22-4c0a-9169-8acfb8baaa19,L1,Profile
916cbb50-7d22-4c0a-9169-8acfb8baaa19,L1,Profile
916cbb50-7d22-4c0a-9169-8acfb8baaa19,L1,Profile
916cbb50-7d22-4c0a-9169-8acfb8baaa19,L1,Profile
916cbb50-7d22-4c0a-9169-8acfb8baaa19,L1,Profile
916cbb50-7d22-4c0a-9169-8acfb8baaa19,L1,Profile
916cbb50-7d22-4c0a-9169-8acfb8baaa19,L1,Profile
916cbb50-7d22-4c0a-9169-8acfb8baaa19,L1,Profile
916cbb50-7d22-4c0a-9169-8acfb8baaa19,L1,Profile
916cbb50-7d22-4c0a-9169-8acfb8baaa19,L1,Profile
916cbb50-7d22-4c0a-9169-8acfb8baaa19,L1,Profile
916cbb50-7d22-4c0a-9169-8acfb8baaa19,L1,Profile
916cbb50-7d22-4c0a-9169-8acfb8baaa19,L1,Profile
916cbb50-7d22-4c0a-9169-8acfb8baaa19,L1,Profile
916cbb50-7d22-4c0a-9169-8acfb8baaa19,L1,Profile
916cbb50-7d22-4c0a-9169-8acfb8baaa19,L1,Profile
916cbb50-7d22-4c0a-9169-8acfb8baaa19,L1,Profile
916cbb50-7d22-4c0a-9169-8acfb8baaa19,L1,Profile
916cbb50-7d22-4c0a-9169-8acfb8baaa19,L1,Profile
916cbb50-7d22-4c0a-9169-8acfb8baaa19,L1,Profile
916cbb50-7d22-4c0a-9169-8acfb8baaa19,L1,Profile
916cbb50-7d22-4c0a-9169-8acfb8baaa19,L1,Profile
916cbb50-7d22-4c0a-9169-8acfb8baaa19,L1,Profile
916cbb50-7d22-4c0a-9169-8acfb8baaa19,L1,Profile
916cbb50-7d22-4c0a-9169-8acfb8baaa19,L1,Profile
916cbb50-7d22-4c0a-9169-8acfb8baaa19,L1,Profile
916cbb50-7d22-4c0a-9169-8acfb8baaa19,L1,Profile
916cbb50-7d22-4c0a-9169-8acfb8baaa19,L1,Profile
916cbb50-7d22-4c0a-9169-8acfb8baaa19,L1,Profile
916cbb50-7d22-4c0a-9169-8acfb8baaa19,L1,Profile
916cbb50-7d22-4c0a-9169-8acfb8baaa19,L1,Profile
916cbb50-7d22-4c0a-9169-8acfb8baaa19,L1,Profile
916cbb50-7d22-4c0a-9169-8acfb8baaa19,L1,Profile
916cbb50-7d22-4c0a-9169-8acfb8baaa19,L1,Profile
916cbb50-7d22-4c0a-9169-8acfb8baaa19,L1,Profile
916cbb50-7d22-4c0a-9169-8acfb8baaa19,L1,Profile
916cbb50-7d22-4c0a-9169-8acfb8baaa19,L1,Profile
916cbb50-7d22-4c0a-9169-8acfb8baaa19,L1,Profile
916cbb50-7d22-4c0a-9169-8acfb8baaa19,L1,Profile
916cbb50-7d22-4c0a-9169-8acfb8baaa19,L1,Profile
916cbb50-7d22-4c0a-9169-8acfb8baaa19,L1,Profile
916cbb50-7d22-4c0a-9169-8acfb8baaa19,L1,Profile
916cbb50-7d22-4c0a-9169-8acfb8baaa19,L1,Profile
916cbb50-7d22-4c0a-9169-8acfb8baaa19,L1,Profile
916cbb50-7d22-4c0a-9169-8acfb8baaa19,L1,Profile
916cbb50-7d22-4c0a-9169-8acfb8baaa19,L1,Profile
916cbb50-7d22-4c0a-9169-8acfb8baaa19,L1,Profile
916cbb50-7d22-4c0a-9169-8acfb8baaa19,L1,Profile
916cbb50-7d22-4c0a-9169-8acfb8baaa19,L1,Profile
916cbb50-7d22-4c0a-9169-8acfb8baaa19,L1,Profile
916cbb50-7d22-4c0a-9169-8acfb8baaa19,L1,Profile
916cbb50-7d22-4c0a-9169-8acfb8baaa19,L1,Profile
916cbb50-7d22-4c0a-9169-8acfb8baaa19,L1,Profile
916cbb50-7d22-4c0a-9169-8acfb8baaa19,L1,Profile
916cbb50-7d22-4c0a-9169-8acfb8baaa19,L1,Profile
916cbb50-7d22-4c0a-9169-8acfb8baaa19,L1,Profile
916cbb50-7d22-4c0a-9169-8acfb8baaa19,L1,Profile
916cbb50-7d22-4c0a-9169-8acfb8baaa19,L1,Profile
916cbb50-7d22-4c0a-9169-8acfb8baaa19,L1,Profile
916cbb50-7d22-4c0a-9169-8acfb8baaa19,L1,Profile
916cbb50-7d22-4c0a-9169-8acfb8baaa19,L1,Profile
916cbb50-7d22-4c0a-9169-8acfb8baaa19,L1,Profile
916cbb50-7d22-4c0a-9169-8acfb8baaa19,L1,Profile
916cbb50-7d22-4c0a-9169-8acfb8baaa19,L1,Profile
916cbb50-7d22-4c0a-9169-8acfb8baaa19,L1,Profile
916cbb50-7d22-4c0a-9169-8acfb8baaa19,L1,Profile
916cbb50-7d22-4c0a-9169-8acfb8baaa19,L1,Profile
916cbb50-7d22-4c0a-9169-8acfb8baaa19,L1,Profile
916cbb50-7d22-4c0a-9169-8acfb8baaa19,L1,Profile
916cbb50-7d22-4c0a-9169-8acfb8baaa19,L1,Profile
916cbb50-7d22-4c0a-9169-8acfb8baaa19,L1,Profile
916cbb50-7d22-4c0a-9169-8acfb8baaa19,L1,Profile
916cbb50-7d22-4c0a-9169-8acfb8baaa19,L1,Profile
916cbb50-7d22-4c0a-9169-8acfb8baaa19,L1,Profile
916cbb50-7d22-4c0a-9169-8acfb8baaa19,L1,Profile
916cbb50-7d22-4c0a-9169-8acfb8baaa19,L1,Profile
916cbb50-7d22-4c0a-9169-8acfb8baaa19,L1,Profile
916cbb50-7d22-4c0a-9169-8acfb8baaa19,L1,Profile
916cbb50-7d22-4c0a-9169-8acfb8baaa19,L1,Profile
916cbb50-7d22-4c0a-9169-8acfb8baaa19,L1,Profile
916cbb50-7d22-4c0a-9169-8acfb8baaa19,L1,Profile
916cbb50-7d22-4c0a-9169-8acfb8baaa19,L1,Profile
916cbb50-7d22-4c0a-9169-8acfb8baaa19,L1,Profile
916cbb50-7d22-4c0a-9169-8acfb8baaa19,L1,Profile
916cbb50-7d22-4c0a-9169-8acfb8baaa19,L1,Profile
916cbb50-7d22-4c0a-9169-8acfb8baaa19,L1,Profile
916cbb50-7d22-4c0a-9169-8acfb8baaa19,L1,Profile
916cbb50-7d22-4c0a-9169-8acfb8baaa19,L1,Profile
916cbb50-7d22-4c0a-9169-8acfb8baaa19,L1,Profile
916cbb50-7d22-4c0a-9169-8acfb8baaa19,L1,Profile
916cbb50-7d22-4c0a-9169-8acfb8baaa19,L1,Profile
916cbb50-7d22-4c0a-9169-8acfb8baaa19,L1,Profile
916cbb50-7d22-4c0a-9169-8acfb8baaa19,L1,Profile
916cbb50-7d22-4c0a-9169-8acfb8baaa19,L1,Profile
916cbb50-7d22-4c0a-9169-8acfb8baaa19,L1,Profile
916cbb50-7d22-4c0a-9169-8acfb8baaa19,L1,Profile
916cbb50-7d22-4c0a-9169-8acfb8baaa19,L1,Profile
916cbb50-7d22-4c0a-9169-8acfb8baaa19,L1,Profile
916cbb50-7d22-4c0a-9169-8acfb8baaa19,L1,Profile
916cbb50-7d22-4c0a-9169-8acfb8baaa19,L1,Profile
916cbb50-7d22-4c0a-9169-8acfb8baaa19,L1,Profile
916cbb50-7d22-4c0a-9169-8acfb8baaa19,L1,Profile
916cbb50-7d22-4c0a-9169-8acfb8baaa19,L1,Profile
916cbb50-7d22-4c0a-9169-8acfb8baaa19,L1,Profile
916cbb50-7d22-4c0a-9169-8acfb8baaa19,L1,Profile
916cbb50-7d22-4c0a-9169-8acfb8baaa19,L1,Profile
916cbb50-7d22-4c0a-9169-8acfb8baaa19,L1,Profile
916cbb50-7d22-4c0a-9169-8acfb8baaa19,L1,Profile
916cbb50-7d22-4c0a-9169-8acfb8baaa19,L1,Profile
916cbb50-7d22-4c0a-9169-8acfb8baaa19,L1,Profile
916cbb50-7d22-4c0a-9169-8acfb8baaa19,L1,Profile
916cbb50-7d22-4c0a-9169-8acfb8baaa19,L1,Profile
916cbb50-7d22-4c0a-9169-8acfb8baaa19,L1,Profile
916cbb50-7d22-4c0a-9169-8acfb8baaa19,L1,Profile
916cbb50-7d22-4c0a-9169-8acfb8baaa19,L1,Profile
916cbb50-7d22-4c0a-9169-8acfb8baaa19,L1,Profile
916cbb50-7d22-4c0a-9169-8acfb8baaa19,L1,Profile
916cbb50-7d22-4c0a-9169-8acfb8baaa19,L1,Profile
916cbb50-7d22-4c0a-9169-8acfb8baaa19,L1,Profile
916cbb50-7d22-4c0a-9169-8acfb8baaa19,L1,Profile
916cbb50-7d22-4c0a-9169-8acfb8baaa19,L1,Profile
916cbb50-7d22-4c0a-9169-8acfb8baaa19,L1,Profile
916cbb50-7d22-4c0a-9169-8acfb8baaa19,L1,Profile
916cbb50-7d22-4c0a-9169-8acfb8baaa19,L1,Profile
916cbb50-7d22-4c0a-9169-8acfb8baaa19,L1,Profile
916cbb50-7d22-4c0a-9169-8acfb8baaa19,L1,Profile
916cbb50-7d22-4c0a-9169-8acfb8baaa19,L1,Profile
916cbb50-7d22-4c0a-9169-8acfb8baaa19,L1,Profile
916cbb50-7d22-4c0a-9169-8acfb8baaa19,L1,Profile
916cbb50-7d22-4c0a-9169-8acfb8baaa19,L1,Profile
916cbb50-7d22-4c0a-9169-8acfb8baaa19,L1,Profile
916cbb50-7d22-4c0a-9169-8acfb8baaa19,L1,Profile
916cbb50-7d22-4c0a-9169-8acfb8baaa19,L1,Profile
916cbb50-7d22-4c0a-9169-8acfb8baaa19,L1,Profile
916cbb50-7d22-4c0a-9169-8acfb8baaa19,L1,Profile
916cbb50-7d22-4c0a-9169-8acfb8baaa19,L1,Profile
916cbb50-7d22-4c0a-9169-8acfb8baaa19,L1,Profile
916cbb50-7d22-4c0a-9169-8acfb8baaa19,L1,Profile
916cbb50-7d22-4c0a-9169-8acfb8baaa19,L1,Profile
916cbb50-7d22-4c0a-9169-8acfb8baaa19,L1,Profile
916cbb50-7d22-4c0a-9169-8acfb8baaa19,L1,Profile
916cbb50-7d22-4c0a-9169-8acfb8baaa19,L1,Profile
916cbb50-7d22-4c0a-9169-8acfb8baaa19,L1,Profile
916cbb50-7d22-4c0a-9169-8acfb8baaa19,L1,Profile
916cbb50-7d22-4c0a-9169-8acfb8baaa19,L1,Profile
916cbb50-7d22-4c0a-9169-8acfb8baaa19,L1,Profile
916cbb50-7d22-4c0a-9169-8acfb8baaa19,L1,Profile
916cbb50-7d22-4c0a-9169-8acfb8baaa19,L1,Profile
916cbb50-7d22-4c0a-9169-8acfb8baaa19,L1,Profile
916cbb50-7d22-4c0a-9169-8acfb8baaa19,L1,Profile
916cbb50-7d22-4c0a-9169-8acfb8baaa19,L1,Profile
916cbb50-7d22-4c0a-9169-8acfb8baaa19,L1,Profile
916cbb50-7d22-4c0a-9169-8acfb8baaa19,L1,Profile
916cbb50-7d22-4c0a-9169-8acfb8baaa19,L1,Profile
916cbb50-7d22-4c0a-9169-8acfb8baaa19,L1,Profile
916cbb50-7d22-4c0a-9169-8acfb8baaa19,L1,Profile
916cbb50-7d22-4c0a-9169-8acfb8baaa19,L1,Profile
916cbb50-7d22-4c0a-9169-8acfb8baaa19,L1,Profile
916cbb50-7d22-4c0a-9169-8acfb8baaa19,L1,Profile
916cbb50-7d22-4c0a-9169-8acfb8baaa19,L1,Profile
916cbb50-7d22-4c0a-9169-8acfb8baaa19,L1,Profile
916cbb50-7d22-4c0a-9169-8acfb8baaa19,L1,Profile
916cbb50-7d22-4c0a-9169-8acfb8baaa19,L1,Profile
916cbb50-7d22-4c0a-9169-8acfb8baaa19,L1,Profile
916cbb50-7d22-4c0a-9169-8acfb8baaa19,L1,Profile
916cbb50-7d22-4c0a-9169-8acfb8baaa19,L1,Profile
916cbb50-7d22-4c0a-9169-8acfb8baaa19,L1,Profile
916cbb50-7d22-4c0a-9169-8acfb8baaa19,L1,Profile
916cbb50-7d22-4c0a-9169-8acfb8baaa19,L1,Profile
916cbb50-7d22-4c0a-9169-8acfb8baaa19,L1,Profile
916cbb50-7d22-4c0a-9169-8acfb8baaa19,L1,Profile
916cbb50-7d22-4c0a-9169-8acfb8baaa19,L1,Profile
916cbb50-7d22-4c0a-9169-8acfb8baaa19,L1,Profile
916cbb50-7d22-4c0a-9169-8acfb8baaa19,L1,Profile
916cbb50-7d22-4c0a-9169-8acfb8baaa19,L1,Profile
916cbb50-7d22-4c0a-9169-8acfb8baaa19,L1,Profile
916cbb50-7d22-4c0a-9169-8acfb8baaa19,L1,Profile
916cbb50-7d22-4c0a-9169-8acfb8baaa19,L1,Profile
916cbb50-7d22-4c0a-9169-8acfb8baaa19,L1,Profile
916cbb50-7d22-4c0a-9169-8acfb8baaa19,L1,Profile
916cbb50-7d22-4c0a-9169-8acfb8baaa19,L1,Profile
916cbb50-7d22-4c0a-9169-8acfb8baaa19,L1,Profile
916cbb50-7d22-4c0a-9169-8acfb8baaa19,L1,Profile
916cbb50-7d22-4c0a-9169-8acfb8baaa19,L1,Profile
916cbb50-7d22-4c0a-9169-8acfb8baaa19,L1,Profile
916cbb50-7d22-4c0a-9169-8acfb8baaa19,L1,Profile
916cbb50-7d22-4c0a-9169-8acfb8baaa19,L1,Profile
916cbb50-7d22-4c0a-9169-8acfb8baaa19,L1,Profile
916cbb50-7d22-4c0a-9169-8acfb8baaa19,L1,Profile
916cbb50-7d22-4c0a-9169-8acfb8baaa19,L1,Profile
916cbb50-7d22-4c0a-9169-8acfb8baaa19,L1,Profile
916cbb50-7d22-4c0a-9169-8acfb8baaa19,L1,Profile
916cbb50-7d22-4c0a-9169-8acfb8baaa19,L1,Profile
916cbb50-7d22-4c0a-9169-8acfb8baaa19,L1,Profile
916cbb50-7d22-4c0a-9169-8acfb8baaa19,L1,Profile
916cbb50-7d22-4c0a-9169-8acfb8baaa19,L1,Profile
916cbb50-7d22-4c0a-9169-8acfb8baaa19,L1,Profile
916cbb50-7d22-4c0a-9169-8acfb8baaa19,L1,Profile
916cbb50-7d22-4c0a-9169-8acfb8baaa19,L1,Profile
916cbb50-7d22-4c0a-9169-8acfb8baaa19,L1,Profile
916cbb50-7d22-4c0a-9169-8acfb8baaa19,L1,Profile
916cbb50-7d22-4c0a-9169-8acfb8baaa19,L1,Profile
916cbb50-7d22-4c0a-9169-8acfb8baaa19,L1,Profile
916cbb50-7d22-4c0a-9169-8acfb8baaa19,L1,Profile
916cbb50-7d22-4c0a-9169-8acfb8baaa19,L1,Profile
916cbb50-7d22-4c0a-9169-8acfb8baaa19,L1,Profile
916cbb50-7d22-4c0a-9169-8acfb8baaa19,L1,Profile
916cbb50-7d22-4c0a-9169-8acfb8baaa19,L1,Profile
916cbb50-7d22-4c0a-9169-8acfb8baaa19,L1,Profile
916cbb50-7d22-4c0a-9169-8acfb8baaa19,L1,Profile
916cbb50-7d22-4c0a-9169-8acfb8baaa19,L1,Profile
916cbb50-7d22-4c0a-9169-8acfb8baaa19,L1,Profile
916cbb50-7d22-4c0a-9169-8acfb8baaa19,L1,Profile
916cbb50-7d22-4c0a-9169-8acfb8baaa19,L1,Profile
916cbb50-7d22-4c0a-9169-8acfb8baaa19,L1,Profile
916cbb50-7d22-4c0a-9169-8acfb8baaa19,L1,Profile
916cbb50-7d22-4c0a-9169-8acfb8baaa19,L1,Profile
916cbb50-7d22-4c0a-9169-8acfb8baaa19,L1,Profile
916cbb50-7d22-4c0a-9169-8acfb8baaa19,L1,Profile
916cbb50-7d22-4c0a-9169-8acfb8baaa19,L1,Profile
916cbb50-7d22-4c0a-9169-8acfb8baaa19,L1,Profile
916cbb50-7d22-4c0a-9169-8acfb8baaa19,L1,Profile
916cbb50-7d22-4c0a-9169-8acfb8baaa19,L1,Profile
916cbb50-7d22-4c0a-9169-8acfb8baaa19,L1,Profile
916cbb50-7d22-4c0a-9169-8acfb8baaa19,L1,Profile
916cbb50-7d22-4c0a-9169-8acfb8baaa19,L1,Profile
916cbb50-7d22-4c0a-9169-8acfb8baaa19,L1,Profile
916cbb50-7d22-4c0a-9169-8acfb8baaa19,L1,Profile
916cbb50-7d22-4c0a-9169-8acfb8baaa19,L1,Profile
916cbb50-7d22-4c0a-9169-8acfb8baaa19,L1,Profile
916cbb50-7d22-4c0a-9169-8acfb8baaa19,L1,Profile
916cbb50-7d22-4c0a-9169-8acfb8baaa19,L1,Profile
916cbb50-7d22-4c0a-9169-8acfb8baaa19,L1,Profile
916cbb50-7d22-4c0a-9169-8acfb8baaa19,L1,Profile
916cbb50-7d22-4c0a-9169-8acfb8baaa19,L1,Profile
916cbb50-7d22-4c0a-9169-8acfb8baaa19,L1,Profile
916cbb50-7d22-4c0a-9169-8acfb8baaa19,L1,Profile
916cbb50-7d22-4c0a-9169-8acfb8baaa19,L1,Profile
916cbb50-7d22-4c0a-9169-8acfb8baaa19,L1,Profile
916cbb50-7d22-4c0a-9169-8acfb8baaa19,L1,Profile
916cbb50-7d22-4c0a-9169-8acfb8baaa19,L1,Profile
916cbb50-7d22-4c0a-9169-8acfb8baaa19,L1,Profile
916cbb50-7d22-4c0a-9169-8acfb8baaa19,L1,Profile
916cbb50-7d22-4c0a-9169-8acfb8baaa19,L1,Profile
916cbb50-7d22-4c0a-9169-8acfb8baaa19,L1,Profile
916cbb50-7d22-4c0a-9169-8acfb8baaa19,L1,Profile
916cbb50-7d22-4c0a-9169-8acfb8baaa19,L1,Profile
916cbb50-7d22-4c0a-9169-8acfb8baaa19,L1,Profile
916cbb50-7d22-4c0a-9169-8acfb8baaa19,L1,Profile
916cbb50-7d22-4c0a-9169-8acfb8baaa19,L1,Profile
916cbb50-7d22-4c0a-9169-8acfb8baaa19,L1,Profile
916cbb50-7d22-4c0a-9169-8acfb8baaa19,L1,Profile
916cbb50-7d22-4c0a-9169-8acfb8baaa19,L1,Profile
916cbb50-7d22-4c0a-9169-8acfb8baaa19,L1,Profile
916cbb50-7d22-4c0a-9169-8acfb8baaa19,L1,Profile
916cbb50-7d22-4c0a-9169-8acfb8baaa19,L1,Profile
916cbb50-7d22-4c0a-9169-8acfb8baaa19,L1,Profile
916cbb50-7d22-4c0a-9169-8acfb8baaa19,L1,Profile
916cbb50-7d22-4c0a-9169-8acfb8baaa19,L1,Profile
916cbb50-7d22-4c0a-9169-8acfb8baaa19,L1,Profile
916cbb50-7d22-4c0a-9169-8acfb8baaa19,L1,Profile
916cbb50-7d22-4c0a-9169-8acfb8baaa19,L1,Profile
916cbb50-7d22-4c0a-9169-8acfb8baaa19,L1,Profile
916cbb50-7d22-4c0a-9169-8acfb8baaa19,L1,Profile
916cbb50-7d22-4c0a-9169-8acfb8baaa19,L1,Profile
916cbb50-7d22-4c0a-9169-8acfb8baaa19,L1,Profile
916cbb50-7d22-4c0a-9169-8acfb8baaa19,L1,Profile
916cbb50-7d22-4c0a-9169-8acfb8baaa19,L1,Profile
916cbb50-7d22-4c0a-9169-8acfb8baaa19,L1,Profile
916cbb50-7d22-4c0a-9169-8acfb8baaa19,L1,Profile
916cbb50-7d22-4c0a-9169-8acfb8baaa19,L1,Profile
916cbb50-7d22-4c0a-9169-8acfb8baaa19,L1,Profile
916cbb50-7d22-4c0a-9169-8acfb8baaa19,L1,Profile
916cbb50-7d22-4c0a-9169-8acfb8baaa19,L1,Profile
916cbb50-7d22-4c0a-9169-8acfb8baaa19,L1,Profile
916cbb50-7d22-4c0a-9169-8acfb8baaa19,L1,Profile
916cbb50-7d22-4c0a-9169-8acfb8baaa19,L1,Profile
916cbb50-7d22-4c0a-9169-8acfb8baaa19,L1,Profile
916cbb50-7d22-4c0a-9169-8acfb8baaa19,L1,Profile
916cbb50-7d22-4c0a-9169-8acfb8baaa19,L1,Profile
916cbb50-7d22-4c0a-9169-8acfb8baaa19,L1,Profile
916cbb50-7d22-4c0a-9169-8acfb8baaa19,L1,Profile
916cbb50-7d22-4c0a-9169-8acfb8baaa19,L1,Profile
916cbb50-7d22-4c0a-9169-8acfb8baaa19,L1,Profile
916cbb50-7d22-4c0a-9169-8acfb8baaa19,L1,Profile
916cbb50-7d22-4c0a-9169-8acfb8baaa19,L1,Profile
916cbb50-7d22-4c0a-9169-8acfb8baaa19,L1,Profile
916cbb50-7d22-4c0a-9169-8acfb8baaa19,L1,Profile
916cbb50-7d22-4c0a-9169-8acfb8baaa19,L1,Profile
916cbb50-7d22-4c0a-9169-8acfb8baaa19,L1,Profile
916cbb50-7d22-4c0a-9169-8acfb8baaa19,L1,Profile
916cbb50-7d22-4c0a-9169-8acfb8baaa19,L1,Profile
916cbb50-7d22-4c0a-9169-8acfb8baaa19,L1,Profile
916cbb50-7d22-4c0a-9169-8acfb8baaa19,L1,Profile
916cbb50-7d22-4c0a-9169-8acfb8baaa19,L1,Profile
916cbb50-7d22-4c0a-9169-8acfb8baaa19,L1,Profile
916cbb50-7d22-4c0a-9169-8acfb8baaa19,L1,Profile
916cbb50-7d22-4c0a-9169-8acfb8baaa19,L1,Profile
916cbb50-7d22-4c0a-9169-8acfb8baaa19,L1,Profile
916cbb50-7d22-4c0a-9169-8acfb8baaa19,L1,Profile
916cbb50-7d22-4c0a-9169-8acfb8baaa19,L1,Profile
916cbb50-7d22-4c0a-9169-8acfb8baaa19,L1,Profile
916cbb50-7d22-4c0a-9169-8acfb8baaa19,L1,Profile
916cbb50-7d22-4c0a-9169-8acfb8baaa19,L1,Profile
916cbb50-7d22-4c0a-9169-8acfb8baaa19,L1,Profile
916cbb50-7d22-4c0a-9169-8acfb8baaa19,L1,Profile
916cbb50-7d22-4c0a-9169-8acfb8baaa19,L1,Profile
916cbb50-7d22-4c0a-9169-8acfb8baaa19,L1,Profile
916cbb50-7d22-4c0a-9169-8acfb8baaa19,L1,Profile
916cbb50-7d22-4c0a-9169-8acfb8baaa19,L1,Profile
916cbb50-7d22-4c0a-9169-8acfb8baaa19,L1,Profile
916cbb50-7d22-4c0a-9169-8acfb8baaa19,L1,Profile
916cbb50-7d22-4c0a-9169-8acfb8baaa19,L1,Profile
916cbb50-7d22-4c0a-9169-8acfb8baaa19,L1,Profile
916cbb50-7d22-4c0a-9169-8acfb8baaa19,L1,Profile
916cbb50-7d22-4c0a-9169-8acfb8baaa19,L1,Profile
916cbb50-7d22-4c0a-9169-8acfb8baaa19,L1,Profile
916cbb50-7d22-4c0a-9169-8acfb8baaa19,L1,Profile
916cbb50-7d22-4c0a-9169-8acfb8baaa19,L1,Profile
916cbb50-7d22-4c0a-9169-8acfb8baaa19,L1,Profile
916cbb50-7d22-4c0a-9169-8acfb8baaa19,L1,Profile
916cbb50-7d22-4c0a-9169-8acfb8baaa19,L1,Profile
916cbb50-7d22-4c0a-9169-8acfb8baaa19,L1,Profile
916cbb50-7d22-4c0a-9169-8acfb8baaa19,L1,Profile
916cbb50-7d22-4c0a-9169-8acfb8baaa19,L1,Profile
916cbb50-7d22-4c0a-9169-8acfb8baaa19,L1,Profile
916cbb50-7d22-4c0a-9169-8acfb8baaa19,L1,Profile
916cbb50-7d22-4c0a-9169-8acfb8baaa19,L1,Profile
916cbb50-7d22-4c0a-9169-8acfb8baaa19,L1,Profile
916cbb50-7d22-4c0a-9169-8acfb8baaa19,L1,Profile
916cbb50-7d22-4c0a-9169-8acfb8baaa19,L1,Profile
916cbb50-7d22-4c0a-9169-8acfb8baaa19,L1,Profile
916cbb50-7d22-4c0a-9169-8acfb8baaa19,L1,Profile
916cbb50-7d22-4c0a-9169-8acfb8baaa19,L1,Profile
916cbb50-7d22-4c0a-9169-8acfb8baaa19,L1,Profile
916cbb50-7d22-4c0a-9169-8acfb8baaa19,L1,Profile
916cbb50-7d22-4c0a-9169-8acfb8baaa19,L1,Profile
916cbb50-7d22-4c0a-9169-8acfb8baaa19,L1,Profile
916cbb50-7d22-4c0a-9169-8acfb8baaa19,L1,Profile
916cbb50-7d22-4c0a-9169-8acfb8baaa19,L1,Profile
916cbb50-7d22-4c0a-9169-8acfb8baaa19,L1,Profile
916cbb50-7d22-4c0a-9169-8acfb8baaa19,L1,Profile
916cbb50-7d22-4c0a-9169-8acfb8baaa19,L1,Profile
916cbb50-7d22-4c0a-9169-8acfb8baaa19,L1,Profile
916cbb50-7d22-4c0a-9169-8acfb8baaa19,L1,Profile
916cbb50-7d22-4c0a-9169-8acfb8baaa19,L1,Profile
916cbb50-7d22-4c0a-9169-8acfb8baaa19,L1,Profile
916cbb50-7d22-4c0a-9169-8acfb8baaa19,L1,Profile
916cbb50-7d22-4c0a-9169-8acfb8baaa19,L1,Profile
916cbb50-7d22-4c0a-9169-8acfb8baaa19,L1,Profile
916cbb50-7d22-4c0a-9169-8acfb8baaa19,L1,Profile
916cbb50-7d22-4c0a-9169-8acfb8baaa19,L1,Profile
916cbb50-7d22-4c0a-9169-8acfb8baaa19,L1,Profile
916cbb50-7d22-4c0a-9169-8acfb8baaa19,L1,Profile
916cbb50-7d22-4c0a-9169-8acfb8baaa19,L1,Profile
916cbb50-7d22-4c0a-9169-8acfb8baaa19,L1,Profile
916cbb50-7d22-4c0a-9169-8acfb8baaa19,L1,Profile
916cbb50-7d22-4c0a-9169-8acfb8baaa19,L1,Profile
916cbb50-7d22-4c0a-9169-8acfb8baaa19,L1,Profile
916cbb50-7d22-4c0a-9169-8acfb8baaa19,L1,Profile
916cbb50-7d22-4c0a-9169-8acfb8baaa19,L1,Profile
916cbb50-7d22-4c0a-9169-8acfb8baaa19,L1,Profile
916cbb50-7d22-4c0a-9169-8acfb8baaa19,L1,Profile
916cbb50-7d22-4c0a-9169-8acfb8baaa19,L1,Profile
916cbb50-7d22-4c0a-9169-8acfb8baaa19,L1,Profile
916cbb50-7d22-4c0a-9169-8acfb8baaa19,L1,Profile
916cbb50-7d22-4c0a-9169-8acfb8baaa19,L1,Profile
916cbb50-7d22-4c0a-9169-8acfb8baaa19,L1,Profile
916cbb50-7d22-4c0a-9169-8acfb8baaa19,L1,Profile
916cbb50-7d22-4c0a-9169-8acfb8baaa19,L1,Profile
916cbb50-7d22-4c0a-9169-8acfb8baaa19,L1,Profile
916cbb50-7d22-4c0a-9169-8acfb8baaa19,L1,Profile
916cbb50-7d22-4c0a-9169-8acfb8baaa19,L1,Profile
916cbb50-7d22-4c0a-9169-8acfb8baaa19,L1,Profile
916cbb50-7d22-4c0a-9169-8acfb8baaa19,L1,Profile
916cbb50-7d22-4c0a-9169-8acfb8baaa19,L1,Profile
916cbb50-7d22-4c0a-9169-8acfb8baaa19,L1,Profile
916cbb50-7d22-4c0a-9169-8acfb8baaa19,L1,Profile
916cbb50-7d22-4c0a-9169-8acfb8baaa19,L1,Profile
916cbb50-7d22-4c0a-9169-8acfb8baaa19,L1,Profile
916cbb50-7d22-4c0a-9169-8acfb8baaa19,L1,Profile
916cbb50-7d22-4c0a-9169-8acfb8baaa19,L1,Profile
916cbb50-7d22-4c0a-9169-8acfb8baaa19,L1,Profile
916cbb50-7d22-4c0a-9169-8acfb8baaa19,L1,Profile
916cbb50-7d22-4c0a-9169-8acfb8baaa19,L1,Profile
916cbb50-7d22-4c0a-9169-8acfb8baaa19,L1,Profile
916cbb50-7d22-4c0a-9169-8acfb8baaa19,L1,Profile
916cbb50-7d22-4c0a-9169-8acfb8baaa19,L1,Profile
916cbb50-7d22-4c0a-9169-8acfb8baaa19,L1,Profile
916cbb50-7d22-4c0a-9169-8acfb8baaa19,L1,Profile
916cbb50-7d22-4c0a-9169-8acfb8baaa19,L1,Profile
916cbb50-7d22-4c0a-9169-8acfb8baaa19,L1,Profile
916cbb50-7d22-4c0a-9169-8acfb8baaa19,L1,Profile
916cbb50-7d22-4c0a-9169-8acfb8baaa19,L1,Profile
916cbb50-7d22-4c0a-9169-8acfb8baaa19,L1,Profile
916cbb50-7d22-4c0a-9169-8acfb8baaa19,L1,Profile
916cbb50-7d22-4c0a-9169-8acfb8baaa19,L1,Profile
916cbb50-7d22-4c0a-9169-8acfb8baaa19,L1,Profile
916cbb50-7d22-4c0a-9169-8acfb8baaa19,L1,Profile
916cbb50-7d22-4c0a-9169-8acfb8baaa19,L1,Profile
916cbb50-7d22-4c0a-9169-8acfb8baaa19,L1,Profile
916cbb50-7d22-4c0a-9169-8acfb8baaa19,L1,Profile
916cbb50-7d22-4c0a-9169-8acfb8baaa19,L1,Profile
916cbb50-7d22-4c0a-9169-8acfb8baaa19,L1,Profile
916cbb50-7d22-4c0a-9169-8acfb8baaa19,L1,Profile
916cbb50-7d22-4c0a-9169-8acfb8baaa19,L1,Profile
916cbb50-7d22-4c0a-9169-8acfb8baaa19,L1,Profile
916cbb50-7d22-4c0a-9169-8acfb8baaa19,L1,Profile
916cbb50-7d22-4c0a-9169-8acfb8baaa19,L1,Profile
916cbb50-7d22-4c0a-9169-8acfb8baaa19,L1,Profile
916cbb50-7d22-4c0a-9169-8acfb8baaa19,L1,Profile
916cbb50-7d22-4c0a-9169-8acfb8baaa19,L1,Profile
916cbb50-7d22-4c0a-9169-8acfb8baaa19,L1,Profile
916cbb50-7d22-4c0a-9169-8acfb8baaa19,L1,Profile
916cbb50-7d22-4c0a-9169-8acfb8baaa19,L1,Profile
916cbb50-7d22-4c0a-9169-8acfb8baaa19,L1,Profile
916cbb50-7d22-4c0a-9169-8acfb8baaa19,L1,Profile
916cbb50-7d22-4c0a-9169-8acfb8baaa19,L1,Profile
916cbb50-7d22-4c0a-9169-8acfb8baaa19,L1,Profile
916cbb50-7d22-4c0a-9169-8acfb8baaa19,L1,Profile
916cbb50-7d22-4c0a-9169-8acfb8baaa19,L1,Profile
916cbb50-7d22-4c0a-9169-8acfb8baaa19,L1,Profile
916cbb50-7d22-4c0a-9169-8acfb8baaa19,L1,Profile
916cbb50-7d22-4c0a-9169-8acfb8baaa19,L1,Profile
916cbb50-7d22-4c0a-9169-8acfb8baaa19,L1,Profile
916cbb50-7d22-4c0a-9169-8acfb8baaa19,L1,Profile
916cbb50-7d22-4c0a-9169-8acfb8baaa19,L1,Profile
916cbb50-7d22-4c0a-9169-8acfb8baaa19,L1,Profile
916cbb50-7d22-4c0a-9169-8acfb8baaa19,L1,Profile
916cbb50-7d22-4c0a-9169-8acfb8baaa19,L1,Profile
916cbb50-7d22-4c0a-9169-8acfb8baaa19,L1,Profile
916cbb50-7d22-4c0a-9169-8acfb8baaa19,L1,Profile
916cbb50-7d22-4c0a-9169-8acfb8baaa19,L1,Profile
916cbb50-7d22-4c0a-9169-8acfb8baaa19,L1,Profile
916cbb50-7d22-4c0a-9169-8acfb8baaa19,L1,Profile
916cbb50-7d22-4c0a-9169-8acfb8baaa19,L1,Profile
916cbb50-7d22-4c0a-9169-8acfb8baaa19,L1,Profile
916cbb50-7d22-4c0a-9169-8acfb8baaa19,L1,Profile
916cbb50-7d22-4c0a-9169-8acfb8baaa19,L1,Profile
916cbb50-7d22-4c0a-9169-8acfb8baaa19,L1,Profile
916cbb50-7d22-4c0a-9169-8acfb8baaa19,L1,Profile
916cbb50-7d22-4c0a-9169-8acfb8baaa19,L1,Profile
916cbb50-7d22-4c0a-9169-8acfb8baaa19,L1,Profile
916cbb50-7d22-4c0a-9169-8acfb8baaa19,L1,Profile
916cbb50-7d22-4c0a-9169-8acfb8baaa19,L1,Profile
916cbb50-7d22-4c0a-9169-8acfb8baaa19,L1,Profile
916cbb50-7d22-4c0a-9169-8acfb8baaa19,L1,Profile
916cbb50-7d22-4c0a-9169-8acfb8baaa19,L1,Profile
916cbb50-7d22-4c0a-9169-8acfb8baaa19,L1,Profile
916cbb50-7d22-4c0a-9169-8acfb8baaa19,L1,Profile
916cbb50-7d22-4c0a-9169-8acfb8baaa19,L1,Profile
916cbb50-7d22-4c0a-9169-8acfb8baaa19,L1,Profile
916cbb50-7d22-4c0a-9169-8acfb8baaa19,L1,Profile
916cbb50-7d22-4c0a-9169-8acfb8baaa19,L1,Profile
916cbb50-7d22-4c0a-9169-8acfb8baaa19,L1,Profile
916cbb50-7d22-4c0a-9169-8acfb8baaa19,L1,Profile
916cbb50-7d22-4c0a-9169-8acfb8baaa19,L1,Profile
916cbb50-7d22-4c0a-9169-8acfb8baaa19,L1,Profile
916cbb50-7d22-4c0a-9169-8acfb8baaa19,L1,Profile
916cbb50-7d22-4c0a-9169-8acfb8baaa19,L1,Profile
916cbb50-7d22-4c0a-9169-8acfb8baaa19,L1,Profile
916cbb50-7d22-4c0a-9169-8acfb8baaa19,L1,Profile
916cbb50-7d22-4c0a-9169-8acfb8baaa19,L1,Profile
916cbb50-7d22-4c0a-9169-8acfb8baaa19,L1,Profile
916cbb50-7d22-4c0a-9169-8acfb8baaa19,L1,Profile
916cbb50-7d22-4c0a-9169-8acfb8baaa19,L1,Profile
916cbb50-7d22-4c0a-9169-8acfb8baaa19,L1,Profile
916cbb50-7d22-4c0a-9169-8acfb8baaa19,L1,Profile
916cbb50-7d22-4c0a-9169-8acfb8baaa19,L1,Profile
916cbb50-7d22-4c0a-9169-8acfb8baaa19,L1,Profile
916cbb50-7d22-4c0a-9169-8acfb8baaa19,L1,Profile
916cbb50-7d22-4c0a-9169-8acfb8baaa19,L1,Profile
916cbb50-7d22-4c0a-9169-8acfb8baaa19,L1,Profile
916cbb50-7d22-4c0a-9169-8acfb8baaa19,L1,Profile
916cbb50-7d22-4c0a-9169-8acfb8baaa19,L1,Profile
916cbb50-7d22-4c0a-9169-8acfb8baaa19,L1,Profile
916cbb50-7d22-4c0a-9169-8acfb8baaa19,L1,Profile
916cbb50-7d22-4c0a-9169-8acfb8baaa19,L1,Profile
916cbb50-7d22-4c0a-9169-8acfb8baaa19,L1,Profile
916cbb50-7d22-4c0a-9169-8acfb8baaa19,L1,Profile
916cbb50-7d22-4c0a-9169-8acfb8baaa19,L1,Profile
916cbb50-7d22-4c0a-9169-8acfb8baaa19,L1,Profile
916cbb50-7d22-4c0a-9169-8acfb8baaa19,L1,Profile
916cbb50-7d22-4c0a-9169-8acfb8baaa19,L1,Profile
916cbb50-7d22-4c0a-9169-8acfb8baaa19,L1,Profile
916cbb50-7d22-4c0a-9169-8acfb8baaa19,L1,Profile
916cbb50-7d22-4c0a-9169-8acfb8baaa19,L1,Profile
916cbb50-7d22-4c0a-9169-8acfb8baaa19,L1,Profile
916cbb50-7d22-4c0a-9169-8acfb8baaa19,L1,Profile
916cbb50-7d22-4c0a-9169-8acfb8baaa19,L1,Profile
916cbb50-7d22-4c0a-9169-8acfb8baaa19,L1,Profile
916cbb50-7d22-4c0a-9169-8acfb8baaa19,L1,Profile
916cbb50-7d22-4c0a-9169-8acfb8baaa19,L1,Profile
916cbb50-7d22-4c0a-9169-8acfb8baaa19,L1,Profile
916cbb50-7d22-4c0a-9169-8acfb8baaa19,L1,Profile
916cbb50-7d22-4c0a-9169-8acfb8baaa19,L1,Profile
916cbb50-7d22-4c0a-9169-8acfb8baaa19,L1,Profile
916cbb50-7d22-4c0a-9169-8acfb8baaa19,L1,Profile
916cbb50-7d22-4c0a-9169-8acfb8baaa19,L1,Profile
916cbb50-7d22-4c0a-9169-8acfb8baaa19,L1,Profile
916cbb50-7d22-4c0a-9169-8acfb8baaa19,L1,Profile
916cbb50-7d22-4c0a-9169-8acfb8baaa19,L1,Profile
916cbb50-7d22-4c0a-9169-8acfb8baaa19,L1,Profile
916cbb50-7d22-4c0a-9169-8acfb8baaa19,L1,Profile
916cbb50-7d22-4c0a-9169-8acfb8baaa19,L1,Profile
916cbb50-7d22-4c0a-9169-8acfb8baaa19,L1,Profile
916cbb50-7d22-4c0a-9169-8acfb8baaa19,L1,Profile
916cbb50-7d22-4c0a-9169-8acfb8baaa19,L1,Profile
916cbb50-7d22-4c0a-9169-8acfb8baaa19,L1,Profile
916cbb50-7d22-4c0a-9169-8acfb8baaa19,L1,Profile
916cbb50-7d22-4c0a-9169-8acfb8baaa19,L1,Profile
916cbb50-7d22-4c0a-9169-8acfb8baaa19,L1,Profile
916cbb50-7d22-4c0a-9169-8acfb8baaa19,L1,Profile
916cbb50-7d22-4c0a-9169-8acfb8baaa19,L1,Profile
916cbb50-7d22-4c0a-9169-8acfb8baaa19,L1,Profile
916cbb50-7d22-4c0a-9169-8acfb8baaa19,L1,Profile
916cbb50-7d22-4c0a-9169-8acfb8baaa19,L1,Profile
916cbb50-7d22-4c0a-9169-8acfb8baaa19,L1,Profile
916cbb50-7d22-4c0a-9169-8acfb8baaa19,L1,Profile
916cbb50-7d22-4c0a-9169-8acfb8baaa19,L1,Profile
916cbb50-7d22-4c0a-9169-8acfb8baaa19,L1,Profile
916cbb50-7d22-4c0a-9169-8acfb8baaa19,L1,Profile
916cbb50-7d22-4c0a-9169-8acfb8baaa19,L1,Profile
916cbb50-7d22-4c0a-9169-8acfb8baaa19,L1,Profile
916cbb50-7d22-4c0a-9169-8acfb8baaa19,L1,Profile
916cbb50-7d22-4c0a-9169-8acfb8baaa19,L1,Profile
916cbb50-7d22-4c0a-9169-8acfb8baaa19,L1,Profile
916cbb50-7d22-4c0a-9169-8acfb8baaa19,L1,Profile
916cbb50-7d22-4c0a-9169-8acfb8baaa19,L1,Profile
916cbb50-7d22-4c0a-9169-8acfb8baaa19,L1,Profile
916cbb50-7d22-4c0a-9169-8acfb8baaa19,L1,Profile
916cbb50-7d22-4c0a-9169-8acfb8baaa19,L1,Profile
916cbb50-7d22-4c0a-9169-8acfb8baaa19,L1,Profile
916cbb50-7d22-4c0a-9169-8acfb8baaa19,L1,Profile
916cbb50-7d22-4c0a-9169-8acfb8baaa19,L1,Profile
916cbb50-7d22-4c0a-9169-8acfb8baaa19,L1,Profile
916cbb50-7d22-4c0a-9169-8acfb8baaa19,L1,Profile
916cbb50-7d22-4c0a-9169-8acfb8baaa19,L1,Profile
916cbb50-7d22-4c0a-9169-8acfb8baaa19,L1,Profile
916cbb50-7d22-4c0a-9169-8acfb8baaa19,L1,Profile
916cbb50-7d22-4c0a-9169-8acfb8baaa19,L1,Profile
916cbb50-7d22-4c0a-9169-8acfb8baaa19,L1,Profile
916cbb50-7d22-4c0a-9169-8acfb8baaa19,L1,Profile
916cbb50-7d22-4c0a-9169-8acfb8baaa19,L1,Profile
916cbb50-7d22-4c0a-9169-8acfb8baaa19,L1,Profile
916cbb50-7d22-4c0a-9169-8acfb8baaa19,L1,Profile
916cbb50-7d22-4c0a-9169-8acfb8baaa19,L1,Profile
916cbb50-7d22-4c0a-9169-8acfb8baaa19,L1,Profile
916cbb50-7d22-4c0a-9169-8acfb8baaa19,L1,Profile
916cbb50-7d22-4c0a-9169-8acfb8baaa19,L1,Profile
916cbb50-7d22-4c0a-9169-8acfb8baaa19,L1,Profile
916cbb50-7d22-4c0a-9169-8acfb8baaa19,L1,Profile
916cbb50-7d22-4c0a-9169-8acfb8baaa19,L1,Profile
916cbb50-7d22-4c0a-9169-8acfb8baaa19,L1,Profile
916cbb50-7d22-4c0a-9169-8acfb8baaa19,L1,Profile
916cbb50-7d22-4c0a-9169-8acfb8baaa19,L1,Profile
916cbb50-7d22-4c0a-9169-8acfb8baaa19,L1,Profile
916cbb50-7d22-4c0a-9169-8acfb8baaa19,L1,Profile
916cbb50-7d22-4c0a-9169-8acfb8baaa19,L1,Profile
916cbb50-7d22-4c0a-9169-8acfb8baaa19,L1,Profile
916cbb50-7d22-4c0a-9169-8acfb8baaa19,L1,Profile
916cbb50-7d22-4c0a-9169-8acfb8baaa19,L1,Profile
916cbb50-7d22-4c0a-9169-8acfb8baaa19,L1,Profile
916cbb50-7d22-4c0a-9169-8acfb8baaa19,L1,Profile
916cbb50-7d22-4c0a-9169-8acfb8baaa19,L1,Profile
916cbb50-7d22-4c0a-9169-8acfb8baaa19,L1,Profile
916cbb50-7d22-4c0a-9169-8acfb8baaa19,L1,Profile
916cbb50-7d22-4c0a-9169-8acfb8baaa19,L1,Profile
916cbb50-7d22-4c0a-9169-8acfb8baaa19,L1,Profile
916cbb50-7d22-4c0a-9169-8acfb8baaa19,L1,Profile
916cbb50-7d22-4c0a-9169-8acfb8baaa19,L1,Profile
916cbb50-7d22-4c0a-9169-8acfb8baaa19,L1,Profile
916cbb50-7d22-4c0a-9169-8acfb8baaa19,L1,Profile
916cbb50-7d22-4c0a-9169-8acfb8baaa19,L1,Profile
916cbb50-7d22-4c0a-9169-8acfb8baaa19,L1,Profile
916cbb50-7d22-4c0a-9169-8acfb8baaa19,L1,Profile
916cbb50-7d22-4c0a-9169-8acfb8baaa19,L1,Profile
916cbb50-7d22-4c0a-9169-8acfb8baaa19,L1,Profile
916cbb50-7d22-4c0a-9169-8acfb8baaa19,L1,Profile
916cbb50-7d22-4c0a-9169-8acfb8baaa19,L1,Profile
916cbb50-7d22-4c0a-9169-8acfb8baaa19,L1,Profile
916cbb50-7d22-4c0a-9169-8acfb8baaa19,L1,Profile
916cbb50-7d22-4c0a-9169-8acfb8baaa19,L1,Profile
916cbb50-7d22-4c0a-9169-8acfb8baaa19,L1,Profile
916cbb50-7d22-4c0a-9169-8acfb8baaa19,L1,Profile
916cbb50-7d22-4c0a-9169-8acfb8baaa19,L1,Profile
916cbb50-7d22-4c0a-9169-8acfb8baaa19,L1,Profile
916cbb50-7d22-4c0a-9169-8acfb8baaa19,L1,Profile
916cbb50-7d22-4c0a-9169-8acfb8baaa19,L1,Profile
916cbb50-7d22-4c0a-9169-8acfb8baaa19,L1,Profile
916cbb50-7d22-4c0a-9169-8acfb8baaa19,L1,Profile
916cbb50-7d22-4c0a-9169-8acfb8baaa19,L1,Profile
916cbb50-7d22-4c0a-9169-8acfb8baaa19,L1,Profile
916cbb50-7d22-4c0a-9169-8acfb8baaa19,L1,Profile
916cbb50-7d22-4c0a-9169-8acfb8baaa19,L1,Profile
916cbb50-7d22-4c0a-9169-8acfb8baaa19,L1,Profile
916cbb50-7d22-4c0a-9169-8acfb8baaa19,L1,Profile
916cbb50-7d22-4c0a-9169-8acfb8baaa19,L1,Profile
916cbb50-7d22-4c0a-9169-8acfb8baaa19,L1,Profile
916cbb50-7d22-4c0a-9169-8acfb8baaa19,L1,Profile
916cbb50-7d22-4c0a-9169-8acfb8baaa19,L1,Profile
916cbb50-7d22-4c0a-9169-8acfb8baaa19,L1,Profile
916cbb50-7d22-4c0a-9169-8acfb8baaa19,L1,Profile
916cbb50-7d22-4c0a-9169-8acfb8baaa19,L1,Profile
916cbb50-7d22-4c0a-9169-8acfb8baaa19,L1,Profile
916cbb50-7d22-4c0a-9169-8acfb8baaa19,L1,Profile
916cbb50-7d22-4c0a-9169-8acfb8baaa19,L1,Profile
916cbb50-7d22-4c0a-9169-8acfb8baaa19,L1,Profile
916cbb50-7d22-4c0a-9169-8acfb8baaa19,L1,Profile
916cbb50-7d22-4c0a-9169-8acfb8baaa19,L1,Profile
916cbb50-7d22-4c0a-9169-8acfb8baaa19,L1,Profile
916cbb50-7d22-4c0a-9169-8acfb8baaa19,L1,Profile
916cbb50-7d22-4c0a-9169-8acfb8baaa19,L1,Profile
916cbb50-7d22-4c0a-9169-8acfb8baaa19,L1,Profile
916cbb50-7d22-4c0a-9169-8acfb8baaa19,L1,Profile
916cbb50-7d22-4c0a-9169-8acfb8baaa19,L1,Profile
916cbb50-7d22-4c0a-9169-8acfb8baaa19,L1,Profile
916cbb50-7d22-4c0a-9169-8acfb8baaa19,L1,Profile
916cbb50-7d22-4c0a-9169-8acfb8baaa19,L1,Profile
916cbb50-7d22-4c0a-9169-8acfb8baaa19,L1,Profile
916cbb50-7d22-4c0a-9169-8acfb8baaa19,L1,Profile
916cbb50-7d22-4c0a-9169-8acfb8baaa19,L1,Profile
916cbb50-7d22-4c0a-9169-8acfb8baaa19,L1,Profile
916cbb50-7d22-4c0a-9169-8acfb8baaa19,L1,Profile
916cbb50-7d22-4c0a-9169-8acfb8baaa19,L1,Profile
916cbb50-7d22-4c0a-9169-8acfb8baaa19,L1,Profile
916cbb50-7d22-4c0a-9169-8acfb8baaa19,L1,Profile
916cbb50-7d22-4c0a-9169-8acfb8baaa19,L1,Profile
916cbb50-7d22-4c0a-9169-8acfb8baaa19,L1,Profile
916cbb50-7d22-4c0a-9169-8acfb8baaa19,L1,Profile
916cbb50-7d22-4c0a-9169-8acfb8baaa19,L1,Profile
916cbb50-7d22-4c0a-9169-8acfb8baaa19,L1,Profile
916cbb50-7d22-4c0a-9169-8acfb8baaa19,L1,Profile
916cbb50-7d22-4c0a-9169-8acfb8baaa19,L1,Profile
916cbb50-7d22-4c0a-9169-8acfb8baaa19,L1,Profile
916cbb50-7d22-4c0a-9169-8acfb8baaa19,L1,Profile
916cbb50-7d22-4c0a-9169-8acfb8baaa19,L1,Profile
916cbb50-7d22-4c0a-9169-8acfb8baaa19,L1,Profile
916cbb50-7d22-4c0a-9169-8acfb8baaa19,L1,Profile
916cbb50-7d22-4c0a-9169-8acfb8baaa19,L1,Profile
916cbb50-7d22-4c0a-9169-8acfb8baaa19,L1,Profile
916cbb50-7d22-4c0a-9169-8acfb8baaa19,L1,Profile
916cbb50-7d22-4c0a-9169-8acfb8baaa19,L1,Profile
916cbb50-7d22-4c0a-9169-8acfb8baaa19,L1,Profile
916cbb50-7d22-4c0a-9169-8acfb8baaa19,L1,Profile
916cbb50-7d22-4c0a-9169-8acfb8baaa19,L1,Profile
916cbb50-7d22-4c0a-9169-8acfb8baaa19,L1,Profile
916cbb50-7d22-4c0a-9169-8acfb8baaa19,L1,Profile
916cbb50-7d22-4c0a-9169-8acfb8baaa19,L1,Profile
916cbb50-7d22-4c0a-9169-8acfb8baaa19,L1,Profile
916cbb50-7d22-4c0a-9169-8acfb8baaa19,L1,Profile
916cbb50-7d22-4c0a-9169-8acfb8baaa19,L1,Profile
916cbb50-7d22-4c0a-9169-8acfb8baaa19,L1,Profile
916cbb50-7d22-4c0a-9169-8acfb8baaa19,L1,Profile
916cbb50-7d22-4c0a-9169-8acfb8baaa19,L1,Profile
916cbb50-7d22-4c0a-9169-8acfb8baaa19,L1,Profile
916cbb50-7d22-4c0a-9169-8acfb8baaa19,L1,Profile
916cbb50-7d22-4c0a-9169-8acfb8baaa19,L1,Profile
916cbb50-7d22-4c0a-9169-8acfb8baaa19,L1,Profile
916cbb50-7d22-4c0a-9169-8acfb8baaa19,L1,Profile
916cbb50-7d22-4c0a-9169-8acfb8baaa19,L1,Profile
916cbb50-7d22-4c0a-9169-8acfb8baaa19,L1,Profile
916cbb50-7d22-4c0a-9169-8acfb8baaa19,L1,Profile
916cbb50-7d22-4c0a-9169-8acfb8baaa19,L1,Profile
916cbb50-7d22-4c0a-9169-8acfb8baaa19,L1,Profile
916cbb50-7d22-4c0a-9169-8acfb8baaa19,L1,Profile
916cbb50-7d22-4c0a-9169-8acfb8baaa19,L1,Profile
916cbb50-7d22-4c0a-9169-8acfb8baaa19,L1,Profile
916cbb50-7d22-4c0a-9169-8acfb8baaa19,L1,Profile
916cbb50-7d22-4c0a-9169-8acfb8baaa19,L1,Profile
916cbb50-7d22-4c0a-9169-8acfb8baaa19,L1,Profile
916cbb50-7d22-4c0a-9169-8acfb8baaa19,L1,Profile
916cbb50-7d22-4c0a-9169-8acfb8baaa19,L1,Profile
916cbb50-7d22-4c0a-9169-8acfb8baaa19,L1,Profile
916cbb50-7d22-4c0a-9169-8acfb8baaa19,L1,Profile
916cbb50-7d22-4c0a-9169-8acfb8baaa19,L1,Profile
916cbb50-7d22-4c0a-9169-8acfb8baaa19,L1,Profile
916cbb50-7d22-4c0a-9169-8acfb8baaa19,L1,Profile
916cbb50-7d22-4c0a-9169-8acfb8baaa19,L1,Profile
916cbb50-7d22-4c0a-9169-8acfb8baaa19,L1,Profile
916cbb50-7d22-4c0a-9169-8acfb8baaa19,L1,Profile
916cbb50-7d22-4c0a-9169-8acfb8baaa19,L1,Profile
916cbb50-7d22-4c0a-9169-8acfb8baaa19,L1,Profile
916cbb50-7d22-4c0a-9169-8acfb8baaa19,L1,Profile
916cbb50-7d22-4c0a-9169-8acfb8baaa19,L1,Profile
916cbb50-7d22-4c0a-9169-8acfb8baaa19,L1,Profile
916cbb50-7d22-4c0a-9169-8acfb8baaa19,L1,Profile
916cbb50-7d22-4c0a-9169-8acfb8baaa19,L1,Profile
916cbb50-7d22-4c0a-9169-8acfb8baaa19,L1,Profile
916cbb50-7d22-4c0a-9169-8acfb8baaa19,L1,Profile
916cbb50-7d22-4c0a-9169-8acfb8baaa19,L1,Profile
916cbb50-7d22-4c0a-9169-8acfb8baaa19,L1,Profile
916cbb50-7d22-4c0a-9169-8acfb8baaa19,L1,Profile
916cbb50-7d22-4c0a-9169-8acfb8baaa19,L1,Profile
916cbb50-7d22-4c0a-9169-8acfb8baaa19,L1,Profile
916cbb50-7d22-4c0a-9169-8acfb8baaa19,L1,Profile
916cbb50-7d22-4c0a-9169-8acfb8baaa19,L1,Profile
916cbb50-7d22-4c0a-9169-8acfb8baaa19,L1,Profile
916cbb50-7d22-4c0a-9169-8acfb8baaa19,L1,Profile
916cbb50-7d22-4c0a-9169-8acfb8baaa19,L1,Profile
916cbb50-7d22-4c0a-9169-8acfb8baaa19,L1,Profile
916cbb50-7d22-4c0a-9169-8acfb8baaa19,L1,Profile
916cbb50-7d22-4c0a-9169-8acfb8baaa19,L1,Profile
916cbb50-7d22-4c0a-9169-8acfb8baaa19,L1,Profile
916cbb50-7d22-4c0a-9169-8acfb8baaa19,L1,Profile
916cbb50-7d22-4c0a-9169-8acfb8baaa19,L1,Profile
916cbb50-7d22-4c0a-9169-8acfb8baaa19,L1,Profile
916cbb50-7d22-4c0a-9169-8acfb8baaa19,L1,Profile
916cbb50-7d22-4c0a-9169-8acfb8baaa19,L1,Profile
916cbb50-7d22-4c0a-9169-8acfb8baaa19,L1,Profile
916cbb50-7d22-4c0a-9169-8acfb8baaa19,L1,Profile
916cbb50-7d22-4c0a-9169-8acfb8baaa19,L1,Profile
916cbb50-7d22-4c0a-9169-8acfb8baaa19,L1,Profile
916cbb50-7d22-4c0a-9169-8acfb8baaa19,L1,Profile
916cbb50-7d22-4c0a-9169-8acfb8baaa19,L1,Profile
916cbb50-7d22-4c0a-9169-8acfb8baaa19,L1,Profile
916cbb50-7d22-4c0a-9169-8acfb8baaa19,L1,Profile
916cbb50-7d22-4c0a-9169-8acfb8baaa19,L1,Profile
916cbb50-7d22-4c0a-9169-8acfb8baaa19,L1,Profile
916cbb50-7d22-4c0a-9169-8acfb8baaa19,L1,Profile
916cbb50-7d22-4c0a-9169-8acfb8baaa19,L1,Profile
916cbb50-7d22-4c0a-9169-8acfb8baaa19,L1,Profile
916cbb50-7d22-4c0a-9169-8acfb8baaa19,L1,Profile
916cbb50-7d22-4c0a-9169-8acfb8baaa19,L1,Profile
916cbb50-7d22-4c0a-9169-8acfb8baaa19,L1,Profile
916cbb50-7d22-4c0a-9169-8acfb8baaa19,L1,Profile
916cbb50-7d22-4c0a-9169-8acfb8baaa19,L1,Profile
916cbb50-7d22-4c0a-9169-8acfb8baaa19,L1,Profile
916cbb50-7d22-4c0a-9169-8acfb8baaa19,L1,Profile
916cbb50-7d22-4c0a-9169-8acfb8baaa19,L1,Profile
916cbb50-7d22-4c0a-9169-8acfb8baaa19,L1,Profile
916cbb50-7d22-4c0a-9169-8acfb8baaa19,L1,Profile
916cbb50-7d22-4c0a-9169-8acfb8baaa19,L1,Profile
916cbb50-7d22-4c0a-9169-8acfb8baaa19,L1,Profile
916cbb50-7d22-4c0a-9169-8acfb8baaa19,L1,Profile
916cbb50-7d22-4c0a-9169-8acfb8baaa19,L1,Profile
916cbb50-7d22-4c0a-9169-8acfb8baaa19,L1,Profile
916cbb50-7d22-4c0a-9169-8acfb8baaa19,L1,Profile
916cbb50-7d22-4c0a-9169-8acfb8baaa19,L1,Profile
916cbb50-7d22-4c0a-9169-8acfb8baaa19,L1,Profile
916cbb50-7d22-4c0a-9169-8acfb8baaa19,L1,Profile
916cbb50-7d22-4c0a-9169-8acfb8baaa19,L1,Profile
916cbb50-7d22-4c0a-9169-8acfb8baaa19,L1,Profile
916cbb50-7d22-4c0a-9169-8acfb8baaa19,L1,Profile
916cbb50-7d22-4c0a-9169-8acfb8baaa19,L1,Profile
916cbb50-7d22-4c0a-9169-8acfb8baaa19,L1,Profile
916cbb50-7d22-4c0a-9169-8acfb8baaa19,L1,Profile
916cbb50-7d22-4c0a-9169-8acfb8baaa19,L1,Profile
916cbb50-7d22-4c0a-9169-8acfb8baaa19,L1,Profile
916cbb50-7d22-4c0a-9169-8acfb8baaa19,L1,Profile
916cbb50-7d22-4c0a-9169-8acfb8baaa19,L1,Profile
916cbb50-7d22-4c0a-9169-8acfb8baaa19,L1,Profile
916cbb50-7d22-4c0a-9169-8acfb8baaa19,L1,Profile
916cbb50-7d22-4c0a-9169-8acfb8baaa19,L1,Profile
916cbb50-7d22-4c0a-9169-8acfb8baaa19,L1,Profile
916cbb50-7d22-4c0a-9169-8acfb8baaa19,L1,Profile
916cbb50-7d22-4c0a-9169-8acfb8baaa19,L1,Profile
916cbb50-7d22-4c0a-9169-8acfb8baaa19,L1,Profile
916cbb50-7d22-4c0a-9169-8acfb8baaa19,L1,Profile
916cbb50-7d22-4c0a-9169-8acfb8baaa19,L1,Profile
916cbb50-7d22-4c0a-9169-8acfb8baaa19,L1,Profile
916cbb50-7d22-4c0a-9169-8acfb8baaa19,L1,Profile
916cbb50-7d22-4c0a-9169-8acfb8baaa19,L1,Profile
916cbb50-7d22-4c0a-9169-8acfb8baaa19,L1,Profile
916cbb50-7d22-4c0a-9169-8acfb8baaa19,L1,Profile
916cbb50-7d22-4c0a-9169-8acfb8baaa19,L1,Profile
916cbb50-7d22-4c0a-9169-8acfb8baaa19,L1,Profile
916cbb50-7d22-4c0a-9169-8acfb8baaa19,L1,Profile
916cbb50-7d22-4c0a-9169-8acfb8baaa19,L1,Profile
916cbb50-7d22-4c0a-9169-8acfb8baaa19,L1,Profile
916cbb50-7d22-4c0a-9169-8acfb8baaa19,L1,Profile
916cbb50-7d22-4c0a-9169-8acfb8baaa19,L1,Profile
916cbb50-7d22-4c0a-9169-8acfb8baaa19,L1,Profile
916cbb50-7d22-4c0a-9169-8acfb8baaa19,L1,Profile
916cbb50-7d22-4c0a-9169-8acfb8baaa19,L1,Profile
916cbb50-7d22-4c0a-9169-8acfb8baaa19,L1,Profile
916cbb50-7d22-4c0a-9169-8acfb8baaa19,L1,Profile
916cbb50-7d22-4c0a-9169-8acfb8baaa19,L1,Profile
916cbb50-7d22-4c0a-9169-8acfb8baaa19,L1,Profile
916cbb50-7d22-4c0a-9169-8acfb8baaa19,L1,Profile
916cbb50-7d22-4c0a-9169-8acfb8baaa19,L1,Profile
916cbb50-7d22-4c0a-9169-8acfb8baaa19,L1,Profile
916cbb50-7d22-4c0a-9169-8acfb8baaa19,L1,Profile
916cbb50-7d22-4c0a-9169-8acfb8baaa19,L1,Profile
916cbb50-7d22-4c0a-9169-8acfb8baaa19,L1,Profile
916cbb50-7d22-4c0a-9169-8acfb8baaa19,L1,Profile
916cbb50-7d22-4c0a-9169-8acfb8baaa19,L1,Profile
916cbb50-7d22-4c0a-9169-8acfb8baaa19,L1,Profile
916cbb50-7d22-4c0a-9169-8acfb8baaa19,L1,Profile
916cbb50-7d22-4c0a-9169-8acfb8baaa19,L1,Profile
916cbb50-7d22-4c0a-9169-8acfb8baaa19,L1,Profile
916cbb50-7d22-4c0a-9169-8acfb8baaa19,L1,Profile
916cbb50-7d22-4c0a-9169-8acfb8baaa19,L1,Profile
916cbb50-7d22-4c0a-9169-8acfb8baaa19,L1,Profile
916cbb50-7d22-4c0a-9169-8acfb8baaa19,L1,Profile
916cbb50-7d22-4c0a-9169-8acfb8baaa19,L1,Profile
916cbb50-7d22-4c0a-9169-8acfb8baaa19,L1,Profile
916cbb50-7d22-4c0a-9169-8acfb8baaa19,L1,Profile
916cbb50-7d22-4c0a-9169-8acfb8baaa19,L1,Profile
916cbb50-7d22-4c0a-9169-8acfb8baaa19,L1,Profile
916cbb50-7d22-4c0a-9169-8acfb8baaa19,L1,Profile
916cbb50-7d22-4c0a-9169-8acfb8baaa19,L1,Profile
916cbb50-7d22-4c0a-9169-8acfb8baaa19,L1,Profile
916cbb50-7d22-4c0a-9169-8acfb8baaa19,L1,Profile
916cbb50-7d22-4c0a-9169-8acfb8baaa19,L1,Profile
916cbb50-7d22-4c0a-9169-8acfb8baaa19,L1,Profile
916cbb50-7d22-4c0a-9169-8acfb8baaa19,L1,Profile
916cbb50-7d22-4c0a-9169-8acfb8baaa19,L1,Profile
916cbb50-7d22-4c0a-9169-8acfb8baaa19,L1,Profile
916cbb50-7d22-4c0a-9169-8acfb8baaa19,L1,Profile
916cbb50-7d22-4c0a-9169-8acfb8baaa19,L1,Profile
916cbb50-7d22-4c0a-9169-8acfb8baaa19,L1,Profile
916cbb50-7d22-4c0a-9169-8acfb8baaa19,L1,Profile
916cbb50-7d22-4c0a-9169-8acfb8baaa19,L1,Profile
916cbb50-7d22-4c0a-9169-8acfb8baaa19,L1,Profile
916cbb50-7d22-4c0a-9169-8acfb8baaa19,L1,Profile
916cbb50-7d22-4c0a-9169-8acfb8baaa19,L1,Profile
916cbb50-7d22-4c0a-9169-8acfb8baaa19,L1,Profile
916cbb50-7d22-4c0a-9169-8acfb8baaa19,L1,Profile
916cbb50-7d22-4c0a-9169-8acfb8baaa19,L1,Profile
916cbb50-7d22-4c0a-9169-8acfb8baaa19,L1,Profile
916cbb50-7d22-4c0a-9169-8acfb8baaa19,L1,Profile
916cbb50-7d22-4c0a-9169-8acfb8baaa19,L1,Profile
916cbb50-7d22-4c0a-9169-8acfb8baaa19,L1,Profile
916cbb50-7d22-4c0a-9169-8acfb8baaa19,L1,Profile
916cbb50-7d22-4c0a-9169-8acfb8baaa19,L1,Profile
916cbb50-7d22-4c0a-9169-8acfb8baaa19,L1,Profile
916cbb50-7d22-4c0a-9169-8acfb8baaa19,L1,Profile
916cbb50-7d22-4c0a-9169-8acfb8baaa19,L1,Profile
916cbb50-7d22-4c0a-9169-8acfb8baaa19,L1,Profile
916cbb50-7d22-4c0a-9169-8acfb8baaa19,L1,Profile
916cbb50-7d22-4c0a-9169-8acfb8baaa19,L1,Profile
916cbb50-7d22-4c0a-9169-8acfb8baaa19,L1,Profile
916cbb50-7d22-4c0a-9169-8acfb8baaa19,L1,Profile
916cbb50-7d22-4c0a-9169-8acfb8baaa19,L1,Profile
916cbb50-7d22-4c0a-9169-8acfb8baaa19,L1,Profile
916cbb50-7d22-4c0a-9169-8acfb8baaa19,L1,Profile
916cbb50-7d22-4c0a-9169-8acfb8baaa19,L1,Profile
916cbb50-7d22-4c0a-9169-8acfb8baaa19,L1,Profile
916cbb50-7d22-4c0a-9169-8acfb8baaa19,L1,Profile
916cbb50-7d22-4c0a-9169-8acfb8baaa19,L1,Profile
916cbb50-7d22-4c0a-9169-8acfb8baaa19,L1,Profile
916cbb50-7d22-4c0a-9169-8acfb8baaa19,L1,Profile
916cbb50-7d22-4c0a-9169-8acfb8baaa19,L1,Profile
916cbb50-7d22-4c0a-9169-8acfb8baaa19,L1,Profile
916cbb50-7d22-4c0a-9169-8acfb8baaa19,L1,Profile
916cbb50-7d22-4c0a-9169-8acfb8baaa19,L1,Profile
916cbb50-7d22-4c0a-9169-8acfb8baaa19,L1,Profile
916cbb50-7d22-4c0a-9169-8acfb8baaa19,L1,Profile
916cbb50-7d22-4c0a-9169-8acfb8baaa19,L1,Profile
916cbb50-7d22-4c0a-9169-8acfb8baaa19,L1,Profile
916cbb50-7d22-4c0a-9169-8acfb8baaa19,L1,Profile
916cbb50-7d22-4c0a-9169-8acfb8baaa19,L1,Profile
916cbb50-7d22-4c0a-9169-8acfb8baaa19,L1,Profile
916cbb50-7d22-4c0a-9169-8acfb8baaa19,L1,Profile
916cbb50-7d22-4c0a-9169-8acfb8baaa19,L1,Profile
916cbb50-7d22-4c0a-9169-8acfb8baaa19,L1,Profile
916cbb50-7d22-4c0a-9169-8acfb8baaa19,L1,Profile
916cbb50-7d22-4c0a-9169-8acfb8baaa19,L1,Profile
916cbb50-7d22-4c0a-9169-8acfb8baaa19,L1,Profile
916cbb50-7d22-4c0a-9169-8acfb8baaa19,L1,Profile
916cbb50-7d22-4c0a-9169-8acfb8baaa19,L1,Profile
916cbb50-7d22-4c0a-9169-8acfb8baaa19,L1,Profile
916cbb50-7d22-4c0a-9169-8acfb8baaa19,L1,Profile
916cbb50-7d22-4c0a-9169-8acfb8baaa19,L1,Profile
916cbb50-7d22-4c0a-9169-8acfb8baaa19,L1,Profile
916cbb50-7d22-4c0a-9169-8acfb8baaa19,L1,Profile
916cbb50-7d22-4c0a-9169-8acfb8baaa19,L1,Profile
916cbb50-7d22-4c0a-9169-8acfb8baaa19,L1,Profile
916cbb50-7d22-4c0a-9169-8acfb8baaa19,L1,Profile
916cbb50-7d22-4c0a-9169-8acfb8baaa19,L1,Profile
916cbb50-7d22-4c0a-9169-8acfb8baaa19,L1,Profile
916cbb50-7d22-4c0a-9169-8acfb8baaa19,L1,Profile
916cbb50-7d22-4c0a-9169-8acfb8baaa19,L1,Profile
916cbb50-7d22-4c0a-9169-8acfb8baaa19,L1,Profile
916cbb50-7d22-4c0a-9169-8acfb8baaa19,L1,Profile
916cbb50-7d22-4c0a-9169-8acfb8baaa19,L1,Profile
916cbb50-7d22-4c0a-9169-8acfb8baaa19,L1,Profile
916cbb50-7d22-4c0a-9169-8acfb8baaa19,L1,Profile
916cbb50-7d22-4c0a-9169-8acfb8baaa19,L1,Profile
916cbb50-7d22-4c0a-9169-8acfb8baaa19,L1,Profile
916cbb50-7d22-4c0a-9169-8acfb8baaa19,L1,Profile
916cbb50-7d22-4c0a-9169-8acfb8baaa19,L1,Profile
916cbb50-7d22-4c0a-9169-8acfb8baaa19,L1,Profile
916cbb50-7d22-4c0a-9169-8acfb8baaa19,L1,Profile
916cbb50-7d22-4c0a-9169-8acfb8baaa19,L1,Profile
916cbb50-7d22-4c0a-9169-8acfb8baaa19,L1,Profile
916cbb50-7d22-4c0a-9169-8acfb8baaa19,L1,Profile
916cbb50-7d22-4c0a-9169-8acfb8baaa19,L1,Profile
916cbb50-7d22-4c0a-9169-8acfb8baaa19,L1,Profile
916cbb50-7d22-4c0a-9169-8acfb8baaa19,L1,Profile
916cbb50-7d22-4c0a-9169-8acfb8baaa19,L1,Profile
916cbb50-7d22-4c0a-9169-8acfb8baaa19,L1,Profile
916cbb50-7d22-4c0a-9169-8acfb8baaa19,L1,Profile
916cbb50-7d22-4c0a-9169-8acfb8baaa19,L1,Profile
916cbb50-7d22-4c0a-9169-8acfb8baaa19,L1,Profile
916cbb50-7d22-4c0a-9169-8acfb8baaa19,L1,Profile
916cbb50-7d22-4c0a-9169-8acfb8baaa19,L1,Profile
916cbb50-7d22-4c0a-9169-8acfb8baaa19,L1,Profile
916cbb50-7d22-4c0a-9169-8acfb8baaa19,L1,Profile
916cbb50-7d22-4c0a-9169-8acfb8baaa19,L1,Profile
916cbb50-7d22-4c0a-9169-8acfb8baaa19,L1,Profile
916cbb50-7d22-4c0a-9169-8acfb8baaa19,L1,Profile
916cbb50-7d22-4c0a-9169-8acfb8baaa19,L1,Profile
916cbb50-7d22-4c0a-9169-8acfb8baaa19,L1,Profile
916cbb50-7d22-4c0a-9169-8acfb8baaa19,L1,Profile
916cbb50-7d22-4c0a-9169-8acfb8baaa19,L1,Profile
916cbb50-7d22-4c0a-9169-8acfb8baaa19,L1,Profile
916cbb50-7d22-4c0a-9169-8acfb8baaa19,L1,Profile
916cbb50-7d22-4c0a-9169-8acfb8baaa19,L1,Profile
916cbb50-7d22-4c0a-9169-8acfb8baaa19,L1,Profile
916cbb50-7d22-4c0a-9169-8acfb8baaa19,L1,Profile
916cbb50-7d22-4c0a-9169-8acfb8baaa19,L1,Profile
916cbb50-7d22-4c0a-9169-8acfb8baaa19,L1,Profile
916cbb50-7d22-4c0a-9169-8acfb8baaa19,L1,Profile
916cbb50-7d22-4c0a-9169-8acfb8baaa19,L1,Profile
916cbb50-7d22-4c0a-9169-8acfb8baaa19,L1,Profile
916cbb50-7d22-4c0a-9169-8acfb8baaa19,L1,Profile
916cbb50-7d22-4c0a-9169-8acfb8baaa19,L1,Profile
916cbb50-7d22-4c0a-9169-8acfb8baaa19,L1,Profile
916cbb50-7d22-4c0a-9169-8acfb8baaa19,L1,Profile
916cbb50-7d22-4c0a-9169-8acfb8baaa19,L1,Profile
916cbb50-7d22-4c0a-9169-8acfb8baaa19,L1,Profile
916cbb50-7d22-4c0a-9169-8acfb8baaa19,L1,Profile
916cbb50-7d22-4c0a-9169-8acfb8baaa19,L1,Profile
916cbb50-7d22-4c0a-9169-8acfb8baaa19,L1,Profile
916cbb50-7d22-4c0a-9169-8acfb8baaa19,L1,Profile
916cbb50-7d22-4c0a-9169-8acfb8baaa19,L1,Profile
916cbb50-7d22-4c0a-9169-8acfb8baaa19,L1,Profile
916cbb50-7d22-4c0a-9169-8acfb8baaa19,L1,Profile
916cbb50-7d22-4c0a-9169-8acfb8baaa19,L1,Profile
916cbb50-7d22-4c0a-9169-8acfb8baaa19,L1,Profile
916cbb50-7d22-4c0a-9169-8acfb8baaa19,L1,Profile
916cbb50-7d22-4c0a-9169-8acfb8baaa19,L1,Profile
916cbb50-7d22-4c0a-9169-8acfb8baaa19,L1,Profile
916cbb50-7d22-4c0a-9169-8acfb8baaa19,L1,Profile
916cbb50-7d22-4c0a-9169-8acfb8baaa19,L1,Profile
916cbb50-7d22-4c0a-9169-8acfb8baaa19,L1,Profile
916cbb50-7d22-4c0a-9169-8acfb8baaa19,L1,Profile
916cbb50-7d22-4c0a-9169-8acfb8baaa19,L1,Profile
916cbb50-7d22-4c0a-9169-8acfb8baaa19,L1,Profile
916cbb50-7d22-4c0a-9169-8acfb8baaa19,L1,Profile
916cbb50-7d22-4c0a-9169-8acfb8baaa19,L1,Profile
916cbb50-7d22-4c0a-9169-8acfb8baaa19,L1,Profile
916cbb50-7d22-4c0a-9169-8acfb8baaa19,L1,Profile
916cbb50-7d22-4c0a-9169-8acfb8baaa19,L1,Profile
916cbb50-7d22-4c0a-9169-8acfb8baaa19,L1,Profile
916cbb50-7d22-4c0a-9169-8acfb8baaa19,L1,Profile
916cbb50-7d22-4c0a-9169-8acfb8baaa19,L1,Profile
916cbb50-7d22-4c0a-9169-8acfb8baaa19,L1,Profile
916cbb50-7d22-4c0a-9169-8acfb8baaa19,L1,Profile
916cbb50-7d22-4c0a-9169-8acfb8baaa19,L1,Profile
916cbb50-7d22-4c0a-9169-8acfb8baaa19,L1,Profile
916cbb50-7d22-4c0a-9169-8acfb8baaa19,L1,Profile
916cbb50-7d22-4c0a-9169-8acfb8baaa19,L1,Profile
916cbb50-7d22-4c0a-9169-8acfb8baaa19,L1,Profile
916cbb50-7d22-4c0a-9169-8acfb8baaa19,L1,Profile
916cbb50-7d22-4c0a-9169-8acfb8baaa19,L1,Profile
916cbb50-7d22-4c0a-9169-8acfb8baaa19,L1,Profile
916cbb50-7d22-4c0a-9169-8acfb8baaa19,L1,Profile
916cbb50-7d22-4c0a-9169-8acfb8baaa19,L1,Profile
916cbb50-7d22-4c0a-9169-8acfb8baaa19,L1,Profile
916cbb50-7d22-4c0a-9169-8acfb8baaa19,L1,Profile
916cbb50-7d22-4c0a-9169-8acfb8baaa19,L1,Profile
916cbb50-7d22-4c0a-9169-8acfb8baaa19,L1,Profile
916cbb50-7d22-4c0a-9169-8acfb8baaa19,L1,Profile
916cbb50-7d22-4c0a-9169-8acfb8baaa19,L1,Profile
916cbb50-7d22-4c0a-9169-8acfb8baaa19,L1,Profile
916cbb50-7d22-4c0a-9169-8acfb8baaa19,L1,Profile
916cbb50-7d22-4c0a-9169-8acfb8baaa19,L1,Profile
916cbb50-7d22-4c0a-9169-8acfb8baaa19,L1,Profile
916cbb50-7d22-4c0a-9169-8acfb8baaa19,L1,Profile
916cbb50-7d22-4c0a-9169-8acfb8baaa19,L1,Profile
916cbb50-7d22-4c0a-9169-8acfb8baaa19,L1,Profile
916cbb50-7d22-4c0a-9169-8acfb8baaa19,L1,Profile
916cbb50-7d22-4c0a-9169-8acfb8baaa19,L1,Profile
916cbb50-7d22-4c0a-9169-8acfb8baaa19,L1,Profile
916cbb50-7d22-4c0a-9169-8acfb8baaa19,L1,Profile
916cbb50-7d22-4c0a-9169-8acfb8baaa19,L1,Profile
916cbb50-7d22-4c0a-9169-8acfb8baaa19,L1,Profile
916cbb50-7d22-4c0a-9169-8acfb8baaa19,L1,Profile
916cbb50-7d22-4c0a-9169-8acfb8baaa19,L1,Profile
916cbb50-7d22-4c0a-9169-8acfb8baaa19,L1,Profile
916cbb50-7d22-4c0a-9169-8acfb8baaa19,L1,Profile
916cbb50-7d22-4c0a-9169-8acfb8baaa19,L1,Profile
916cbb50-7d22-4c0a-9169-8acfb8baaa19,L1,Profile
916cbb50-7d22-4c0a-9169-8acfb8baaa19,L1,Profile
916cbb50-7d22-4c0a-9169-8acfb8baaa19,L1,Profile
916cbb50-7d22-4c0a-9169-8acfb8baaa19,L1,Profile
916cbb50-7d22-4c0a-9169-8acfb8baaa19,L1,Profile
916cbb50-7d22-4c0a-9169-8acfb8baaa19,L1,Profile
916cbb50-7d22-4c0a-9169-8acfb8baaa19,L1,Profile
916cbb50-7d22-4c0a-9169-8acfb8baaa19,L1,Profile
916cbb50-7d22-4c0a-9169-8acfb8baaa19,L1,Profile
916cbb50-7d22-4c0a-9169-8acfb8baaa19,L1,Profile
916cbb50-7d22-4c0a-9169-8acfb8baaa19,L1,Profile
916cbb50-7d22-4c0a-9169-8acfb8baaa19,L1,Profile
916cbb50-7d22-4c0a-9169-8acfb8baaa19,L1,Profile
916cbb50-7d22-4c0a-9169-8acfb8baaa19,L1,Profile
916cbb50-7d22-4c0a-9169-8acfb8baaa19,L1,Profile
916cbb50-7d22-4c0a-9169-8acfb8baaa19,L1,Profile
916cbb50-7d22-4c0a-9169-8acfb8baaa19,L1,Profile
916cbb50-7d22-4c0a-9169-8acfb8baaa19,L1,Profile
916cbb50-7d22-4c0a-9169-8acfb8baaa19,L1,Profile
916cbb50-7d22-4c0a-9169-8acfb8baaa19,L1,Profile
916cbb50-7d22-4c0a-9169-8acfb8baaa19,L1,Profile
916cbb50-7d22-4c0a-9169-8acfb8baaa19,L1,Profile
916cbb50-7d22-4c0a-9169-8acfb8baaa19,L1,Profile
916cbb50-7d22-4c0a-9169-8acfb8baaa19,L1,Profile
916cbb50-7d22-4c0a-9169-8acfb8baaa19,L1,Profile
916cbb50-7d22-4c0a-9169-8acfb8baaa19,L1,Profile
916cbb50-7d22-4c0a-9169-8acfb8baaa19,L1,Profile
916cbb50-7d22-4c0a-9169-8acfb8baaa19,L1,Profile
916cbb50-7d22-4c0a-9169-8acfb8baaa19,L1,Profile
916cbb50-7d22-4c0a-9169-8acfb8baaa19,L1,Profile
916cbb50-7d22-4c0a-9169-8acfb8baaa19,L1,Profile
916cbb50-7d22-4c0a-9169-8acfb8baaa19,L1,Profile
916cbb50-7d22-4c0a-9169-8acfb8baaa19,L1,Profile
916cbb50-7d22-4c0a-9169-8acfb8baaa19,L1,Profile
916cbb50-7d22-4c0a-9169-8acfb8baaa19,L1,Profile
916cbb50-7d22-4c0a-9169-8acfb8baaa19,L1,Profile
916cbb50-7d22-4c0a-9169-8acfb8baaa19,L1,Profile
916cbb50-7d22-4c0a-9169-8acfb8baaa19,L1,Profile
916cbb50-7d22-4c0a-9169-8acfb8baaa19,L1,Profile
916cbb50-7d22-4c0a-9169-8acfb8baaa19,L1,Profile
916cbb50-7d22-4c0a-9169-8acfb8baaa19,L1,Profile
916cbb50-7d22-4c0a-9169-8acfb8baaa19,L1,Profile
916cbb50-7d22-4c0a-9169-8acfb8baaa19,L1,Profile
916cbb50-7d22-4c0a-9169-8acfb8baaa19,L1,Profile
916cbb50-7d22-4c0a-9169-8acfb8baaa19,L1,Profile
916cbb50-7d22-4c0a-9169-8acfb8baaa19,L1,Profile
916cbb50-7d22-4c0a-9169-8acfb8baaa19,L1,Profile
916cbb50-7d22-4c0a-9169-8acfb8baaa19,L1,Profile
916cbb50-7d22-4c0a-9169-8acfb8baaa19,L1,Profile
916cbb50-7d22-4c0a-9169-8acfb8baaa19,L1,Profile
916cbb50-7d22-4c0a-9169-8acfb8baaa19,L1,Profile
916cbb50-7d22-4c0a-9169-8acfb8baaa19,L1,Profile
916cbb50-7d22-4c0a-9169-8acfb8baaa19,L1,Profile
916cbb50-7d22-4c0a-9169-8acfb8baaa19,L1,Profile
916cbb50-7d22-4c0a-9169-8acfb8baaa19,L1,Profile
916cbb50-7d22-4c0a-9169-8acfb8baaa19,L1,Profile
916cbb50-7d22-4c0a-9169-8acfb8baaa19,L1,Profile
916cbb50-7d22-4c0a-9169-8acfb8baaa19,L1,Profile
916cbb50-7d22-4c0a-9169-8acfb8baaa19,L1,Profile
916cbb50-7d22-4c0a-9169-8acfb8baaa19,L1,Profile
916cbb50-7d22-4c0a-9169-8acfb8baaa19,L1,Profile
916cbb50-7d22-4c0a-9169-8acfb8baaa19,L1,Profile
916cbb50-7d22-4c0a-9169-8acfb8baaa19,L1,Profile
916cbb50-7d22-4c0a-9169-8acfb8baaa19,L1,Profile
916cbb50-7d22-4c0a-9169-8acfb8baaa19,L1,Profile
916cbb50-7d22-4c0a-9169-8acfb8baaa19,L1,Profile
916cbb50-7d22-4c0a-9169-8acfb8baaa19,L1,Profile
916cbb50-7d22-4c0a-9169-8acfb8baaa19,L1,Profile
916cbb50-7d22-4c0a-9169-8acfb8baaa19,L1,Profile
916cbb50-7d22-4c0a-9169-8acfb8baaa19,L1,Profile
916cbb50-7d22-4c0a-9169-8acfb8baaa19,L1,Profile
916cbb50-7d22-4c0a-9169-8acfb8baaa19,L1,Profile
916cbb50-7d22-4c0a-9169-8acfb8baaa19,L1,Profile
916cbb50-7d22-4c0a-9169-8acfb8baaa19,L1,Profile
916cbb50-7d22-4c0a-9169-8acfb8baaa19,L1,Profile
916cbb50-7d22-4c0a-9169-8acfb8baaa19,L1,Profile
916cbb50-7d22-4c0a-9169-8acfb8baaa19,L1,Profile
916cbb50-7d22-4c0a-9169-8acfb8baaa19,L1,Profile
916cbb50-7d22-4c0a-9169-8acfb8baaa19,L1,Profile
916cbb50-7d22-4c0a-9169-8acfb8baaa19,L1,Profile
916cbb50-7d22-4c0a-9169-8acfb8baaa19,L1,Profile
916cbb50-7d22-4c0a-9169-8acfb8baaa19,L1,Profile
916cbb50-7d22-4c0a-9169-8acfb8baaa19,L1,Profile
916cbb50-7d22-4c0a-9169-8acfb8baaa19,L1,Profile
916cbb50-7d22-4c0a-9169-8acfb8baaa19,L1,Profile
916cbb50-7d22-4c0a-9169-8acfb8baaa19,L1,Profile
916cbb50-7d22-4c0a-9169-8acfb8baaa19,L1,Profile
916cbb50-7d22-4c0a-9169-8acfb8baaa19,L1,Profile
916cbb50-7d22-4c0a-9169-8acfb8baaa19,L1,Profile
916cbb50-7d22-4c0a-9169-8acfb8baaa19,L1,Profile
916cbb50-7d22-4c0a-9169-8acfb8baaa19,L1,Profile
916cbb50-7d22-4c0a-9169-8acfb8baaa19,L1,Profile
916cbb50-7d22-4c0a-9169-8acfb8baaa19,L1,Profile
916cbb50-7d22-4c0a-9169-8acfb8baaa19,L1,Profile
916cbb50-7d22-4c0a-9169-8acfb8baaa19,L1,Profile
916cbb50-7d22-4c0a-9169-8acfb8baaa19,L1,Profile
916cbb50-7d22-4c0a-9169-8acfb8baaa19,L1,Profile
916cbb50-7d22-4c0a-9169-8acfb8baaa19,L1,Profile
916cbb50-7d22-4c0a-9169-8acfb8baaa19,L1,Profile
916cbb50-7d22-4c0a-9169-8acfb8baaa19,L1,Profile
916cbb50-7d22-4c0a-9169-8acfb8baaa19,L1,Profile
916cbb50-7d22-4c0a-9169-8acfb8baaa19,L1,Profile
916cbb50-7d22-4c0a-9169-8acfb8baaa19,L1,Profile
916cbb50-7d22-4c0a-9169-8acfb8baaa19,L1,Profile
916cbb50-7d22-4c0a-9169-8acfb8baaa19,L1,Profile
916cbb50-7d22-4c0a-9169-8acfb8baaa19,L1,Profile
916cbb50-7d22-4c0a-9169-8acfb8baaa19,L1,Profile
916cbb50-7d22-4c0a-9169-8acfb8baaa19,L1,Profile
916cbb50-7d22-4c0a-9169-8acfb8baaa19,L1,Profile
916cbb50-7d22-4c0a-9169-8acfb8baaa19,L1,Profile
916cbb50-7d22-4c0a-9169-8acfb8baaa19,L1,Profile
916cbb50-7d22-4c0a-9169-8acfb8baaa19,L1,Profile
916cbb50-7d22-4c0a-9169-8acfb8baaa19,L1,Profile
916cbb50-7d22-4c0a-9169-8acfb8baaa19,L1,Profile
916cbb50-7d22-4c0a-9169-8acfb8baaa19,L1,Profile
916cbb50-7d22-4c0a-9169-8acfb8baaa19,L1,Profile
916cbb50-7d22-4c0a-9169-8acfb8baaa19,L1,Profile
916cbb50-7d22-4c0a-9169-8acfb8baaa19,L1,Profile
916cbb50-7d22-4c0a-9169-8acfb8baaa19,L1,Profile
916cbb50-7d22-4c0a-9169-8acfb8baaa19,L1,Profile
916cbb50-7d22-4c0a-9169-8acfb8baaa19,L1,Profile
916cbb50-7d22-4c0a-9169-8acfb8baaa19,L1,Profile
916cbb50-7d22-4c0a-9169-8acfb8baaa19,L1,Profile
916cbb50-7d22-4c0a-9169-8acfb8baaa19,L1,Profile
916cbb50-7d22-4c0a-9169-8acfb8baaa19,L1,Profile
916cbb50-7d22-4c0a-9169-8acfb8baaa19,L1,Profile
916cbb50-7d22-4c0a-9169-8acfb8baaa19,L1,Profile
916cbb50-7d22-4c0a-9169-8acfb8baaa19,L1,Profile
916cbb50-7d22-4c0a-9169-8acfb8baaa19,L1,Profile
916cbb50-7d22-4c0a-9169-8acfb8baaa19,L1,Profile
916cbb50-7d22-4c0a-9169-8acfb8baaa19,L1,Profile
916cbb50-7d22-4c0a-9169-8acfb8baaa19,L1,Profile
916cbb50-7d22-4c0a-9169-8acfb8baaa19,L1,Profile
916cbb50-7d22-4c0a-9169-8acfb8baaa19,L1,Profile
916cbb50-7d22-4c0a-9169-8acfb8baaa19,L1,Profile
916cbb50-7d22-4c0a-9169-8acfb8baaa19,L1,Profile
916cbb50-7d22-4c0a-9169-8acfb8baaa19,L1,Profile
916cbb50-7d22-4c0a-9169-8acfb8baaa19,L1,Profile
916cbb50-7d22-4c0a-9169-8acfb8baaa19,L1,Profile
916cbb50-7d22-4c0a-9169-8acfb8baaa19,L1,Profile
916cbb50-7d22-4c0a-9169-8acfb8baaa19,L1,Profile
916cbb50-7d22-4c0a-9169-8acfb8baaa19,L1,Profile
916cbb50-7d22-4c0a-9169-8acfb8baaa19,L1,Profile
916cbb50-7d22-4c0a-9169-8acfb8baaa19,L1,Profile
916cbb50-7d22-4c0a-9169-8acfb8baaa19,L1,Profile
916cbb50-7d22-4c0a-9169-8acfb8baaa19,L1,Profile
916cbb50-7d22-4c0a-9169-8acfb8baaa19,L1,Profile
916cbb50-7d22-4c0a-9169-8acfb8baaa19,L1,Profile
916cbb50-7d22-4c0a-9169-8acfb8baaa19,L1,Profile
916cbb50-7d22-4c0a-9169-8acfb8baaa19,L1,Profile
916cbb50-7d22-4c0a-9169-8acfb8baaa19,L1,Profile
916cbb50-7d22-4c0a-9169-8acfb8baaa19,L1,Profile
916cbb50-7d22-4c0a-9169-8acfb8baaa19,L1,Profile
916cbb50-7d22-4c0a-9169-8acfb8baaa19,L1,Profile
916cbb50-7d22-4c0a-9169-8acfb8baaa19,L1,Profile
916cbb50-7d22-4c0a-9169-8acfb8baaa19,L1,Profile
916cbb50-7d22-4c0a-9169-8acfb8baaa19,L1,Profile
916cbb50-7d22-4c0a-9169-8acfb8baaa19,L1,Profile
916cbb50-7d22-4c0a-9169-8acfb8baaa19,L1,Profile
916cbb50-7d22-4c0a-9169-8acfb8baaa19,L1,Profile
916cbb50-7d22-4c0a-9169-8acfb8baaa19,L1,Profile
916cbb50-7d22-4c0a-9169-8acfb8baaa19,L1,Profile
916cbb50-7d22-4c0a-9169-8acfb8baaa19,L1,Profile
916cbb50-7d22-4c0a-9169-8acfb8baaa19,L1,Profile
916cbb50-7d22-4c0a-9169-8acfb8baaa19,L1,Profile
916cbb50-7d22-4c0a-9169-8acfb8baaa19,L1,Profile
916cbb50-7d22-4c0a-9169-8acfb8baaa19,L1,Profile
916cbb50-7d22-4c0a-9169-8acfb8baaa19,L1,Profile
916cbb50-7d22-4c0a-9169-8acfb8baaa19,L1,Profile
916cbb50-7d22-4c0a-9169-8acfb8baaa19,L1,Profile
916cbb50-7d22-4c0a-9169-8acfb8baaa19,L1,Profile
916cbb50-7d22-4c0a-9169-8acfb8baaa19,L1,Profile
916cbb50-7d22-4c0a-9169-8acfb8baaa19,L1,Profile
916cbb50-7d22-4c0a-9169-8acfb8baaa19,L1,Profile
916cbb50-7d22-4c0a-9169-8acfb8baaa19,L1,Profile
916cbb50-7d22-4c0a-9169-8acfb8baaa19,L1,Profile
916cbb50-7d22-4c0a-9169-8acfb8baaa19,L1,Profile
916cbb50-7d22-4c0a-9169-8acfb8baaa19,L1,Profile
916cbb50-7d22-4c0a-9169-8acfb8baaa19,L1,Profile
916cbb50-7d22-4c0a-9169-8acfb8baaa19,L1,Profile
916cbb50-7d22-4c0a-9169-8acfb8baaa19,L1,Profile
916cbb50-7d22-4c0a-9169-8acfb8baaa19,L1,Profile
916cbb50-7d22-4c0a-9169-8acfb8baaa19,L1,Profile
916cbb50-7d22-4c0a-9169-8acfb8baaa19,L1,Profile
916cbb50-7d22-4c0a-9169-8acfb8baaa19,L1,Profile
916cbb50-7d22-4c0a-9169-8acfb8baaa19,L1,Profile
916cbb50-7d22-4c0a-9169-8acfb8baaa19,L1,Profile
916cbb50-7d22-4c0a-9169-8acfb8baaa19,L1,Profile
916cbb50-7d22-4c0a-9169-8acfb8baaa19,L1,Profile
916cbb50-7d22-4c0a-9169-8acfb8baaa19,L1,Profile
916cbb50-7d22-4c0a-9169-8acfb8baaa19,L1,Profile
916cbb50-7d22-4c0a-9169-8acfb8baaa19,L1,Profile
916cbb50-7d22-4c0a-9169-8acfb8baaa19,L1,Profile
916cbb50-7d22-4c0a-9169-8acfb8baaa19,L1,Profile
916cbb50-7d22-4c0a-9169-8acfb8baaa19,L1,Profile
916cbb50-7d22-4c0a-9169-8acfb8baaa19,L1,Profile
916cbb50-7d22-4c0a-9169-8acfb8baaa19,L1,Profile
916cbb50-7d22-4c0a-9169-8acfb8baaa19,L1,Profile
916cbb50-7d22-4c0a-9169-8acfb8baaa19,L1,Profile
916cbb50-7d22-4c0a-9169-8acfb8baaa19,L1,Profile
916cbb50-7d22-4c0a-9169-8acfb8baaa19,L1,Profile
916cbb50-7d22-4c0a-9169-8acfb8baaa19,L1,Profile
916cbb50-7d22-4c0a-9169-8acfb8baaa19,L1,Profile
916cbb50-7d22-4c0a-9169-8acfb8baaa19,L1,Profile
916cbb50-7d22-4c0a-9169-8acfb8baaa19,L1,Profile
916cbb50-7d22-4c0a-9169-8acfb8baaa19,L1,Profile
916cbb50-7d22-4c0a-9169-8acfb8baaa19,L1,Profile
916cbb50-7d22-4c0a-9169-8acfb8baaa19,L1,Profile
916cbb50-7d22-4c0a-9169-8acfb8baaa19,L1,Profile
916cbb50-7d22-4c0a-9169-8acfb8baaa19,L1,Profile
916cbb50-7d22-4c0a-9169-8acfb8baaa19,L1,Profile
916cbb50-7d22-4c0a-9169-8acfb8baaa19,L1,Profile
916cbb50-7d22-4c0a-9169-8acfb8baaa19,L1,Profile
916cbb50-7d22-4c0a-9169-8acfb8baaa19,L1,Profile
916cbb50-7d22-4c0a-9169-8acfb8baaa19,L1,Profile
916cbb50-7d22-4c0a-9169-8acfb8baaa19,L1,Profile
916cbb50-7d22-4c0a-9169-8acfb8baaa19,L1,Profile
916cbb50-7d22-4c0a-9169-8acfb8baaa19,L1,Profile
916cbb50-7d22-4c0a-9169-8acfb8baaa19,L1,Profile
916cbb50-7d22-4c0a-9169-8acfb8baaa19,L1,Profile
916cbb50-7d22-4c0a-9169-8acfb8baaa19,L1,Profile
916cbb50-7d22-4c0a-9169-8acfb8baaa19,L1,Profile
916cbb50-7d22-4c0a-9169-8acfb8baaa19,L1,Profile
916cbb50-7d22-4c0a-9169-8acfb8baaa19,L1,Profile
916cbb50-7d22-4c0a-9169-8acfb8baaa19,L1,Profile
916cbb50-7d22-4c0a-9169-8acfb8baaa19,L1,Profile
916cbb50-7d22-4c0a-9169-8acfb8baaa19,L1,Profile
916cbb50-7d22-4c0a-9169-8acfb8baaa19,L1,Profile
916cbb50-7d22-4c0a-9169-8acfb8baaa19,L1,Profile
916cbb50-7d22-4c0a-9169-8acfb8baaa19,L1,Profile
916cbb50-7d22-4c0a-9169-8acfb8baaa19,L1,Profile
916cbb50-7d22-4c0a-9169-8acfb8baaa19,L1,Profile
916cbb50-7d22-4c0a-9169-8acfb8baaa19,L1,Profile
916cbb50-7d22-4c0a-9169-8acfb8baaa19,L1,Profile
916cbb50-7d22-4c0a-9169-8acfb8baaa19,L1,Profile
916cbb50-7d22-4c0a-9169-8acfb8baaa19,L1,Profile
916cbb50-7d22-4c0a-9169-8acfb8baaa19,L1,Profile
916cbb50-7d22-4c0a-9169-8acfb8baaa19,L1,Profile
916cbb50-7d22-4c0a-9169-8acfb8baaa19,L1,Profile
916cbb50-7d22-4c0a-9169-8acfb8baaa19,L1,Profile
916cbb50-7d22-4c0a-9169-8acfb8baaa19,L1,Profile
916cbb50-7d22-4c0a-9169-8acfb8baaa19,L1,Profile
916cbb50-7d22-4c0a-9169-8acfb8baaa19,L1,Profile
916cbb50-7d22-4c0a-9169-8acfb8baaa19,L1,Profile
916cbb50-7d22-4c0a-9169-8acfb8baaa19,L1,Profile
916cbb50-7d22-4c0a-9169-8acfb8baaa19,L1,Profile
916cbb50-7d22-4c0a-9169-8acfb8baaa19,L1,Profile
916cbb50-7d22-4c0a-9169-8acfb8baaa19,L1,Profile
916cbb50-7d22-4c0a-9169-8acfb8baaa19,L1,Profile
916cbb50-7d22-4c0a-9169-8acfb8baaa19,L1,Profile
916cbb50-7d22-4c0a-9169-8acfb8baaa19,L1,Profile
916cbb50-7d22-4c0a-9169-8acfb8baaa19,L1,Profile
916cbb50-7d22-4c0a-9169-8acfb8baaa19,L1,Profile
916cbb50-7d22-4c0a-9169-8acfb8baaa19,L1,Profile
916cbb50-7d22-4c0a-9169-8acfb8baaa19,L1,Profile
916cbb50-7d22-4c0a-9169-8acfb8baaa19,L1,Profile
916cbb50-7d22-4c0a-9169-8acfb8baaa19,L1,Profile
916cbb50-7d22-4c0a-9169-8acfb8baaa19,L1,Profile
916cbb50-7d22-4c0a-9169-8acfb8baaa19,L1,Profile
916cbb50-7d22-4c0a-9169-8acfb8baaa19,L1,Profile
916cbb50-7d22-4c0a-9169-8acfb8baaa19,L1,Profile
916cbb50-7d22-4c0a-9169-8acfb8baaa19,L1,Profile
916cbb50-7d22-4c0a-9169-8acfb8baaa19,L1,Profile
916cbb50-7d22-4c0a-9169-8acfb8baaa19,L1,Profile
916cbb50-7d22-4c0a-9169-8acfb8baaa19,L1,Profile
916cbb50-7d22-4c0a-9169-8acfb8baaa19,L1,Profile
916cbb50-7d22-4c0a-9169-8acfb8baaa19,L1,Profile
916cbb50-7d22-4c0a-9169-8acfb8baaa19,L1,Profile
916cbb50-7d22-4c0a-9169-8acfb8baaa19,L1,Profile
916cbb50-7d22-4c0a-9169-8acfb8baaa19,L1,Profile
916cbb50-7d22-4c0a-9169-8acfb8baaa19,L1,Profile
916cbb50-7d22-4c0a-9169-8acfb8baaa19,L1,Profile
916cbb50-7d22-4c0a-9169-8acfb8baaa19,L1,Profile
916cbb50-7d22-4c0a-9169-8acfb8baaa19,L1,Profile
916cbb50-7d22-4c0a-9169-8acfb8baaa19,L1,Profile
916cbb50-7d22-4c0a-9169-8acfb8baaa19,L1,Profile
916cbb50-7d22-4c0a-9169-8acfb8baaa19,L1,Profile
916cbb50-7d22-4c0a-9169-8acfb8baaa19,L1,Profile
916cbb50-7d22-4c0a-9169-8acfb8baaa19,L1,Profile
916cbb50-7d22-4c0a-9169-8acfb8baaa19,L1,Profile
916cbb50-7d22-4c0a-9169-8acfb8baaa19,L1,Profile
916cbb50-7d22-4c0a-9169-8acfb8baaa19,L1,Profile
916cbb50-7d22-4c0a-9169-8acfb8baaa19,L1,Profile
916cbb50-7d22-4c0a-9169-8acfb8baaa19,L1,Profile
916cbb50-7d22-4c0a-9169-8acfb8baaa19,L1,Profile
916cbb50-7d22-4c0a-9169-8acfb8baaa19,L1,Profile
916cbb50-7d22-4c0a-9169-8acfb8baaa19,L1,Profile
916cbb50-7d22-4c0a-9169-8acfb8baaa19,L1,Profile
916cbb50-7d22-4c0a-9169-8acfb8baaa19,L1,Profile
916cbb50-7d22-4c0a-9169-8acfb8baaa19,L1,Profile
916cbb50-7d22-4c0a-9169-8acfb8baaa19,L1,Profile
916cbb50-7d22-4c0a-9169-8acfb8baaa19,L1,Profile
916cbb50-7d22-4c0a-9169-8acfb8baaa19,L1,Profile
916cbb50-7d22-4c0a-9169-8acfb8baaa19,L1,Profile
916cbb50-7d22-4c0a-9169-8acfb8baaa19,L1,Profile
916cbb50-7d22-4c0a-9169-8acfb8baaa19,L1,Profile
916cbb50-7d22-4c0a-9169-8acfb8baaa19,L1,Profile
916cbb50-7d22-4c0a-9169-8acfb8baaa19,L1,Profile
916cbb50-7d22-4c0a-9169-8acfb8baaa19,L1,Profile
916cbb50-7d22-4c0a-9169-8acfb8baaa19,L1,Profile
916cbb50-7d22-4c0a-9169-8acfb8baaa19,L1,Profile
916cbb50-7d22-4c0a-9169-8acfb8baaa19,L1,Profile
916cbb50-7d22-4c0a-9169-8acfb8baaa19,L1,Profile
916cbb50-7d22-4c0a-9169-8acfb8baaa19,L1,Profile
916cbb50-7d22-4c0a-9169-8acfb8baaa19,L1,Profile
916cbb50-7d22-4c0a-9169-8acfb8baaa19,L1,Profile
916cbb50-7d22-4c0a-9169-8acfb8baaa19,L1,Profile
916cbb50-7d22-4c0a-9169-8acfb8baaa19,L1,Profile
916cbb50-7d22-4c0a-9169-8acfb8baaa19,L1,Profile
916cbb50-7d22-4c0a-9169-8acfb8baaa19,L1,Profile
916cbb50-7d22-4c0a-9169-8acfb8baaa19,L1,Profile
916cbb50-7d22-4c0a-9169-8acfb8baaa19,L1,Profile
916cbb50-7d22-4c0a-9169-8acfb8baaa19,L1,Profile
916cbb50-7d22-4c0a-9169-8acfb8baaa19,L1,Profile
916cbb50-7d22-4c0a-9169-8acfb8baaa19,L1,Profile
916cbb50-7d22-4c0a-9169-8acfb8baaa19,L1,Profile
916cbb50-7d22-4c0a-9169-8acfb8baaa19,L1,Profile
916cbb50-7d22-4c0a-9169-8acfb8baaa19,L1,Profile
916cbb50-7d22-4c0a-9169-8acfb8baaa19,L1,Profile
916cbb50-7d22-4c0a-9169-8acfb8baaa19,L1,Profile
916cbb50-7d22-4c0a-9169-8acfb8baaa19,L1,Profile
916cbb50-7d22-4c0a-9169-8acfb8baaa19,L1,Profile
916cbb50-7d22-4c0a-9169-8acfb8baaa19,L1,Profile
916cbb50-7d22-4c0a-9169-8acfb8baaa19,L1,Profile
916cbb50-7d22-4c0a-9169-8acfb8baaa19,L1,Profile
916cbb50-7d22-4c0a-9169-8acfb8baaa19,L1,Profile
916cbb50-7d22-4c0a-9169-8acfb8baaa19,L1,Profile
916cbb50-7d22-4c0a-9169-8acfb8baaa19,L1,Profile
916cbb50-7d22-4c0a-9169-8acfb8baaa19,L1,Profile
916cbb50-7d22-4c0a-9169-8acfb8baaa19,L1,Profile
916cbb50-7d22-4c0a-9169-8acfb8baaa19,L1,Profile
916cbb50-7d22-4c0a-9169-8acfb8baaa19,L1,Profile
916cbb50-7d22-4c0a-9169-8acfb8baaa19,L1,Profile
916cbb50-7d22-4c0a-9169-8acfb8baaa19,L1,Profile
916cbb50-7d22-4c0a-9169-8acfb8baaa19,L1,Profile
916cbb50-7d22-4c0a-9169-8acfb8baaa19,L1,Profile
916cbb50-7d22-4c0a-9169-8acfb8baaa19,L1,Profile
916cbb50-7d22-4c0a-9169-8acfb8baaa19,L1,Profile
916cbb50-7d22-4c0a-9169-8acfb8baaa19,L1,Profile
916cbb50-7d22-4c0a-9169-8acfb8baaa19,L1,Profile
916cbb50-7d22-4c0a-9169-8acfb8baaa19,L1,Profile
916cbb50-7d22-4c0a-9169-8acfb8baaa19,L1,Profile
916cbb50-7d22-4c0a-9169-8acfb8baaa19,L1,Profile
916cbb50-7d22-4c0a-9169-8acfb8baaa19,L1,Profile
916cbb50-7d22-4c0a-9169-8acfb8baaa19,L1,Profile
916cbb50-7d22-4c0a-9169-8acfb8baaa19,L1,Profile
916cbb50-7d22-4c0a-9169-8acfb8baaa19,L1,Profile
916cbb50-7d22-4c0a-9169-8acfb8baaa19,L1,Profile
916cbb50-7d22-4c0a-9169-8acfb8baaa19,L1,Profile
916cbb50-7d22-4c0a-9169-8acfb8baaa19,L1,Profile
916cbb50-7d22-4c0a-9169-8acfb8baaa19,L1,Profile
916cbb50-7d22-4c0a-9169-8acfb8baaa19,L1,Profile
916cbb50-7d22-4c0a-9169-8acfb8baaa19,L1,Profile
916cbb50-7d22-4c0a-9169-8acfb8baaa19,L1,Profile
916cbb50-7d22-4c0a-9169-8acfb8baaa19,L1,Profile
916cbb50-7d22-4c0a-9169-8acfb8baaa19,L1,Profile
916cbb50-7d22-4c0a-9169-8acfb8baaa19,L1,Profile
916cbb50-7d22-4c0a-9169-8acfb8baaa19,L1,Profile
916cbb50-7d22-4c0a-9169-8acfb8baaa19,L1,Profile
916cbb50-7d22-4c0a-9169-8acfb8baaa19,L1,Profile
916cbb50-7d22-4c0a-9169-8acfb8baaa19,L1,Profile
916cbb50-7d22-4c0a-9169-8acfb8baaa19,L1,Profile
916cbb50-7d22-4c0a-9169-8acfb8baaa19,L1,Profile
916cbb50-7d22-4c0a-9169-8acfb8baaa19,L1,Profile
916cbb50-7d22-4c0a-9169-8acfb8baaa19,L1,Profile
916cbb50-7d22-4c0a-9169-8acfb8baaa19,L1,Profile
916cbb50-7d22-4c0a-9169-8acfb8baaa19,L1,Profile
916cbb50-7d22-4c0a-9169-8acfb8baaa19,L1,Profile
916cbb50-7d22-4c0a-9169-8acfb8baaa19,L1,Profile
916cbb50-7d22-4c0a-9169-8acfb8baaa19,L1,Profile
916cbb50-7d22-4c0a-9169-8acfb8baaa19,L1,Profile
916cbb50-7d22-4c0a-9169-8acfb8baaa19,L1,Profile
916cbb50-7d22-4c0a-9169-8acfb8baaa19,L1,Profile
916cbb50-7d22-4c0a-9169-8acfb8baaa19,L1,Profile
916cbb50-7d22-4c0a-9169-8acfb8baaa19,L1,Profile
916cbb50-7d22-4c0a-9169-8acfb8baaa19,L1,Profile
916cbb50-7d22-4c0a-9169-8acfb8baaa19,L1,Profile
916cbb50-7d22-4c0a-9169-8acfb8baaa19,L1,Profile
916cbb50-7d22-4c0a-9169-8acfb8baaa19,L1,Profile
916cbb50-7d22-4c0a-9169-8acfb8baaa19,L1,Profile
916cbb50-7d22-4c0a-9169-8acfb8baaa19,L1,Profile
916cbb50-7d22-4c0a-9169-8acfb8baaa19,L1,Profile
916cbb50-7d22-4c0a-9169-8acfb8baaa19,L1,Profile
916cbb50-7d22-4c0a-9169-8acfb8baaa19,L1,Profile
916cbb50-7d22-4c0a-9169-8acfb8baaa19,L1,Profile
916cbb50-7d22-4c0a-9169-8acfb8baaa19,L1,Profile
916cbb50-7d22-4c0a-9169-8acfb8baaa19,L1,Profile
916cbb50-7d22-4c0a-9169-8acfb8baaa19,L1,Profile
916cbb50-7d22-4c0a-9169-8acfb8baaa19,L1,Profile
916cbb50-7d22-4c0a-9169-8acfb8baaa19,L1,Profile
916cbb50-7d22-4c0a-9169-8acfb8baaa19,L1,Profile
916cbb50-7d22-4c0a-9169-8acfb8baaa19,L1,Profile
916cbb50-7d22-4c0a-9169-8acfb8baaa19,L1,Profile
916cbb50-7d22-4c0a-9169-8acfb8baaa19,L1,Profile
916cbb50-7d22-4c0a-9169-8acfb8baaa19,L1,Profile
916cbb50-7d22-4c0a-9169-8acfb8baaa19,L1,Profile
916cbb50-7d22-4c0a-9169-8acfb8baaa19,L1,Profile
916cbb50-7d22-4c0a-9169-8acfb8baaa19,L1,Profile
916cbb50-7d22-4c0a-9169-8acfb8baaa19,L1,Profile
916cbb50-7d22-4c0a-9169-8acfb8baaa19,L1,Profile
916cbb50-7d22-4c0a-9169-8acfb8baaa19,L1,Profile
916cbb50-7d22-4c0a-9169-8acfb8baaa19,L1,Profile
916cbb50-7d22-4c0a-9169-8acfb8baaa19,L1,Profile
916cbb50-7d22-4c0a-9169-8acfb8baaa19,L1,Profile
916cbb50-7d22-4c0a-9169-8acfb8baaa19,L1,Profile
916cbb50-7d22-4c0a-9169-8acfb8baaa19,L1,Profile
916cbb50-7d22-4c0a-9169-8acfb8baaa19,L1,Profile
916cbb50-7d22-4c0a-9169-8acfb8baaa19,L1,Profile
916cbb50-7d22-4c0a-9169-8acfb8baaa19,L1,Profile
916cbb50-7d22-4c0a-9169-8acfb8baaa19,L1,Profile
916cbb50-7d22-4c0a-9169-8acfb8baaa19,L1,Profile
916cbb50-7d22-4c0a-9169-8acfb8baaa19,L1,Profile
916cbb50-7d22-4c0a-9169-8acfb8baaa19,L1,Profile
916cbb50-7d22-4c0a-9169-8acfb8baaa19,L1,Profile
916cbb50-7d22-4c0a-9169-8acfb8baaa19,L1,Profile
916cbb50-7d22-4c0a-9169-8acfb8baaa19,L1,Profile
916cbb50-7d22-4c0a-9169-8acfb8baaa19,L1,Profile
916cbb50-7d22-4c0a-9169-8acfb8baaa19,L1,Profile
916cbb50-7d22-4c0a-9169-8acfb8baaa19,L1,Profile
916cbb50-7d22-4c0a-9169-8acfb8baaa19,L1,Profile
916cbb50-7d22-4c0a-9169-8acfb8baaa19,L1,Profile
916cbb50-7d22-4c0a-9169-8acfb8baaa19,L1,Profile
916cbb50-7d22-4c0a-9169-8acfb8baaa19,L1,Profile
916cbb50-7d22-4c0a-9169-8acfb8baaa19,L1,Profile
916cbb50-7d22-4c0a-9169-8acfb8baaa19,L1,Profile
916cbb50-7d22-4c0a-9169-8acfb8baaa19,L1,Profile
916cbb50-7d22-4c0a-9169-8acfb8baaa19,L1,Profile
916cbb50-7d22-4c0a-9169-8acfb8baaa19,L1,Profile
916cbb50-7d22-4c0a-9169-8acfb8baaa19,L1,Profile
916cbb50-7d22-4c0a-9169-8acfb8baaa19,L1,Profile
916cbb50-7d22-4c0a-9169-8acfb8baaa19,L1,Profile
916cbb50-7d22-4c0a-9169-8acfb8baaa19,L1,Profile
916cbb50-7d22-4c0a-9169-8acfb8baaa19,L1,Profile
916cbb50-7d22-4c0a-9169-8acfb8baaa19,L1,Profile
916cbb50-7d22-4c0a-9169-8acfb8baaa19,L1,Profile
916cbb50-7d22-4c0a-9169-8acfb8baaa19,L1,Profile
916cbb50-7d22-4c0a-9169-8acfb8baaa19,L1,Profile
916cbb50-7d22-4c0a-9169-8acfb8baaa19,L1,Profile
916cbb50-7d22-4c0a-9169-8acfb8baaa19,L1,Profile
916cbb50-7d22-4c0a-9169-8acfb8baaa19,L1,Profile
916cbb50-7d22-4c0a-9169-8acfb8baaa19,L1,Profile
916cbb50-7d22-4c0a-9169-8acfb8baaa19,L1,Profile
916cbb50-7d22-4c0a-9169-8acfb8baaa19,L1,Profile
916cbb50-7d22-4c0a-9169-8acfb8baaa19,L1,Profile
916cbb50-7d22-4c0a-9169-8acfb8baaa19,L1,Profile
916cbb50-7d22-4c0a-9169-8acfb8baaa19,L1,Profile
916cbb50-7d22-4c0a-9169-8acfb8baaa19,L1,Profile
916cbb50-7d22-4c0a-9169-8acfb8baaa19,L1,Profile
916cbb50-7d22-4c0a-9169-8acfb8baaa19,L1,Profile
916cbb50-7d22-4c0a-9169-8acfb8baaa19,L1,Profile
916cbb50-7d22-4c0a-9169-8acfb8baaa19,L1,Profile
916cbb50-7d22-4c0a-9169-8acfb8baaa19,L1,Profile
916cbb50-7d22-4c0a-9169-8acfb8baaa19,L1,Profile
916cbb50-7d22-4c0a-9169-8acfb8baaa19,L1,Profile
916cbb50-7d22-4c0a-9169-8acfb8baaa19,L1,Profile
916cbb50-7d22-4c0a-9169-8acfb8baaa19,L1,Profile
916cbb50-7d22-4c0a-9169-8acfb8baaa19,L1,Profile
916cbb50-7d22-4c0a-9169-8acfb8baaa19,L1,Profile
916cbb50-7d22-4c0a-9169-8acfb8baaa19,L1,Profile
916cbb50-7d22-4c0a-9169-8acfb8baaa19,L1,Profile
916cbb50-7d22-4c0a-9169-8acfb8baaa19,L1,Profile
916cbb50-7d22-4c0a-9169-8acfb8baaa19,L1,Profile
916cbb50-7d22-4c0a-9169-8acfb8baaa19,L1,Profile
916cbb50-7d22-4c0a-9169-8acfb8baaa19,L1,Profile
916cbb50-7d22-4c0a-9169-8acfb8baaa19,L1,Profile
916cbb50-7d22-4c0a-9169-8acfb8baaa19,L1,Profile
916cbb50-7d22-4c0a-9169-8acfb8baaa19,L1,Profile
916cbb50-7d22-4c0a-9169-8acfb8baaa19,L1,Profile
916cbb50-7d22-4c0a-9169-8acfb8baaa19,L1,Profile
916cbb50-7d22-4c0a-9169-8acfb8baaa19,L1,Profile
916cbb50-7d22-4c0a-9169-8acfb8baaa19,L1,Profile
916cbb50-7d22-4c0a-9169-8acfb8baaa19,L1,Profile
916cbb50-7d22-4c0a-9169-8acfb8baaa19,L1,Profile
916cbb50-7d22-4c0a-9169-8acfb8baaa19,L1,Profile
916cbb50-7d22-4c0a-9169-8acfb8baaa19,L1,Profile
916cbb50-7d22-4c0a-9169-8acfb8baaa19,L1,Profile
916cbb50-7d22-4c0a-9169-8acfb8baaa19,L1,Profile
916cbb50-7d22-4c0a-9169-8acfb8baaa19,L1,Profile
916cbb50-7d22-4c0a-9169-8acfb8baaa19,L1,Profile
916cbb50-7d22-4c0a-9169-8acfb8baaa19,L1,Profile
916cbb50-7d22-4c0a-9169-8acfb8baaa19,L1,Profile
916cbb50-7d22-4c0a-9169-8acfb8baaa19,L1,Profile
916cbb50-7d22-4c0a-9169-8acfb8baaa19,L1,Profile
916cbb50-7d22-4c0a-9169-8acfb8baaa19,L1,Profile
916cbb50-7d22-4c0a-9169-8acfb8baaa19,L1,Profile
916cbb50-7d22-4c0a-9169-8acfb8baaa19,L1,Profile
916cbb50-7d22-4c0a-9169-8acfb8baaa19,L1,Profile
916cbb50-7d22-4c0a-9169-8acfb8baaa19,L1,Profile
916cbb50-7d22-4c0a-9169-8acfb8baaa19,L1,Profile
916cbb50-7d22-4c0a-9169-8acfb8baaa19,L1,Profile
916cbb50-7d22-4c0a-9169-8acfb8baaa19,L1,Profile
916cbb50-7d22-4c0a-9169-8acfb8baaa19,L1,Profile
916cbb50-7d22-4c0a-9169-8acfb8baaa19,L1,Profile
916cbb50-7d22-4c0a-9169-8acfb8baaa19,L1,Profile
916cbb50-7d22-4c0a-9169-8acfb8baaa19,L1,Profile
916cbb50-7d22-4c0a-9169-8acfb8baaa19,L1,Profile
916cbb50-7d22-4c0a-9169-8acfb8baaa19,L1,Profile
916cbb50-7d22-4c0a-9169-8acfb8baaa19,L1,Profile
916cbb50-7d22-4c0a-9169-8acfb8baaa19,L1,Profile
916cbb50-7d22-4c0a-9169-8acfb8baaa19,L1,Profile
916cbb50-7d22-4c0a-9169-8acfb8baaa19,L1,Profile
916cbb50-7d22-4c0a-9169-8acfb8baaa19,L1,Profile
916cbb50-7d22-4c0a-9169-8acfb8baaa19,L1,Profile
916cbb50-7d22-4c0a-9169-8acfb8baaa19,L1,Profile
916cbb50-7d22-4c0a-9169-8acfb8baaa19,L1,Profile
916cbb50-7d22-4c0a-9169-8acfb8baaa19,L1,Profile
916cbb50-7d22-4c0a-9169-8acfb8baaa19,L1,Profile
916cbb50-7d22-4c0a-9169-8acfb8baaa19,L1,Profile
916cbb50-7d22-4c0a-9169-8acfb8baaa19,L1,Profile
916cbb50-7d22-4c0a-9169-8acfb8baaa19,L1,Profile
916cbb50-7d22-4c0a-9169-8acfb8baaa19,L1,Profile
916cbb50-7d22-4c0a-9169-8acfb8baaa19,L1,Profile
916cbb50-7d22-4c0a-9169-8acfb8baaa19,L1,Profile
916cbb50-7d22-4c0a-9169-8acfb8baaa19,L1,Profile
916cbb50-7d22-4c0a-9169-8acfb8baaa19,L1,Profile
916cbb50-7d22-4c0a-9169-8acfb8baaa19,L1,Profile
916cbb50-7d22-4c0a-9169-8acfb8baaa19,L1,Profile
916cbb50-7d22-4c0a-9169-8acfb8baaa19,L1,Profile
916cbb50-7d22-4c0a-9169-8acfb8baaa19,L1,Profile
916cbb50-7d22-4c0a-9169-8acfb8baaa19,L1,Profile
916cbb50-7d22-4c0a-9169-8acfb8baaa19,L1,Profile
916cbb50-7d22-4c0a-9169-8acfb8baaa19,L1,Profile
916cbb50-7d22-4c0a-9169-8acfb8baaa19,L1,Profile
916cbb50-7d22-4c0a-9169-8acfb8baaa19,L1,Profile
916cbb50-7d22-4c0a-9169-8acfb8baaa19,L1,Profile
916cbb50-7d22-4c0a-9169-8acfb8baaa19,L1,Profile
916cbb50-7d22-4c0a-9169-8acfb8baaa19,L1,Profile
916cbb50-7d22-4c0a-9169-8acfb8baaa19,L1,Profile
916cbb50-7d22-4c0a-9169-8acfb8baaa19,L1,Profile
916cbb50-7d22-4c0a-9169-8acfb8baaa19,L1,Profile
916cbb50-7d22-4c0a-9169-8acfb8baaa19,L1,Profile
916cbb50-7d22-4c0a-9169-8acfb8baaa19,L1,Profile
916cbb50-7d22-4c0a-9169-8acfb8baaa19,L1,Profile
916cbb50-7d22-4c0a-9169-8acfb8baaa19,L1,Profile
916cbb50-7d22-4c0a-9169-8acfb8baaa19,L1,Profile
916cbb50-7d22-4c0a-9169-8acfb8baaa19,L1,Profile
916cbb50-7d22-4c0a-9169-8acfb8baaa19,L1,Profile
916cbb50-7d22-4c0a-9169-8acfb8baaa19,L1,Profile
916cbb50-7d22-4c0a-9169-8acfb8baaa19,L1,Profile
916cbb50-7d22-4c0a-9169-8acfb8baaa19,L1,Profile
916cbb50-7d22-4c0a-9169-8acfb8baaa19,L1,Profile
916cbb50-7d22-4c0a-9169-8acfb8baaa19,L1,Profile
916cbb50-7d22-4c0a-9169-8acfb8baaa19,L1,Profile
916cbb50-7d22-4c0a-9169-8acfb8baaa19,L1,Profile
916cbb50-7d22-4c0a-9169-8acfb8baaa19,L1,Profile
916cbb50-7d22-4c0a-9169-8acfb8baaa19,L1,Profile
916cbb50-7d22-4c0a-9169-8acfb8baaa19,L1,Profile
916cbb50-7d22-4c0a-9169-8acfb8baaa19,L1,Profile
916cbb50-7d22-4c0a-9169-8acfb8baaa19,L1,Profile
916cbb50-7d22-4c0a-9169-8acfb8baaa19,L1,Profile
916cbb50-7d22-4c0a-9169-8acfb8baaa19,L1,Profile
916cbb50-7d22-4c0a-9169-8acfb8baaa19,L1,Profile
916cbb50-7d22-4c0a-9169-8acfb8baaa19,L1,Profile
916cbb50-7d22-4c0a-9169-8acfb8baaa19,L1,Profile
916cbb50-7d22-4c0a-9169-8acfb8baaa19,L1,Profile
916cbb50-7d22-4c0a-9169-8acfb8baaa19,L1,Profile
916cbb50-7d22-4c0a-9169-8acfb8baaa19,L1,Profile
916cbb50-7d22-4c0a-9169-8acfb8baaa19,L1,Profile
916cbb50-7d22-4c0a-9169-8acfb8baaa19,L1,Profile
916cbb50-7d22-4c0a-9169-8acfb8baaa19,L1,Profile
916cbb50-7d22-4c0a-9169-8acfb8baaa19,L1,Profile
916cbb50-7d22-4c0a-9169-8acfb8baaa19,L1,Profile
916cbb50-7d22-4c0a-9169-8acfb8baaa19,L1,Profile
916cbb50-7d22-4c0a-9169-8acfb8baaa19,L1,Profile
916cbb50-7d22-4c0a-9169-8acfb8baaa19,L1,Profile
916cbb50-7d22-4c0a-9169-8acfb8baaa19,L1,Profile
916cbb50-7d22-4c0a-9169-8acfb8baaa19,L1,Profile
916cbb50-7d22-4c0a-9169-8acfb8baaa19,L1,Profile
916cbb50-7d22-4c0a-9169-8acfb8baaa19,L1,Profile
916cbb50-7d22-4c0a-9169-8acfb8baaa19,L1,Profile
916cbb50-7d22-4c0a-9169-8acfb8baaa19,L1,Profile
916cbb50-7d22-4c0a-9169-8acfb8baaa19,L1,Profile
916cbb50-7d22-4c0a-9169-8acfb8baaa19,L1,Profile
916cbb50-7d22-4c0a-9169-8acfb8baaa19,L1,Profile
916cbb50-7d22-4c0a-9169-8acfb8baaa19,L1,Profile
916cbb50-7d22-4c0a-9169-8acfb8baaa19,L1,Profile
916cbb50-7d22-4c0a-9169-8acfb8baaa19,L1,Profile
916cbb50-7d22-4c0a-9169-8acfb8baaa19,L1,Profile
916cbb50-7d22-4c0a-9169-8acfb8baaa19,L1,Profile
916cbb50-7d22-4c0a-9169-8acfb8baaa19,L1,Profile
916cbb50-7d22-4c0a-9169-8acfb8baaa19,L1,Profile
916cbb50-7d22-4c0a-9169-8acfb8baaa19,L1,Profile
916cbb50-7d22-4c0a-9169-8acfb8baaa19,L1,Profile
916cbb50-7d22-4c0a-9169-8acfb8baaa19,L1,Profile
916cbb50-7d22-4c0a-9169-8acfb8baaa19,L1,Profile
916cbb50-7d22-4c0a-9169-8acfb8baaa19,L1,Profile
916cbb50-7d22-4c0a-9169-8acfb8baaa19,L1,Profile
916cbb50-7d22-4c0a-9169-8acfb8baaa19,L1,Profile
916cbb50-7d22-4c0a-9169-8acfb8baaa19,L1,Profile
916cbb50-7d22-4c0a-9169-8acfb8baaa19,L1,Profile
916cbb50-7d22-4c0a-9169-8acfb8baaa19,L1,Profile
916cbb50-7d22-4c0a-9169-8acfb8baaa19,L1,Profile
916cbb50-7d22-4c0a-9169-8acfb8baaa19,L1,Profile
916cbb50-7d22-4c0a-9169-8acfb8baaa19,L1,Profile
916cbb50-7d22-4c0a-9169-8acfb8baaa19,L1,Profile
916cbb50-7d22-4c0a-9169-8acfb8baaa19,L1,Profile
916cbb50-7d22-4c0a-9169-8acfb8baaa19,L1,Profile
916cbb50-7d22-4c0a-9169-8acfb8baaa19,L1,Profile
916cbb50-7d22-4c0a-9169-8acfb8baaa19,L1,Profile
916cbb50-7d22-4c0a-9169-8acfb8baaa19,L1,Profile
916cbb50-7d22-4c0a-9169-8acfb8baaa19,L1,Profile
916cbb50-7d22-4c0a-9169-8acfb8baaa19,L1,Profile
916cbb50-7d22-4c0a-9169-8acfb8baaa19,L1,Profile
916cbb50-7d22-4c0a-9169-8acfb8baaa19,L1,Profile
916cbb50-7d22-4c0a-9169-8acfb8baaa19,L1,Profile
916cbb50-7d22-4c0a-9169-8acfb8baaa19,L1,Profile
916cbb50-7d22-4c0a-9169-8acfb8baaa19,L1,Profile
916cbb50-7d22-4c0a-9169-8acfb8baaa19,L1,Profile
916cbb50-7d22-4c0a-9169-8acfb8baaa19,L1,Profile
916cbb50-7d22-4c0a-9169-8acfb8baaa19,L1,Profile
916cbb50-7d22-4c0a-9169-8acfb8baaa19,L1,Profile
916cbb50-7d22-4c0a-9169-8acfb8baaa19,L1,Profile
916cbb50-7d22-4c0a-9169-8acfb8baaa19,L1,Profile
916cbb50-7d22-4c0a-9169-8acfb8baaa19,L1,Profile
916cbb50-7d22-4c0a-9169-8acfb8baaa19,L1,Profile
916cbb50-7d22-4c0a-9169-8acfb8baaa19,L1,Profile
916cbb50-7d22-4c0a-9169-8acfb8baaa19,L1,Profile
916cbb50-7d22-4c0a-9169-8acfb8baaa19,L1,Profile
916cbb50-7d22-4c0a-9169-8acfb8baaa19,L1,Profile
916cbb50-7d22-4c0a-9169-8acfb8baaa19,L1,Profile
916cbb50-7d22-4c0a-9169-8acfb8baaa19,L1,Profile
916cbb50-7d22-4c0a-9169-8acfb8baaa19,L1,Profile
916cbb50-7d22-4c0a-9169-8acfb8baaa19,L1,Profile
916cbb50-7d22-4c0a-9169-8acfb8baaa19,L1,Profile
916cbb50-7d22-4c0a-9169-8acfb8baaa19,L1,Profile
916cbb50-7d22-4c0a-9169-8acfb8baaa19,L1,Profile
916cbb50-7d22-4c0a-9169-8acfb8baaa19,L1,Profile
916cbb50-7d22-4c0a-9169-8acfb8baaa19,L1,Profile
916cbb50-7d22-4c0a-9169-8acfb8baaa19,L1,Profile
916cbb50-7d22-4c0a-9169-8acfb8baaa19,L1,Profile
916cbb50-7d22-4c0a-9169-8acfb8baaa19,L1,Profile
916cbb50-7d22-4c0a-9169-8acfb8baaa19,L1,Profile
916cbb50-7d22-4c0a-9169-8acfb8baaa19,L1,Profile
916cbb50-7d22-4c0a-9169-8acfb8baaa19,L1,Profile
916cbb50-7d22-4c0a-9169-8acfb8baaa19,L1,Profile
916cbb50-7d22-4c0a-9169-8acfb8baaa19,L1,Profile
916cbb50-7d22-4c0a-9169-8acfb8baaa19,L1,Profile
916cbb50-7d22-4c0a-9169-8acfb8baaa19,L1,Profile
916cbb50-7d22-4c0a-9169-8acfb8baaa19,L1,Profile
916cbb50-7d22-4c0a-9169-8acfb8baaa19,L1,Profile
916cbb50-7d22-4c0a-9169-8acfb8baaa19,L1,Profile
916cbb50-7d22-4c0a-9169-8acfb8baaa19,L1,Profile
916cbb50-7d22-4c0a-9169-8acfb8baaa19,L1,Profile
916cbb50-7d22-4c0a-9169-8acfb8baaa19,L1,Profile
916cbb50-7d22-4c0a-9169-8acfb8baaa19,L1,Profile
916cbb50-7d22-4c0a-9169-8acfb8baaa19,L1,Profile
916cbb50-7d22-4c0a-9169-8acfb8baaa19,L1,Profile
916cbb50-7d22-4c0a-9169-8acfb8baaa19,L1,Profile
916cbb50-7d22-4c0a-9169-8acfb8baaa19,L1,Profile
916cbb50-7d22-4c0a-9169-8acfb8baaa19,L1,Profile
916cbb50-7d22-4c0a-9169-8acfb8baaa19,L1,Profile
916cbb50-7d22-4c0a-9169-8acfb8baaa19,L1,Profile
916cbb50-7d22-4c0a-9169-8acfb8baaa19,L1,Profile
916cbb50-7d22-4c0a-9169-8acfb8baaa19,L1,Profile
916cbb50-7d22-4c0a-9169-8acfb8baaa19,L1,Profile
916cbb50-7d22-4c0a-9169-8acfb8baaa19,L1,Profile
916cbb50-7d22-4c0a-9169-8acfb8baaa19,L1,Profile
916cbb50-7d22-4c0a-9169-8acfb8baaa19,L1,Profile
916cbb50-7d22-4c0a-9169-8acfb8baaa19,L1,Profile
916cbb50-7d22-4c0a-9169-8acfb8baaa19,L1,Profile
916cbb50-7d22-4c0a-9169-8acfb8baaa19,L1,Profile
916cbb50-7d22-4c0a-9169-8acfb8baaa19,L1,Profile
916cbb50-7d22-4c0a-9169-8acfb8baaa19,L1,Profile
916cbb50-7d22-4c0a-9169-8acfb8baaa19,L1,Profile
916cbb50-7d22-4c0a-9169-8acfb8baaa19,L1,Profile
916cbb50-7d22-4c0a-9169-8acfb8baaa19,L1,Profile
916cbb50-7d22-4c0a-9169-8acfb8baaa19,L1,Profile
916cbb50-7d22-4c0a-9169-8acfb8baaa19,L1,Profile
916cbb50-7d22-4c0a-9169-8acfb8baaa19,L1,Profile
916cbb50-7d22-4c0a-9169-8acfb8baaa19,L1,Profile
916cbb50-7d22-4c0a-9169-8acfb8baaa19,L1,Profile
916cbb50-7d22-4c0a-9169-8acfb8baaa19,L1,Profile
916cbb50-7d22-4c0a-9169-8acfb8baaa19,L1,Profile
916cbb50-7d22-4c0a-9169-8acfb8baaa19,L1,Profile
916cbb50-7d22-4c0a-9169-8acfb8baaa19,L1,Profile
916cbb50-7d22-4c0a-9169-8acfb8baaa19,L1,Profile
916cbb50-7d22-4c0a-9169-8acfb8baaa19,L1,Profile
916cbb50-7d22-4c0a-9169-8acfb8baaa19,L1,Profile
916cbb50-7d22-4c0a-9169-8acfb8baaa19,L1,Profile
916cbb50-7d22-4c0a-9169-8acfb8baaa19,L1,Profile
916cbb50-7d22-4c0a-9169-8acfb8baaa19,L1,Profile
916cbb50-7d22-4c0a-9169-8acfb8baaa19,L1,Profile
916cbb50-7d22-4c0a-9169-8acfb8baaa19,L1,Profile
916cbb50-7d22-4c0a-9169-8acfb8baaa19,L1,Profile
916cbb50-7d22-4c0a-9169-8acfb8baaa19,L1,Profile
916cbb50-7d22-4c0a-9169-8acfb8baaa19,L1,Profile
916cbb50-7d22-4c0a-9169-8acfb8baaa19,L1,Profile
916cbb50-7d22-4c0a-9169-8acfb8baaa19,L1,Profile
916cbb50-7d22-4c0a-9169-8acfb8baaa19,L1,Profile
916cbb50-7d22-4c0a-9169-8acfb8baaa19,L1,Profile
916cbb50-7d22-4c0a-9169-8acfb8baaa19,L1,Profile
916cbb50-7d22-4c0a-9169-8acfb8baaa19,L1,Profile
916cbb50-7d22-4c0a-9169-8acfb8baaa19,L1,Profile
916cbb50-7d22-4c0a-9169-8acfb8baaa19,L1,Profile
916cbb50-7d22-4c0a-9169-8acfb8baaa19,L1,Profile
916cbb50-7d22-4c0a-9169-8acfb8baaa19,L1,Profile
916cbb50-7d22-4c0a-9169-8acfb8baaa19,L1,Profile
916cbb50-7d22-4c0a-9169-8acfb8baaa19,L1,Profile
916cbb50-7d22-4c0a-9169-8acfb8baaa19,L1,Profile
916cbb50-7d22-4c0a-9169-8acfb8baaa19,L1,Profile
916cbb50-7d22-4c0a-9169-8acfb8baaa19,L1,Profile
916cbb50-7d22-4c0a-9169-8acfb8baaa19,L1,Profile
916cbb50-7d22-4c0a-9169-8acfb8baaa19,L1,Profile
916cbb50-7d22-4c0a-9169-8acfb8baaa19,L1,Profile
916cbb50-7d22-4c0a-9169-8acfb8baaa19,L1,Profile
916cbb50-7d22-4c0a-9169-8acfb8baaa19,L1,Profile
916cbb50-7d22-4c0a-9169-8acfb8baaa19,L1,Profile
916cbb50-7d22-4c0a-9169-8acfb8baaa19,L1,Profile
916cbb50-7d22-4c0a-9169-8acfb8baaa19,L1,Profile
916cbb50-7d22-4c0a-9169-8acfb8baaa19,L1,Profile
916cbb50-7d22-4c0a-9169-8acfb8baaa19,L1,Profile
916cbb50-7d22-4c0a-9169-8acfb8baaa19,L1,Profile
916cbb50-7d22-4c0a-9169-8acfb8baaa19,L1,Profile
916cbb50-7d22-4c0a-9169-8acfb8baaa19,L1,Profile
916cbb50-7d22-4c0a-9169-8acfb8baaa19,L1,Profile
916cbb50-7d22-4c0a-9169-8acfb8baaa19,L1,Profile
916cbb50-7d22-4c0a-9169-8acfb8baaa19,L1,Profile
916cbb50-7d22-4c0a-9169-8acfb8baaa19,L1,Profile
916cbb50-7d22-4c0a-9169-8acfb8baaa19,L1,Profile
916cbb50-7d22-4c0a-9169-8acfb8baaa19,L1,Profile
916cbb50-7d22-4c0a-9169-8acfb8baaa19,L1,Profile
916cbb50-7d22-4c0a-9169-8acfb8baaa19,L1,Profile
916cbb50-7d22-4c0a-9169-8acfb8baaa19,L1,Profile
916cbb50-7d22-4c0a-9169-8acfb8baaa19,L1,Profile
916cbb50-7d22-4c0a-9169-8acfb8baaa19,L1,Profile
916cbb50-7d22-4c0a-9169-8acfb8baaa19,L1,Profile
916cbb50-7d22-4c0a-9169-8acfb8baaa19,L1,Profile
916cbb50-7d22-4c0a-9169-8acfb8baaa19,L1,Profile
916cbb50-7d22-4c0a-9169-8acfb8baaa19,L1,Profile
916cbb50-7d22-4c0a-9169-8acfb8baaa19,L1,Profile
916cbb50-7d22-4c0a-9169-8acfb8baaa19,L1,Profile
916cbb50-7d22-4c0a-9169-8acfb8baaa19,L1,Profile
916cbb50-7d22-4c0a-9169-8acfb8baaa19,L1,Profile
916cbb50-7d22-4c0a-9169-8acfb8baaa19,L1,Profile
916cbb50-7d22-4c0a-9169-8acfb8baaa19,L1,Profile
916cbb50-7d22-4c0a-9169-8acfb8baaa19,L1,Profile
916cbb50-7d22-4c0a-9169-8acfb8baaa19,L1,Profile
916cbb50-7d22-4c0a-9169-8acfb8baaa19,L1,Profile
916cbb50-7d22-4c0a-9169-8acfb8baaa19,L1,Profile
916cbb50-7d22-4c0a-9169-8acfb8baaa19,L1,Profile
916cbb50-7d22-4c0a-9169-8acfb8baaa19,L1,Profile
916cbb50-7d22-4c0a-9169-8acfb8baaa19,L1,Profile
916cbb50-7d22-4c0a-9169-8acfb8baaa19,L1,Profile
916cbb50-7d22-4c0a-9169-8acfb8baaa19,L1,Profile
916cbb50-7d22-4c0a-9169-8acfb8baaa19,L1,Profile
916cbb50-7d22-4c0a-9169-8acfb8baaa19,L1,Profile
916cbb50-7d22-4c0a-9169-8acfb8baaa19,L1,Profile
916cbb50-7d22-4c0a-9169-8acfb8baaa19,L1,Profile
916cbb50-7d22-4c0a-9169-8acfb8baaa19,L1,Profile
916cbb50-7d22-4c0a-9169-8acfb8baaa19,L1,Profile
916cbb50-7d22-4c0a-9169-8acfb8baaa19,L1,Profile
916cbb50-7d22-4c0a-9169-8acfb8baaa19,L1,Profile
916cbb50-7d22-4c0a-9169-8acfb8baaa19,L1,Profile
916cbb50-7d22-4c0a-9169-8acfb8baaa19,L1,Profile
916cbb50-7d22-4c0a-9169-8acfb8baaa19,L1,Profile
916cbb50-7d22-4c0a-9169-8acfb8baaa19,L1,Profile
916cbb50-7d22-4c0a-9169-8acfb8baaa19,L1,Profile
916cbb50-7d22-4c0a-9169-8acfb8baaa19,L1,Profile
916cbb50-7d22-4c0a-9169-8acfb8baaa19,L1,Profile
916cbb50-7d22-4c0a-9169-8acfb8baaa19,L1,Profile
916cbb50-7d22-4c0a-9169-8acfb8baaa19,L1,Profile
916cbb50-7d22-4c0a-9169-8acfb8baaa19,L1,Profile
916cbb50-7d22-4c0a-9169-8acfb8baaa19,L1,Profile
916cbb50-7d22-4c0a-9169-8acfb8baaa19,L1,Profile
916cbb50-7d22-4c0a-9169-8acfb8baaa19,L1,Profile
916cbb50-7d22-4c0a-9169-8acfb8baaa19,L1,Profile
916cbb50-7d22-4c0a-9169-8acfb8baaa19,L1,Profile
916cbb50-7d22-4c0a-9169-8acfb8baaa19,L1,Profile
916cbb50-7d22-4c0a-9169-8acfb8baaa19,L1,Profile
916cbb50-7d22-4c0a-9169-8acfb8baaa19,L1,Profile
916cbb50-7d22-4c0a-9169-8acfb8baaa19,L1,Profile
916cbb50-7d22-4c0a-9169-8acfb8baaa19,L1,Profile
916cbb50-7d22-4c0a-9169-8acfb8baaa19,L1,Profile
916cbb50-7d22-4c0a-9169-8acfb8baaa19,L1,Profile
916cbb50-7d22-4c0a-9169-8acfb8baaa19,L1,Profile
916cbb50-7d22-4c0a-9169-8acfb8baaa19,L1,Profile
916cbb50-7d22-4c0a-9169-8acfb8baaa19,L1,Profile
916cbb50-7d22-4c0a-9169-8acfb8baaa19,L1,Profile
916cbb50-7d22-4c0a-9169-8acfb8baaa19,L1,Profile
916cbb50-7d22-4c0a-9169-8acfb8baaa19,L1,Profile
916cbb50-7d22-4c0a-9169-8acfb8baaa19,L1,Profile
916cbb50-7d22-4c0a-9169-8acfb8baaa19,L1,Profile
916cbb50-7d22-4c0a-9169-8acfb8baaa19,L1,Profile
916cbb50-7d22-4c0a-9169-8acfb8baaa19,L1,Profile
916cbb50-7d22-4c0a-9169-8acfb8baaa19,L1,Profile
916cbb50-7d22-4c0a-9169-8acfb8baaa19,L1,Profile
916cbb50-7d22-4c0a-9169-8acfb8baaa19,L1,Profile
916cbb50-7d22-4c0a-9169-8acfb8baaa19,L1,Profile
916cbb50-7d22-4c0a-9169-8acfb8baaa19,L1,Profile
916cbb50-7d22-4c0a-9169-8acfb8baaa19,L1,Profile
916cbb50-7d22-4c0a-9169-8acfb8baaa19,L1,Profile
916cbb50-7d22-4c0a-9169-8acfb8baaa19,L1,Profile
916cbb50-7d22-4c0a-9169-8acfb8baaa19,L1,Profile
916cbb50-7d22-4c0a-9169-8acfb8baaa19,L1,Profile
916cbb50-7d22-4c0a-9169-8acfb8baaa19,L1,Profile
916cbb50-7d22-4c0a-9169-8acfb8baaa19,L1,Profile
916cbb50-7d22-4c0a-9169-8acfb8baaa19,L1,Profile
916cbb50-7d22-4c0a-9169-8acfb8baaa19,L1,Profile
916cbb50-7d22-4c0a-9169-8acfb8baaa19,L1,Profile
916cbb50-7d22-4c0a-9169-8acfb8baaa19,L1,Profile
916cbb50-7d22-4c0a-9169-8acfb8baaa19,L1,Profile
916cbb50-7d22-4c0a-9169-8acfb8baaa19,L1,Profile
916cbb50-7d22-4c0a-9169-8acfb8baaa19,L1,Profile
916cbb50-7d22-4c0a-9169-8acfb8baaa19,L1,Profile
916cbb50-7d22-4c0a-9169-8acfb8baaa19,L1,Profile
916cbb50-7d22-4c0a-9169-8acfb8baaa19,L1,Profile
916cbb50-7d22-4c0a-9169-8acfb8baaa19,L1,Profile
916cbb50-7d22-4c0a-9169-8acfb8baaa19,L1,Profile
916cbb50-7d22-4c0a-9169-8acfb8baaa19,L1,Profile
916cbb50-7d22-4c0a-9169-8acfb8baaa19,L1,Profile
916cbb50-7d22-4c0a-9169-8acfb8baaa19,L1,Profile
916cbb50-7d22-4c0a-9169-8acfb8baaa19,L1,Profile
916cbb50-7d22-4c0a-9169-8acfb8baaa19,L1,Profile
916cbb50-7d22-4c0a-9169-8acfb8baaa19,L1,Profile
916cbb50-7d22-4c0a-9169-8acfb8baaa19,L1,Profile
916cbb50-7d22-4c0a-9169-8acfb8baaa19,L1,Profile
916cbb50-7d22-4c0a-9169-8acfb8baaa19,L1,Profile
916cbb50-7d22-4c0a-9169-8acfb8baaa19,L1,Profile
916cbb50-7d22-4c0a-9169-8acfb8baaa19,L1,Profile
916cbb50-7d22-4c0a-9169-8acfb8baaa19,L1,Profile
916cbb50-7d22-4c0a-9169-8acfb8baaa19,L1,Profile
916cbb50-7d22-4c0a-9169-8acfb8baaa19,L1,Profile
916cbb50-7d22-4c0a-9169-8acfb8baaa19,L1,Profile
916cbb50-7d22-4c0a-9169-8acfb8baaa19,L1,Profile
916cbb50-7d22-4c0a-9169-8acfb8baaa19,L1,Profile
916cbb50-7d22-4c0a-9169-8acfb8baaa19,L1,Profile
916cbb50-7d22-4c0a-9169-8acfb8baaa19,L1,Profile
916cbb50-7d22-4c0a-9169-8acfb8baaa19,L1,Profile
916cbb50-7d22-4c0a-9169-8acfb8baaa19,L1,Profile
916cbb50-7d22-4c0a-9169-8acfb8baaa19,L1,Profile
916cbb50-7d22-4c0a-9169-8acfb8baaa19,L1,Profile
916cbb50-7d22-4c0a-9169-8acfb8baaa19,L1,Profile
916cbb50-7d22-4c0a-9169-8acfb8baaa19,L1,Profile
916cbb50-7d22-4c0a-9169-8acfb8baaa19,L1,Profile
916cbb50-7d22-4c0a-9169-8acfb8baaa19,L1,Profile
916cbb50-7d22-4c0a-9169-8acfb8baaa19,L1,Profile
916cbb50-7d22-4c0a-9169-8acfb8baaa19,L1,Profile
916cbb50-7d22-4c0a-9169-8acfb8baaa19,L1,Profile
916cbb50-7d22-4c0a-9169-8acfb8baaa19,L1,Profile
916cbb50-7d22-4c0a-9169-8acfb8baaa19,L1,Profile
916cbb50-7d22-4c0a-9169-8acfb8baaa19,L1,Profile
916cbb50-7d22-4c0a-9169-8acfb8baaa19,L1,Profile
916cbb50-7d22-4c0a-9169-8acfb8baaa19,L1,Profile
916cbb50-7d22-4c0a-9169-8acfb8baaa19,L1,Profile
916cbb50-7d22-4c0a-9169-8acfb8baaa19,L1,Profile
916cbb50-7d22-4c0a-9169-8acfb8baaa19,L1,Profile
916cbb50-7d22-4c0a-9169-8acfb8baaa19,L1,Profile
916cbb50-7d22-4c0a-9169-8acfb8baaa19,L1,Profile
916cbb50-7d22-4c0a-9169-8acfb8baaa19,L1,Profile
916cbb50-7d22-4c0a-9169-8acfb8baaa19,L1,Profile
916cbb50-7d22-4c0a-9169-8acfb8baaa19,L1,Profile
916cbb50-7d22-4c0a-9169-8acfb8baaa19,L1,Profile
916cbb50-7d22-4c0a-9169-8acfb8baaa19,L1,Profile
916cbb50-7d22-4c0a-9169-8acfb8baaa19,L1,Profile
916cbb50-7d22-4c0a-9169-8acfb8baaa19,L1,Profile
916cbb50-7d22-4c0a-9169-8acfb8baaa19,L1,Profile
916cbb50-7d22-4c0a-9169-8acfb8baaa19,L1,Profile
916cbb50-7d22-4c0a-9169-8acfb8baaa19,L1,Profile
916cbb50-7d22-4c0a-9169-8acfb8baaa19,L1,Profile
916cbb50-7d22-4c0a-9169-8acfb8baaa19,L1,Profile
916cbb50-7d22-4c0a-9169-8acfb8baaa19,L1,Profile
916cbb50-7d22-4c0a-9169-8acfb8baaa19,L1,Profile
916cbb50-7d22-4c0a-9169-8acfb8baaa19,L1,Profile
916cbb50-7d22-4c0a-9169-8acfb8baaa19,L1,Profile
916cbb50-7d22-4c0a-9169-8acfb8baaa19,L1,Profile
916cbb50-7d22-4c0a-9169-8acfb8baaa19,L1,Profile
916cbb50-7d22-4c0a-9169-8acfb8baaa19,L1,Profile
916cbb50-7d22-4c0a-9169-8acfb8baaa19,L1,Profile
916cbb50-7d22-4c0a-9169-8acfb8baaa19,L1,Profile
916cbb50-7d22-4c0a-9169-8acfb8baaa19,L1,Profile
916cbb50-7d22-4c0a-9169-8acfb8baaa19,L1,Profile
916cbb50-7d22-4c0a-9169-8acfb8baaa19,L1,Profile
916cbb50-7d22-4c0a-9169-8acfb8baaa19,L1,Profile
916cbb50-7d22-4c0a-9169-8acfb8baaa19,L1,Profile
916cbb50-7d22-4c0a-9169-8acfb8baaa19,L1,Profile
916cbb50-7d22-4c0a-9169-8acfb8baaa19,L1,Profile
916cbb50-7d22-4c0a-9169-8acfb8baaa19,L1,Profile
916cbb50-7d22-4c0a-9169-8acfb8baaa19,L1,Profile
916cbb50-7d22-4c0a-9169-8acfb8baaa19,L1,Profile
916cbb50-7d22-4c0a-9169-8acfb8baaa19,L1,Profile
916cbb50-7d22-4c0a-9169-8acfb8baaa19,L1,Profile
916cbb50-7d22-4c0a-9169-8acfb8baaa19,L1,Profile
916cbb50-7d22-4c0a-9169-8acfb8baaa19,L1,Profile
916cbb50-7d22-4c0a-9169-8acfb8baaa19,L1,Profile
916cbb50-7d22-4c0a-9169-8acfb8baaa19,L1,Profile
916cbb50-7d22-4c0a-9169-8acfb8baaa19,L1,Profile
916cbb50-7d22-4c0a-9169-8acfb8baaa19,L1,Profile
916cbb50-7d22-4c0a-9169-8acfb8baaa19,L1,Profile
916cbb50-7d22-4c0a-9169-8acfb8baaa19,L1,Profile
916cbb50-7d22-4c0a-9169-8acfb8baaa19,L1,Profile
916cbb50-7d22-4c0a-9169-8acfb8baaa19,L1,Profile
916cbb50-7d22-4c0a-9169-8acfb8baaa19,L1,Profile
916cbb50-7d22-4c0a-9169-8acfb8baaa19,L1,Profile
916cbb50-7d22-4c0a-9169-8acfb8baaa19,L1,Profile
916cbb50-7d22-4c0a-9169-8acfb8baaa19,L1,Profile
916cbb50-7d22-4c0a-9169-8acfb8baaa19,L1,Profile
916cbb50-7d22-4c0a-9169-8acfb8baaa19,L1,Profile
916cbb50-7d22-4c0a-9169-8acfb8baaa19,L1,Profile
916cbb50-7d22-4c0a-9169-8acfb8baaa19,L1,Profile
916cbb50-7d22-4c0a-9169-8acfb8baaa19,L1,Profile
916cbb50-7d22-4c0a-9169-8acfb8baaa19,L1,Profile
916cbb50-7d22-4c0a-9169-8acfb8baaa19,L1,Profile
916cbb50-7d22-4c0a-9169-8acfb8baaa19,L1,Profile
916cbb50-7d22-4c0a-9169-8acfb8baaa19,L1,Profile
916cbb50-7d22-4c0a-9169-8acfb8baaa19,L1,Profile
916cbb50-7d22-4c0a-9169-8acfb8baaa19,L1,Profile
916cbb50-7d22-4c0a-9169-8acfb8baaa19,L1,Profile
916cbb50-7d22-4c0a-9169-8acfb8baaa19,L1,Profile
916cbb50-7d22-4c0a-9169-8acfb8baaa19,L1,Profile
916cbb50-7d22-4c0a-9169-8acfb8baaa19,L1,Profile
916cbb50-7d22-4c0a-9169-8acfb8baaa19,L1,Profile
916cbb50-7d22-4c0a-9169-8acfb8baaa19,L1,Profile
916cbb50-7d22-4c0a-9169-8acfb8baaa19,L1,Profile
916cbb50-7d22-4c0a-9169-8acfb8baaa19,L1,Profile
916cbb50-7d22-4c0a-9169-8acfb8baaa19,L1,Profile
916cbb50-7d22-4c0a-9169-8acfb8baaa19,L1,Profile
916cbb50-7d22-4c0a-9169-8acfb8baaa19,L1,Profile
916cbb50-7d22-4c0a-9169-8acfb8baaa19,L1,Profile
916cbb50-7d22-4c0a-9169-8acfb8baaa19,L1,Profile
916cbb50-7d22-4c0a-9169-8acfb8baaa19,L1,Profile
916cbb50-7d22-4c0a-9169-8acfb8baaa19,L1,Profile
916cbb50-7d22-4c0a-9169-8acfb8baaa19,L1,Profile
916cbb50-7d22-4c0a-9169-8acfb8baaa19,L1,Profile
916cbb50-7d22-4c0a-9169-8acfb8baaa19,L1,Profile
916cbb50-7d22-4c0a-9169-8acfb8baaa19,L1,Profile
916cbb50-7d22-4c0a-9169-8acfb8baaa19,L1,Profile
916cbb50-7d22-4c0a-9169-8acfb8baaa19,L1,Profile
916cbb50-7d22-4c0a-9169-8acfb8baaa19,L1,Profile
916cbb50-7d22-4c0a-9169-8acfb8baaa19,L1,Profile
916cbb50-7d22-4c0a-9169-8acfb8baaa19,L1,Profile
916cbb50-7d22-4c0a-9169-8acfb8baaa19,L1,Profile
916cbb50-7d22-4c0a-9169-8acfb8baaa19,L1,Profile
916cbb50-7d22-4c0a-9169-8acfb8baaa19,L1,Profile
916cbb50-7d22-4c0a-9169-8acfb8baaa19,L1,Profile
916cbb50-7d22-4c0a-9169-8acfb8baaa19,L1,Profile
916cbb50-7d22-4c0a-9169-8acfb8baaa19,L1,Profile
916cbb50-7d22-4c0a-9169-8acfb8baaa19,L1,Profile
916cbb50-7d22-4c0a-9169-8acfb8baaa19,L1,Profile
916cbb50-7d22-4c0a-9169-8acfb8baaa19,L1,Profile
916cbb50-7d22-4c0a-9169-8acfb8baaa19,L1,Profile
916cbb50-7d22-4c0a-9169-8acfb8baaa19,L1,Profile
916cbb50-7d22-4c0a-9169-8acfb8baaa19,L1,Profile
916cbb50-7d22-4c0a-9169-8acfb8baaa19,L1,Profile
916cbb50-7d22-4c0a-9169-8acfb8baaa19,L1,Profile
916cbb50-7d22-4c0a-9169-8acfb8baaa19,L1,Profile
916cbb50-7d22-4c0a-9169-8acfb8baaa19,L1,Profile
916cbb50-7d22-4c0a-9169-8acfb8baaa19,L1,Profile
916cbb50-7d22-4c0a-9169-8acfb8baaa19,L1,Profile
916cbb50-7d22-4c0a-9169-8acfb8baaa19,L1,Profile
916cbb50-7d22-4c0a-9169-8acfb8baaa19,L1,Profile
916cbb50-7d22-4c0a-9169-8acfb8baaa19,L1,Profile
916cbb50-7d22-4c0a-9169-8acfb8baaa19,L1,Profile
916cbb50-7d22-4c0a-9169-8acfb8baaa19,L1,Profile
916cbb50-7d22-4c0a-9169-8acfb8baaa19,L1,Profile
916cbb50-7d22-4c0a-9169-8acfb8baaa19,L1,Profile
916cbb50-7d22-4c0a-9169-8acfb8baaa19,L1,Profile
916cbb50-7d22-4c0a-9169-8acfb8baaa19,L1,Profile
916cbb50-7d22-4c0a-9169-8acfb8baaa19,L1,Profile
916cbb50-7d22-4c0a-9169-8acfb8baaa19,L1,Profile
916cbb50-7d22-4c0a-9169-8acfb8baaa19,L1,Profile
916cbb50-7d22-4c0a-9169-8acfb8baaa19,L1,Profile
916cbb50-7d22-4c0a-9169-8acfb8baaa19,L1,Profile
916cbb50-7d22-4c0a-9169-8acfb8baaa19,L1,Profile
916cbb50-7d22-4c0a-9169-8acfb8baaa19,L1,Profile
916cbb50-7d22-4c0a-9169-8acfb8baaa19,L1,Profile
916cbb50-7d22-4c0a-9169-8acfb8baaa19,L1,Profile
916cbb50-7d22-4c0a-9169-8acfb8baaa19,L1,Profile
916cbb50-7d22-4c0a-9169-8acfb8baaa19,L1,Profile
916cbb50-7d22-4c0a-9169-8acfb8baaa19,L1,Profile
916cbb50-7d22-4c0a-9169-8acfb8baaa19,L1,Profile
916cbb50-7d22-4c0a-9169-8acfb8baaa19,L1,Profile
916cbb50-7d22-4c0a-9169-8acfb8baaa19,L1,Profile
916cbb50-7d22-4c0a-9169-8acfb8baaa19,L1,Profile
916cbb50-7d22-4c0a-9169-8acfb8baaa19,L1,Profile
916cbb50-7d22-4c0a-9169-8acfb8baaa19,L1,Profile
916cbb50-7d22-4c0a-9169-8acfb8baaa19,L1,Profile
916cbb50-7d22-4c0a-9169-8acfb8baaa19,L1,Profile
916cbb50-7d22-4c0a-9169-8acfb8baaa19,L1,Profile
916cbb50-7d22-4c0a-9169-8acfb8baaa19,L1,Profile
916cbb50-7d22-4c0a-9169-8acfb8baaa19,L1,Profile
916cbb50-7d22-4c0a-9169-8acfb8baaa19,L1,Profile
916cbb50-7d22-4c0a-9169-8acfb8baaa19,L1,Profile
916cbb50-7d22-4c0a-9169-8acfb8baaa19,L1,Profile
916cbb50-7d22-4c0a-9169-8acfb8baaa19,L1,Profile
916cbb50-7d22-4c0a-9169-8acfb8baaa19,L1,Profile
916cbb50-7d22-4c0a-9169-8acfb8baaa19,L1,Profile
916cbb50-7d22-4c0a-9169-8acfb8baaa19,L1,Profile
916cbb50-7d22-4c0a-9169-8acfb8baaa19,L1,Profile
916cbb50-7d22-4c0a-9169-8acfb8baaa19,L1,Profile
916cbb50-7d22-4c0a-9169-8acfb8baaa19,L1,Profile
916cbb50-7d22-4c0a-9169-8acfb8baaa19,L1,Profile
916cbb50-7d22-4c0a-9169-8acfb8baaa19,L1,Profile
916cbb50-7d22-4c0a-9169-8acfb8baaa19,L1,Profile
916cbb50-7d22-4c0a-9169-8acfb8baaa19,L1,Profile
916cbb50-7d22-4c0a-9169-8acfb8baaa19,L1,Profile
916cbb50-7d22-4c0a-9169-8acfb8baaa19,L1,Profile
916cbb50-7d22-4c0a-9169-8acfb8baaa19,L1,Profile
916cbb50-7d22-4c0a-9169-8acfb8baaa19,L1,Profile
916cbb50-7d22-4c0a-9169-8acfb8baaa19,L1,Profile
916cbb50-7d22-4c0a-9169-8acfb8baaa19,L1,Profile
916cbb50-7d22-4c0a-9169-8acfb8baaa19,L1,Profile
916cbb50-7d22-4c0a-9169-8acfb8baaa19,L1,Profile
916cbb50-7d22-4c0a-9169-8acfb8baaa19,L1,Profile
916cbb50-7d22-4c0a-9169-8acfb8baaa19,L1,Profile
916cbb50-7d22-4c0a-9169-8acfb8baaa19,L1,Profile
916cbb50-7d22-4c0a-9169-8acfb8baaa19,L1,Profile
916cbb50-7d22-4c0a-9169-8acfb8baaa19,L1,Profile
916cbb50-7d22-4c0a-9169-8acfb8baaa19,L1,Profile
916cbb50-7d22-4c0a-9169-8acfb8baaa19,L1,Profile
916cbb50-7d22-4c0a-9169-8acfb8baaa19,L1,Profile
916cbb50-7d22-4c0a-9169-8acfb8baaa19,L1,Profile
916cbb50-7d22-4c0a-9169-8acfb8baaa19,L1,Profile
916cbb50-7d22-4c0a-9169-8acfb8baaa19,L1,Profile
916cbb50-7d22-4c0a-9169-8acfb8baaa19,L1,Profile
916cbb50-7d22-4c0a-9169-8acfb8baaa19,L1,Profile
916cbb50-7d22-4c0a-9169-8acfb8baaa19,L1,Profile
916cbb50-7d22-4c0a-9169-8acfb8baaa19,L1,Profile
916cbb50-7d22-4c0a-9169-8acfb8baaa19,L1,Profile
916cbb50-7d22-4c0a-9169-8acfb8baaa19,L1,Profile
916cbb50-7d22-4c0a-9169-8acfb8baaa19,L1,Profile
916cbb50-7d22-4c0a-9169-8acfb8baaa19,L1,Profile
916cbb50-7d22-4c0a-9169-8acfb8baaa19,L1,Profile
916cbb50-7d22-4c0a-9169-8acfb8baaa19,L1,Profile
916cbb50-7d22-4c0a-9169-8acfb8baaa19,L1,Profile
916cbb50-7d22-4c0a-9169-8acfb8baaa19,L1,Profile
916cbb50-7d22-4c0a-9169-8acfb8baaa19,L1,Profile
916cbb50-7d22-4c0a-9169-8acfb8baaa19,L1,Profile
916cbb50-7d22-4c0a-9169-8acfb8baaa19,L1,Profile
916cbb50-7d22-4c0a-9169-8acfb8baaa19,L1,Profile
916cbb50-7d22-4c0a-9169-8acfb8baaa19,L1,Profile
916cbb50-7d22-4c0a-9169-8acfb8baaa19,L1,Profile
916cbb50-7d22-4c0a-9169-8acfb8baaa19,L1,Profile
916cbb50-7d22-4c0a-9169-8acfb8baaa19,L1,Profile
916cbb50-7d22-4c0a-9169-8acfb8baaa19,L1,Profile
916cbb50-7d22-4c0a-9169-8acfb8baaa19,L1,Profile
916cbb50-7d22-4c0a-9169-8acfb8baaa19,L1,Profile
916cbb50-7d22-4c0a-9169-8acfb8baaa19,L1,Profile
916cbb50-7d22-4c0a-9169-8acfb8baaa19,L1,Profile
916cbb50-7d22-4c0a-9169-8acfb8baaa19,L1,Profile
916cbb50-7d22-4c0a-9169-8acfb8baaa19,L1,Profile
916cbb50-7d22-4c0a-9169-8acfb8baaa19,L1,Profile
916cbb50-7d22-4c0a-9169-8acfb8baaa19,L1,Profile
916cbb50-7d22-4c0a-9169-8acfb8baaa19,L1,Profile
916cbb50-7d22-4c0a-9169-8acfb8baaa19,L1,Profile
916cbb50-7d22-4c0a-9169-8acfb8baaa19,L1,Profile
916cbb50-7d22-4c0a-9169-8acfb8baaa19,L1,Profile
916cbb50-7d22-4c0a-9169-8acfb8baaa19,L1,Profile
916cbb50-7d22-4c0a-9169-8acfb8baaa19,L1,Profile
916cbb50-7d22-4c0a-9169-8acfb8baaa19,L1,Profile
916cbb50-7d22-4c0a-9169-8acfb8baaa19,L1,Profile
916cbb50-7d22-4c0a-9169-8acfb8baaa19,L1,Profile
916cbb50-7d22-4c0a-9169-8acfb8baaa19,L1,Profile
916cbb50-7d22-4c0a-9169-8acfb8baaa19,L1,Profile
916cbb50-7d22-4c0a-9169-8acfb8baaa19,L1,Profile
916cbb50-7d22-4c0a-9169-8acfb8baaa19,L1,Profile
916cbb50-7d22-4c0a-9169-8acfb8baaa19,L1,Profile
916cbb50-7d22-4c0a-9169-8acfb8baaa19,L1,Profile
916cbb50-7d22-4c0a-9169-8acfb8baaa19,L1,Profile
916cbb50-7d22-4c0a-9169-8acfb8baaa19,L1,Profile
916cbb50-7d22-4c0a-9169-8acfb8baaa19,L1,Profile
916cbb50-7d22-4c0a-9169-8acfb8baaa19,L1,Profile
916cbb50-7d22-4c0a-9169-8acfb8baaa19,L1,Profile
916cbb50-7d22-4c0a-9169-8acfb8baaa19,L1,Profile
916cbb50-7d22-4c0a-9169-8acfb8baaa19,L1,Profile
916cbb50-7d22-4c0a-9169-8acfb8baaa19,L1,Profile
916cbb50-7d22-4c0a-9169-8acfb8baaa19,L1,Profile
916cbb50-7d22-4c0a-9169-8acfb8baaa19,L1,Profile
916cbb50-7d22-4c0a-9169-8acfb8baaa19,L1,Profile
916cbb50-7d22-4c0a-9169-8acfb8baaa19,L1,Profile
916cbb50-7d22-4c0a-9169-8acfb8baaa19,L1,Profile
916cbb50-7d22-4c0a-9169-8acfb8baaa19,L1,Profile
916cbb50-7d22-4c0a-9169-8acfb8baaa19,L1,Profile
916cbb50-7d22-4c0a-9169-8acfb8baaa19,L1,Profile
916cbb50-7d22-4c0a-9169-8acfb8baaa19,L1,Profile
916cbb50-7d22-4c0a-9169-8acfb8baaa19,L1,Profile
916cbb50-7d22-4c0a-9169-8acfb8baaa19,L1,Profile
916cbb50-7d22-4c0a-9169-8acfb8baaa19,L1,Profile
916cbb50-7d22-4c0a-9169-8acfb8baaa19,L1,Profile
916cbb50-7d22-4c0a-9169-8acfb8baaa19,L1,Profile
916cbb50-7d22-4c0a-9169-8acfb8baaa19,L1,Profile
916cbb50-7d22-4c0a-9169-8acfb8baaa19,L1,Profile
916cbb50-7d22-4c0a-9169-8acfb8baaa19,L1,Profile
916cbb50-7d22-4c0a-9169-8acfb8baaa19,L1,Profile
916cbb50-7d22-4c0a-9169-8acfb8baaa19,L1,Profile
916cbb50-7d22-4c0a-9169-8acfb8baaa19,L1,Profile
916cbb50-7d22-4c0a-9169-8acfb8baaa19,L1,Profile
916cbb50-7d22-4c0a-9169-8acfb8baaa19,L1,Profile
916cbb50-7d22-4c0a-9169-8acfb8baaa19,L1,Profile
916cbb50-7d22-4c0a-9169-8acfb8baaa19,L1,Profile
916cbb50-7d22-4c0a-9169-8acfb8baaa19,L1,Profile
916cbb50-7d22-4c0a-9169-8acfb8baaa19,L1,Profile
916cbb50-7d22-4c0a-9169-8acfb8baaa19,L1,Profile
916cbb50-7d22-4c0a-9169-8acfb8baaa19,L1,Profile
916cbb50-7d22-4c0a-9169-8acfb8baaa19,L1,Profile
916cbb50-7d22-4c0a-9169-8acfb8baaa19,L1,Profile
916cbb50-7d22-4c0a-9169-8acfb8baaa19,L1,Profile
916cbb50-7d22-4c0a-9169-8acfb8baaa19,L1,Profile
916cbb50-7d22-4c0a-9169-8acfb8baaa19,L1,Profile
916cbb50-7d22-4c0a-9169-8acfb8baaa19,L1,Profile
916cbb50-7d22-4c0a-9169-8acfb8baaa19,L1,Profile
916cbb50-7d22-4c0a-9169-8acfb8baaa19,L1,Profile
916cbb50-7d22-4c0a-9169-8acfb8baaa19,L1,Profile
916cbb50-7d22-4c0a-9169-8acfb8baaa19,L1,Profile
916cbb50-7d22-4c0a-9169-8acfb8baaa19,L1,Profile
916cbb50-7d22-4c0a-9169-8acfb8baaa19,L1,Profile
916cbb50-7d22-4c0a-9169-8acfb8baaa19,L1,Profile
916cbb50-7d22-4c0a-9169-8acfb8baaa19,L1,Profile
916cbb50-7d22-4c0a-9169-8acfb8baaa19,L1,Profile
916cbb50-7d22-4c0a-9169-8acfb8baaa19,L1,Profile
916cbb50-7d22-4c0a-9169-8acfb8baaa19,L1,Profile
916cbb50-7d22-4c0a-9169-8acfb8baaa19,L1,Profile
916cbb50-7d22-4c0a-9169-8acfb8baaa19,L1,Profile
916cbb50-7d22-4c0a-9169-8acfb8baaa19,L1,Profile
916cbb50-7d22-4c0a-9169-8acfb8baaa19,L1,Profile
916cbb50-7d22-4c0a-9169-8acfb8baaa19,L1,Profile
916cbb50-7d22-4c0a-9169-8acfb8baaa19,L1,Profile
916cbb50-7d22-4c0a-9169-8acfb8baaa19,L1,Profile
916cbb50-7d22-4c0a-9169-8acfb8baaa19,L1,Profile
916cbb50-7d22-4c0a-9169-8acfb8baaa19,L1,Profile
916cbb50-7d22-4c0a-9169-8acfb8baaa19,L1,Profile
916cbb50-7d22-4c0a-9169-8acfb8baaa19,L1,Profile
916cbb50-7d22-4c0a-9169-8acfb8baaa19,L1,Profile
916cbb50-7d22-4c0a-9169-8acfb8baaa19,L1,Profile
916cbb50-7d22-4c0a-9169-8acfb8baaa19,L1,Profile
916cbb50-7d22-4c0a-9169-8acfb8baaa19,L1,Profile
916cbb50-7d22-4c0a-9169-8acfb8baaa19,L1,Profile
916cbb50-7d22-4c0a-9169-8acfb8baaa19,L1,Profile
916cbb50-7d22-4c0a-9169-8acfb8baaa19,L1,Profile
916cbb50-7d22-4c0a-9169-8acfb8baaa19,L1,Profile
916cbb50-7d22-4c0a-9169-8acfb8baaa19,L1,Profile
916cbb50-7d22-4c0a-9169-8acfb8baaa19,L1,Profile
916cbb50-7d22-4c0a-9169-8acfb8baaa19,L1,Profile
916cbb50-7d22-4c0a-9169-8acfb8baaa19,L1,Profile
916cbb50-7d22-4c0a-9169-8acfb8baaa19,L1,Profile
916cbb50-7d22-4c0a-9169-8acfb8baaa19,L1,Profile
916cbb50-7d22-4c0a-9169-8acfb8baaa19,L1,Profile
916cbb50-7d22-4c0a-9169-8acfb8baaa19,L1,Profile
916cbb50-7d22-4c0a-9169-8acfb8baaa19,L1,Profile
916cbb50-7d22-4c0a-9169-8acfb8baaa19,L1,Profile
916cbb50-7d22-4c0a-9169-8acfb8baaa19,L1,Profile
916cbb50-7d22-4c0a-9169-8acfb8baaa19,L1,Profile
916cbb50-7d22-4c0a-9169-8acfb8baaa19,L1,Profile
916cbb50-7d22-4c0a-9169-8acfb8baaa19,L1,Profile
916cbb50-7d22-4c0a-9169-8acfb8baaa19,L1,Profile
916cbb50-7d22-4c0a-9169-8acfb8baaa19,L1,Profile
916cbb50-7d22-4c0a-9169-8acfb8baaa19,L1,Profile
916cbb50-7d22-4c0a-9169-8acfb8baaa19,L1,Profile
916cbb50-7d22-4c0a-9169-8acfb8baaa19,L1,Profile
916cbb50-7d22-4c0a-9169-8acfb8baaa19,L1,Profile
916cbb50-7d22-4c0a-9169-8acfb8baaa19,L1,Profile
916cbb50-7d22-4c0a-9169-8acfb8baaa19,L1,Profile
916cbb50-7d22-4c0a-9169-8acfb8baaa19,L1,Profile
916cbb50-7d22-4c0a-9169-8acfb8baaa19,L1,Profile
916cbb50-7d22-4c0a-9169-8acfb8baaa19,L1,Profile
916cbb50-7d22-4c0a-9169-8acfb8baaa19,L1,Profile
916cbb50-7d22-4c0a-9169-8acfb8baaa19,L1,Profile
916cbb50-7d22-4c0a-9169-8acfb8baaa19,L1,Profile
916cbb50-7d22-4c0a-9169-8acfb8baaa19,L1,Profile
916cbb50-7d22-4c0a-9169-8acfb8baaa19,L1,Profile
916cbb50-7d22-4c0a-9169-8acfb8baaa19,L1,Profile
916cbb50-7d22-4c0a-9169-8acfb8baaa19,L1,Profile
916cbb50-7d22-4c0a-9169-8acfb8baaa19,L1,Profile
916cbb50-7d22-4c0a-9169-8acfb8baaa19,L1,Profile
916cbb50-7d22-4c0a-9169-8acfb8baaa19,L1,Profile
916cbb50-7d22-4c0a-9169-8acfb8baaa19,L1,Profile
916cbb50-7d22-4c0a-9169-8acfb8baaa19,L1,Profile
916cbb50-7d22-4c0a-9169-8acfb8baaa19,L1,Profile
916cbb50-7d22-4c0a-9169-8acfb8baaa19,L1,Profile
916cbb50-7d22-4c0a-9169-8acfb8baaa19,L1,Profile
916cbb50-7d22-4c0a-9169-8acfb8baaa19,L1,Profile
916cbb50-7d22-4c0a-9169-8acfb8baaa19,L1,Profile
916cbb50-7d22-4c0a-9169-8acfb8baaa19,L1,Profile
916cbb50-7d22-4c0a-9169-8acfb8baaa19,L1,Profile
916cbb50-7d22-4c0a-9169-8acfb8baaa19,L1,Profile
916cbb50-7d22-4c0a-9169-8acfb8baaa19,L1,Profile
916cbb50-7d22-4c0a-9169-8acfb8baaa19,L1,Profile
916cbb50-7d22-4c0a-9169-8acfb8baaa19,L1,Profile
916cbb50-7d22-4c0a-9169-8acfb8baaa19,L1,Profile
916cbb50-7d22-4c0a-9169-8acfb8baaa19,L1,Profile
916cbb50-7d22-4c0a-9169-8acfb8baaa19,L1,Profile
916cbb50-7d22-4c0a-9169-8acfb8baaa19,L1,Profile
916cbb50-7d22-4c0a-9169-8acfb8baaa19,L1,Profile
916cbb50-7d22-4c0a-9169-8acfb8baaa19,L1,Profile
916cbb50-7d22-4c0a-9169-8acfb8baaa19,L1,Profile
916cbb50-7d22-4c0a-9169-8acfb8baaa19,L1,Profile
916cbb50-7d22-4c0a-9169-8acfb8baaa19,L1,Profile
916cbb50-7d22-4c0a-9169-8acfb8baaa19,L1,Profile
916cbb50-7d22-4c0a-9169-8acfb8baaa19,L1,Profile
916cbb50-7d22-4c0a-9169-8acfb8baaa19,L1,Profile
916cbb50-7d22-4c0a-9169-8acfb8baaa19,L1,Profile
916cbb50-7d22-4c0a-9169-8acfb8baaa19,L1,Profile
916cbb50-7d22-4c0a-9169-8acfb8baaa19,L1,Profile
916cbb50-7d22-4c0a-9169-8acfb8baaa19,L1,Profile
916cbb50-7d22-4c0a-9169-8acfb8baaa19,L1,Profile
916cbb50-7d22-4c0a-9169-8acfb8baaa19,L1,Profile
916cbb50-7d22-4c0a-9169-8acfb8baaa19,L1,Profile
916cbb50-7d22-4c0a-9169-8acfb8baaa19,L1,Profile
916cbb50-7d22-4c0a-9169-8acfb8baaa19,L1,Profile
916cbb50-7d22-4c0a-9169-8acfb8baaa19,L1,Profile
916cbb50-7d22-4c0a-9169-8acfb8baaa19,L1,Profile
916cbb50-7d22-4c0a-9169-8acfb8baaa19,L1,Profile
916cbb50-7d22-4c0a-9169-8acfb8baaa19,L1,Profile
916cbb50-7d22-4c0a-9169-8acfb8baaa19,L1,Profile
916cbb50-7d22-4c0a-9169-8acfb8baaa19,L1,Profile
916cbb50-7d22-4c0a-9169-8acfb8baaa19,L1,Profile
916cbb50-7d22-4c0a-9169-8acfb8baaa19,L1,Profile
916cbb50-7d22-4c0a-9169-8acfb8baaa19,L1,Profile
916cbb50-7d22-4c0a-9169-8acfb8baaa19,L1,Profile
916cbb50-7d22-4c0a-9169-8acfb8baaa19,L1,Profile
916cbb50-7d22-4c0a-9169-8acfb8baaa19,L1,Profile
916cbb50-7d22-4c0a-9169-8acfb8baaa19,L1,Profile
916cbb50-7d22-4c0a-9169-8acfb8baaa19,L1,Profile
916cbb50-7d22-4c0a-9169-8acfb8baaa19,L1,Profile
916cbb50-7d22-4c0a-9169-8acfb8baaa19,L1,Profile
916cbb50-7d22-4c0a-9169-8acfb8baaa19,L1,Profile
916cbb50-7d22-4c0a-9169-8acfb8baaa19,L1,Profile
916cbb50-7d22-4c0a-9169-8acfb8baaa19,L1,Profile
916cbb50-7d22-4c0a-9169-8acfb8baaa19,L1,Profile
916cbb50-7d22-4c0a-9169-8acfb8baaa19,L1,Profile
916cbb50-7d22-4c0a-9169-8acfb8baaa19,L1,Profile
916cbb50-7d22-4c0a-9169-8acfb8baaa19,L1,Profile
916cbb50-7d22-4c0a-9169-8acfb8baaa19,L1,Profile
916cbb50-7d22-4c0a-9169-8acfb8baaa19,L1,Profile
916cbb50-7d22-4c0a-9169-8acfb8baaa19,L1,Profile
916cbb50-7d22-4c0a-9169-8acfb8baaa19,L1,Profile
916cbb50-7d22-4c0a-9169-8acfb8baaa19,L1,Profile
916cbb50-7d22-4c0a-9169-8acfb8baaa19,L1,Profile
916cbb50-7d22-4c0a-9169-8acfb8baaa19,L1,Profile
916cbb50-7d22-4c0a-9169-8acfb8baaa19,L1,Profile
916cbb50-7d22-4c0a-9169-8acfb8baaa19,L1,Profile
916cbb50-7d22-4c0a-9169-8acfb8baaa19,L1,Profile
916cbb50-7d22-4c0a-9169-8acfb8baaa19,L1,Profile
916cbb50-7d22-4c0a-9169-8acfb8baaa19,L1,Profile
916cbb50-7d22-4c0a-9169-8acfb8baaa19,L1,Profile
916cbb50-7d22-4c0a-9169-8acfb8baaa19,L1,Profile
916cbb50-7d22-4c0a-9169-8acfb8baaa19,L1,Profile
916cbb50-7d22-4c0a-9169-8acfb8baaa19,L1,Profile
916cbb50-7d22-4c0a-9169-8acfb8baaa19,L1,Profile
916cbb50-7d22-4c0a-9169-8acfb8baaa19,L1,Profile
916cbb50-7d22-4c0a-9169-8acfb8baaa19,L1,Profile
916cbb50-7d22-4c0a-9169-8acfb8baaa19,L1,Profile
916cbb50-7d22-4c0a-9169-8acfb8baaa19,L1,Profile
916cbb50-7d22-4c0a-9169-8acfb8baaa19,L1,Profile
916cbb50-7d22-4c0a-9169-8acfb8baaa19,L1,Profile
916cbb50-7d22-4c0a-9169-8acfb8baaa19,L1,Profile
916cbb50-7d22-4c0a-9169-8acfb8baaa19,L1,Profile
916cbb50-7d22-4c0a-9169-8acfb8baaa19,L1,Profile
916cbb50-7d22-4c0a-9169-8acfb8baaa19,L1,Profile
916cbb50-7d22-4c0a-9169-8acfb8baaa19,L1,Profile
916cbb50-7d22-4c0a-9169-8acfb8baaa19,L1,Profile
916cbb50-7d22-4c0a-9169-8acfb8baaa19,L1,Profile
916cbb50-7d22-4c0a-9169-8acfb8baaa19,L1,Profile
916cbb50-7d22-4c0a-9169-8acfb8baaa19,L1,Profile
916cbb50-7d22-4c0a-9169-8acfb8baaa19,L1,Profile
916cbb50-7d22-4c0a-9169-8acfb8baaa19,L1,Profile
916cbb50-7d22-4c0a-9169-8acfb8baaa19,L1,Profile
916cbb50-7d22-4c0a-9169-8acfb8baaa19,L1,Profile
916cbb50-7d22-4c0a-9169-8acfb8baaa19,L1,Profile
916cbb50-7d22-4c0a-9169-8acfb8baaa19,L1,Profile
916cbb50-7d22-4c0a-9169-8acfb8baaa19,L1,Profile
916cbb50-7d22-4c0a-9169-8acfb8baaa19,L1,Profile
916cbb50-7d22-4c0a-9169-8acfb8baaa19,L1,Profile
916cbb50-7d22-4c0a-9169-8acfb8baaa19,L1,Profile
916cbb50-7d22-4c0a-9169-8acfb8baaa19,L1,Profile
916cbb50-7d22-4c0a-9169-8acfb8baaa19,L1,Profile
916cbb50-7d22-4c0a-9169-8acfb8baaa19,L1,Profile
916cbb50-7d22-4c0a-9169-8acfb8baaa19,L1,Profile
916cbb50-7d22-4c0a-9169-8acfb8baaa19,L1,Profile
916cbb50-7d22-4c0a-9169-8acfb8baaa19,L1,Profile
916cbb50-7d22-4c0a-9169-8acfb8baaa19,L1,Profile
916cbb50-7d22-4c0a-9169-8acfb8baaa19,L1,Profile
916cbb50-7d22-4c0a-9169-8acfb8baaa19,L1,Profile
916cbb50-7d22-4c0a-9169-8acfb8baaa19,L1,Profile
916cbb50-7d22-4c0a-9169-8acfb8baaa19,L1,Profile
916cbb50-7d22-4c0a-9169-8acfb8baaa19,L1,Profile
916cbb50-7d22-4c0a-9169-8acfb8baaa19,L1,Profile
916cbb50-7d22-4c0a-9169-8acfb8baaa19,L1,Profile
916cbb50-7d22-4c0a-9169-8acfb8baaa19,L1,Profile
916cbb50-7d22-4c0a-9169-8acfb8baaa19,L1,Profile
916cbb50-7d22-4c0a-9169-8acfb8baaa19,L1,Profile
916cbb50-7d22-4c0a-9169-8acfb8baaa19,L1,Profile
916cbb50-7d22-4c0a-9169-8acfb8baaa19,L1,Profile
916cbb50-7d22-4c0a-9169-8acfb8baaa19,L1,Profile
916cbb50-7d22-4c0a-9169-8acfb8baaa19,L1,Profile
916cbb50-7d22-4c0a-9169-8acfb8baaa19,L1,Profile
916cbb50-7d22-4c0a-9169-8acfb8baaa19,L1,Profile
916cbb50-7d22-4c0a-9169-8acfb8baaa19,L1,Profile
916cbb50-7d22-4c0a-9169-8acfb8baaa19,L1,Profile
916cbb50-7d22-4c0a-9169-8acfb8baaa19,L1,Profile
916cbb50-7d22-4c0a-9169-8acfb8baaa19,L1,Profile
916cbb50-7d22-4c0a-9169-8acfb8baaa19,L1,Profile
916cbb50-7d22-4c0a-9169-8acfb8baaa19,L1,Profile
916cbb50-7d22-4c0a-9169-8acfb8baaa19,L1,Profile
916cbb50-7d22-4c0a-9169-8acfb8baaa19,L1,Profile
916cbb50-7d22-4c0a-9169-8acfb8baaa19,L1,Profile
916cbb50-7d22-4c0a-9169-8acfb8baaa19,L1,Profile
916cbb50-7d22-4c0a-9169-8acfb8baaa19,L1,Profile
916cbb50-7d22-4c0a-9169-8acfb8baaa19,L1,Profile
916cbb50-7d22-4c0a-9169-8acfb8baaa19,L1,Profile
916cbb50-7d22-4c0a-9169-8acfb8baaa19,L1,Profile
916cbb50-7d22-4c0a-9169-8acfb8baaa19,L1,Profile
916cbb50-7d22-4c0a-9169-8acfb8baaa19,L1,Profile
916cbb50-7d22-4c0a-9169-8acfb8baaa19,L1,Profile
916cbb50-7d22-4c0a-9169-8acfb8baaa19,L1,Profile
916cbb50-7d22-4c0a-9169-8acfb8baaa19,L1,Profile
916cbb50-7d22-4c0a-9169-8acfb8baaa19,L1,Profile
916cbb50-7d22-4c0a-9169-8acfb8baaa19,L1,Profile
916cbb50-7d22-4c0a-9169-8acfb8baaa19,L1,Profile
916cbb50-7d22-4c0a-9169-8acfb8baaa19,L1,Profile
916cbb50-7d22-4c0a-9169-8acfb8baaa19,L1,Profile
916cbb50-7d22-4c0a-9169-8acfb8baaa19,L1,Profile
916cbb50-7d22-4c0a-9169-8acfb8baaa19,L1,Profile
916cbb50-7d22-4c0a-9169-8acfb8baaa19,L1,Profile
916cbb50-7d22-4c0a-9169-8acfb8baaa19,L1,Profile
916cbb50-7d22-4c0a-9169-8acfb8baaa19,L1,Profile
916cbb50-7d22-4c0a-9169-8acfb8baaa19,L1,Profile
916cbb50-7d22-4c0a-9169-8acfb8baaa19,L1,Profile
916cbb50-7d22-4c0a-9169-8acfb8baaa19,L1,Profile
916cbb50-7d22-4c0a-9169-8acfb8baaa19,L1,Profile
916cbb50-7d22-4c0a-9169-8acfb8baaa19,L1,Profile
916cbb50-7d22-4c0a-9169-8acfb8baaa19,L1,Profile
916cbb50-7d22-4c0a-9169-8acfb8baaa19,L1,Profile
916cbb50-7d22-4c0a-9169-8acfb8baaa19,L1,Profile
916cbb50-7d22-4c0a-9169-8acfb8baaa19,L1,Profile
916cbb50-7d22-4c0a-9169-8acfb8baaa19,L1,Profile
916cbb50-7d22-4c0a-9169-8acfb8baaa19,L1,Profile
916cbb50-7d22-4c0a-9169-8acfb8baaa19,L1,Profile
916cbb50-7d22-4c0a-9169-8acfb8baaa19,L1,Profile
916cbb50-7d22-4c0a-9169-8acfb8baaa19,L1,Profile
916cbb50-7d22-4c0a-9169-8acfb8baaa19,L1,Profile
916cbb50-7d22-4c0a-9169-8acfb8baaa19,L1,Profile
916cbb50-7d22-4c0a-9169-8acfb8baaa19,L1,Profile
916cbb50-7d22-4c0a-9169-8acfb8baaa19,L1,Profile
916cbb50-7d22-4c0a-9169-8acfb8baaa19,L1,Profile
916cbb50-7d22-4c0a-9169-8acfb8baaa19,L1,Profile
916cbb50-7d22-4c0a-9169-8acfb8baaa19,L1,Profile
916cbb50-7d22-4c0a-9169-8acfb8baaa19,L1,Profile
916cbb50-7d22-4c0a-9169-8acfb8baaa19,L1,Profile
916cbb50-7d22-4c0a-9169-8acfb8baaa19,L1,Profile
916cbb50-7d22-4c0a-9169-8acfb8baaa19,L1,Profile
916cbb50-7d22-4c0a-9169-8acfb8baaa19,L1,Profile
916cbb50-7d22-4c0a-9169-8acfb8baaa19,L1,Profile
916cbb50-7d22-4c0a-9169-8acfb8baaa19,L1,Profile
916cbb50-7d22-4c0a-9169-8acfb8baaa19,L1,Profile
916cbb50-7d22-4c0a-9169-8acfb8baaa19,L1,Profile
916cbb50-7d22-4c0a-9169-8acfb8baaa19,L1,Profile
916cbb50-7d22-4c0a-9169-8acfb8baaa19,L1,Profile
916cbb50-7d22-4c0a-9169-8acfb8baaa19,L1,Profile
916cbb50-7d22-4c0a-9169-8acfb8baaa19,L1,Profile
916cbb50-7d22-4c0a-9169-8acfb8baaa19,L1,Profile
916cbb50-7d22-4c0a-9169-8acfb8baaa19,L1,Profile
916cbb50-7d22-4c0a-9169-8acfb8baaa19,L1,Profile
916cbb50-7d22-4c0a-9169-8acfb8baaa19,L1,Profile
916cbb50-7d22-4c0a-9169-8acfb8baaa19,L1,Profile
916cbb50-7d22-4c0a-9169-8acfb8baaa19,L1,Profile
916cbb50-7d22-4c0a-9169-8acfb8baaa19,L1,Profile
916cbb50-7d22-4c0a-9169-8acfb8baaa19,L1,Profile
916cbb50-7d22-4c0a-9169-8acfb8baaa19,L1,Profile
916cbb50-7d22-4c0a-9169-8acfb8baaa19,L1,Profile
916cbb50-7d22-4c0a-9169-8acfb8baaa19,L1,Profile
916cbb50-7d22-4c0a-9169-8acfb8baaa19,L1,Profile
916cbb50-7d22-4c0a-9169-8acfb8baaa19,L1,Profile
916cbb50-7d22-4c0a-9169-8acfb8baaa19,L1,Profile
916cbb50-7d22-4c0a-9169-8acfb8baaa19,L1,Profile
916cbb50-7d22-4c0a-9169-8acfb8baaa19,L1,Profile
916cbb50-7d22-4c0a-9169-8acfb8baaa19,L1,Profile
916cbb50-7d22-4c0a-9169-8acfb8baaa19,L1,Profile
916cbb50-7d22-4c0a-9169-8acfb8baaa19,L1,Profile
916cbb50-7d22-4c0a-9169-8acfb8baaa19,L1,Profile
916cbb50-7d22-4c0a-9169-8acfb8baaa19,L1,Profile
916cbb50-7d22-4c0a-9169-8acfb8baaa19,L1,Profile
916cbb50-7d22-4c0a-9169-8acfb8baaa19,L1,Profile
916cbb50-7d22-4c0a-9169-8acfb8baaa19,L1,Profile
916cbb50-7d22-4c0a-9169-8acfb8baaa19,L1,Profile
916cbb50-7d22-4c0a-9169-8acfb8baaa19,L1,Profile
916cbb50-7d22-4c0a-9169-8acfb8baaa19,L1,Profile
916cbb50-7d22-4c0a-9169-8acfb8baaa19,L1,Profile
916cbb50-7d22-4c0a-9169-8acfb8baaa19,L1,Profile
916cbb50-7d22-4c0a-9169-8acfb8baaa19,L1,Profile
916cbb50-7d22-4c0a-9169-8acfb8baaa19,L1,Profile
916cbb50-7d22-4c0a-9169-8acfb8baaa19,L1,Profile
916cbb50-7d22-4c0a-9169-8acfb8baaa19,L1,Profile
916cbb50-7d22-4c0a-9169-8acfb8baaa19,L1,Profile
916cbb50-7d22-4c0a-9169-8acfb8baaa19,L1,Profile
916cbb50-7d22-4c0a-9169-8acfb8baaa19,L1,Profile
916cbb50-7d22-4c0a-9169-8acfb8baaa19,L1,Profile
916cbb50-7d22-4c0a-9169-8acfb8baaa19,L1,Profile
916cbb50-7d22-4c0a-9169-8acfb8baaa19,L1,Profile
916cbb50-7d22-4c0a-9169-8acfb8baaa19,L1,Profile
916cbb50-7d22-4c0a-9169-8acfb8baaa19,L1,Profile
916cbb50-7d22-4c0a-9169-8acfb8baaa19,L1,Profile
916cbb50-7d22-4c0a-9169-8acfb8baaa19,L1,Profile
916cbb50-7d22-4c0a-9169-8acfb8baaa19,L1,Profile
916cbb50-7d22-4c0a-9169-8acfb8baaa19,L1,Profile
916cbb50-7d22-4c0a-9169-8acfb8baaa19,L1,Profile
916cbb50-7d22-4c0a-9169-8acfb8baaa19,L1,Profile
916cbb50-7d22-4c0a-9169-8acfb8baaa19,L1,Profile
916cbb50-7d22-4c0a-9169-8acfb8baaa19,L1,Profile
916cbb50-7d22-4c0a-9169-8acfb8baaa19,L1,Profile
916cbb50-7d22-4c0a-9169-8acfb8baaa19,L1,Profile
916cbb50-7d22-4c0a-9169-8acfb8baaa19,L1,Profile
916cbb50-7d22-4c0a-9169-8acfb8baaa19,L1,Profile
916cbb50-7d22-4c0a-9169-8acfb8baaa19,L1,Profile
916cbb50-7d22-4c0a-9169-8acfb8baaa19,L1,Profile
916cbb50-7d22-4c0a-9169-8acfb8baaa19,L1,Profile
916cbb50-7d22-4c0a-9169-8acfb8baaa19,L1,Profile
916cbb50-7d22-4c0a-9169-8acfb8baaa19,L1,Profile
916cbb50-7d22-4c0a-9169-8acfb8baaa19,L1,Profile
916cbb50-7d22-4c0a-9169-8acfb8baaa19,L1,Profile
916cbb50-7d22-4c0a-9169-8acfb8baaa19,L1,Profile
916cbb50-7d22-4c0a-9169-8acfb8baaa19,L1,Profile
916cbb50-7d22-4c0a-9169-8acfb8baaa19,L1,Profile
916cbb50-7d22-4c0a-9169-8acfb8baaa19,L1,Profile
916cbb50-7d22-4c0a-9169-8acfb8baaa19,L1,Profile
916cbb50-7d22-4c0a-9169-8acfb8baaa19,L1,Profile
916cbb50-7d22-4c0a-9169-8acfb8baaa19,L1,Profile
916cbb50-7d22-4c0a-9169-8acfb8baaa19,L1,Profile
916cbb50-7d22-4c0a-9169-8acfb8baaa19,L1,Profile
916cbb50-7d22-4c0a-9169-8acfb8baaa19,L1,Profile
916cbb50-7d22-4c0a-9169-8acfb8baaa19,L1,Profile
916cbb50-7d22-4c0a-9169-8acfb8baaa19,L1,Profile
916cbb50-7d22-4c0a-9169-8acfb8baaa19,L1,Profile
916cbb50-7d22-4c0a-9169-8acfb8baaa19,L1,Profile
916cbb50-7d22-4c0a-9169-8acfb8baaa19,L1,Profile
916cbb50-7d22-4c0a-9169-8acfb8baaa19,L1,Profile
916cbb50-7d22-4c0a-9169-8acfb8baaa19,L1,Profile
916cbb50-7d22-4c0a-9169-8acfb8baaa19,L1,Profile
916cbb50-7d22-4c0a-9169-8acfb8baaa19,L1,Profile
916cbb50-7d22-4c0a-9169-8acfb8baaa19,L1,Profile
916cbb50-7d22-4c0a-9169-8acfb8baaa19,L1,Profile
916cbb50-7d22-4c0a-9169-8acfb8baaa19,L1,Profile
916cbb50-7d22-4c0a-9169-8acfb8baaa19,L1,Profile
916cbb50-7d22-4c0a-9169-8acfb8baaa19,L1,Profile
916cbb50-7d22-4c0a-9169-8acfb8baaa19,L1,Profile
916cbb50-7d22-4c0a-9169-8acfb8baaa19,L1,Profile
916cbb50-7d22-4c0a-9169-8acfb8baaa19,L1,Profile
916cbb50-7d22-4c0a-9169-8acfb8baaa19,L1,Profile
916cbb50-7d22-4c0a-9169-8acfb8baaa19,L1,Profile
916cbb50-7d22-4c0a-9169-8acfb8baaa19,L1,Profile
916cbb50-7d22-4c0a-9169-8acfb8baaa19,L1,Profile
916cbb50-7d22-4c0a-9169-8acfb8baaa19,L1,Profile
916cbb50-7d22-4c0a-9169-8acfb8baaa19,L1,Profile
916cbb50-7d22-4c0a-9169-8acfb8baaa19,L1,Profile
916cbb50-7d22-4c0a-9169-8acfb8baaa19,L1,Profile
916cbb50-7d22-4c0a-9169-8acfb8baaa19,L1,Profile
916cbb50-7d22-4c0a-9169-8acfb8baaa19,L1,Profile
916cbb50-7d22-4c0a-9169-8acfb8baaa19,L1,Profile
916cbb50-7d22-4c0a-9169-8acfb8baaa19,L1,Profile
916cbb50-7d22-4c0a-9169-8acfb8baaa19,L1,Profile
916cbb50-7d22-4c0a-9169-8acfb8baaa19,L1,Profile
916cbb50-7d22-4c0a-9169-8acfb8baaa19,L1,Profile
916cbb50-7d22-4c0a-9169-8acfb8baaa19,L1,Profile
916cbb50-7d22-4c0a-9169-8acfb8baaa19,L1,Profile
916cbb50-7d22-4c0a-9169-8acfb8baaa19,L1,Profile
916cbb50-7d22-4c0a-9169-8acfb8baaa19,L1,Profile
916cbb50-7d22-4c0a-9169-8acfb8baaa19,L1,Profile
916cbb50-7d22-4c0a-9169-8acfb8baaa19,L1,Profile
916cbb50-7d22-4c0a-9169-8acfb8baaa19,L1,Profile
916cbb50-7d22-4c0a-9169-8acfb8baaa19,L1,Profile
916cbb50-7d22-4c0a-9169-8acfb8baaa19,L1,Profile
916cbb50-7d22-4c0a-9169-8acfb8baaa19,L1,Profile
916cbb50-7d22-4c0a-9169-8acfb8baaa19,L1,Profile
916cbb50-7d22-4c0a-9169-8acfb8baaa19,L1,Profile
916cbb50-7d22-4c0a-9169-8acfb8baaa19,L1,Profile
916cbb50-7d22-4c0a-9169-8acfb8baaa19,L1,Profile
916cbb50-7d22-4c0a-9169-8acfb8baaa19,L1,Profile
916cbb50-7d22-4c0a-9169-8acfb8baaa19,L1,Profile
916cbb50-7d22-4c0a-9169-8acfb8baaa19,L1,Profile
916cbb50-7d22-4c0a-9169-8acfb8baaa19,L1,Profile
916cbb50-7d22-4c0a-9169-8acfb8baaa19,L1,Profile
916cbb50-7d22-4c0a-9169-8acfb8baaa19,L1,Profile
916cbb50-7d22-4c0a-9169-8acfb8baaa19,L1,Profile
916cbb50-7d22-4c0a-9169-8acfb8baaa19,L1,Profile
916cbb50-7d22-4c0a-9169-8acfb8baaa19,L1,Profile
916cbb50-7d22-4c0a-9169-8acfb8baaa19,L1,Profile
916cbb50-7d22-4c0a-9169-8acfb8baaa19,L1,Profile
916cbb50-7d22-4c0a-9169-8acfb8baaa19,L1,Profile
916cbb50-7d22-4c0a-9169-8acfb8baaa19,L1,Profile
916cbb50-7d22-4c0a-9169-8acfb8baaa19,L1,Profile
916cbb50-7d22-4c0a-9169-8acfb8baaa19,L1,Profile
916cbb50-7d22-4c0a-9169-8acfb8baaa19,L1,Profile
916cbb50-7d22-4c0a-9169-8acfb8baaa19,L1,Profile
916cbb50-7d22-4c0a-9169-8acfb8baaa19,L1,Profile
916cbb50-7d22-4c0a-9169-8acfb8baaa19,L1,Profile
916cbb50-7d22-4c0a-9169-8acfb8baaa19,L1,Profile
916cbb50-7d22-4c0a-9169-8acfb8baaa19,L1,Profile
916cbb50-7d22-4c0a-9169-8acfb8baaa19,L1,Profile
916cbb50-7d22-4c0a-9169-8acfb8baaa19,L1,Profile
916cbb50-7d22-4c0a-9169-8acfb8baaa19,L1,Profile
916cbb50-7d22-4c0a-9169-8acfb8baaa19,L1,Profile
916cbb50-7d22-4c0a-9169-8acfb8baaa19,L1,Profile
916cbb50-7d22-4c0a-9169-8acfb8baaa19,L1,Profile
916cbb50-7d22-4c0a-9169-8acfb8baaa19,L1,Profile
916cbb50-7d22-4c0a-9169-8acfb8baaa19,L1,Profile
916cbb50-7d22-4c0a-9169-8acfb8baaa19,L1,Profile
916cbb50-7d22-4c0a-9169-8acfb8baaa19,L1,Profile
916cbb50-7d22-4c0a-9169-8acfb8baaa19,L1,Profile
916cbb50-7d22-4c0a-9169-8acfb8baaa19,L1,Profile
916cbb50-7d22-4c0a-9169-8acfb8baaa19,L1,Profile
916cbb50-7d22-4c0a-9169-8acfb8baaa19,L1,Profile
916cbb50-7d22-4c0a-9169-8acfb8baaa19,L1,Profile
916cbb50-7d22-4c0a-9169-8acfb8baaa19,L1,Profile
916cbb50-7d22-4c0a-9169-8acfb8baaa19,L1,Profile
916cbb50-7d22-4c0a-9169-8acfb8baaa19,L1,Profile
916cbb50-7d22-4c0a-9169-8acfb8baaa19,L1,Profile
916cbb50-7d22-4c0a-9169-8acfb8baaa19,L1,Profile
916cbb50-7d22-4c0a-9169-8acfb8baaa19,L1,Profile
916cbb50-7d22-4c0a-9169-8acfb8baaa19,L1,Profile
916cbb50-7d22-4c0a-9169-8acfb8baaa19,L1,Profile
916cbb50-7d22-4c0a-9169-8acfb8baaa19,L1,Profile
916cbb50-7d22-4c0a-9169-8acfb8baaa19,L1,Profile
916cbb50-7d22-4c0a-9169-8acfb8baaa19,L1,Profile
916cbb50-7d22-4c0a-9169-8acfb8baaa19,L1,Profile
916cbb50-7d22-4c0a-9169-8acfb8baaa19,L1,Profile
916cbb50-7d22-4c0a-9169-8acfb8baaa19,L1,Profile
916cbb50-7d22-4c0a-9169-8acfb8baaa19,L1,Profile
916cbb50-7d22-4c0a-9169-8acfb8baaa19,L1,Profile
916cbb50-7d22-4c0a-9169-8acfb8baaa19,L1,Profile
916cbb50-7d22-4c0a-9169-8acfb8baaa19,L1,Profile
916cbb50-7d22-4c0a-9169-8acfb8baaa19,L1,Profile
916cbb50-7d22-4c0a-9169-8acfb8baaa19,L1,Profile
916cbb50-7d22-4c0a-9169-8acfb8baaa19,L1,Profile
916cbb50-7d22-4c0a-9169-8acfb8baaa19,L1,Profile
916cbb50-7d22-4c0a-9169-8acfb8baaa19,L1,Profile
916cbb50-7d22-4c0a-9169-8acfb8baaa19,L1,Profile
916cbb50-7d22-4c0a-9169-8acfb8baaa19,L1,Profile
916cbb50-7d22-4c0a-9169-8acfb8baaa19,L1,Profile
916cbb50-7d22-4c0a-9169-8acfb8baaa19,L1,Profile
916cbb50-7d22-4c0a-9169-8acfb8baaa19,L1,Profile
916cbb50-7d22-4c0a-9169-8acfb8baaa19,L1,Profile
916cbb50-7d22-4c0a-9169-8acfb8baaa19,L1,Profile
916cbb50-7d22-4c0a-9169-8acfb8baaa19,L1,Profile
916cbb50-7d22-4c0a-9169-8acfb8baaa19,L1,Profile
916cbb50-7d22-4c0a-9169-8acfb8baaa19,L1,Profile
916cbb50-7d22-4c0a-9169-8acfb8baaa19,L1,Profile
916cbb50-7d22-4c0a-9169-8acfb8baaa19,L1,Profile
916cbb50-7d22-4c0a-9169-8acfb8baaa19,L1,Profile
916cbb50-7d22-4c0a-9169-8acfb8baaa19,L1,Profile
916cbb50-7d22-4c0a-9169-8acfb8baaa19,L1,Profile
916cbb50-7d22-4c0a-9169-8acfb8baaa19,L1,Profile
916cbb50-7d22-4c0a-9169-8acfb8baaa19,L1,Profile
916cbb50-7d22-4c0a-9169-8acfb8baaa19,L1,Profile
916cbb50-7d22-4c0a-9169-8acfb8baaa19,L1,Profile
916cbb50-7d22-4c0a-9169-8acfb8baaa19,L1,Profile
916cbb50-7d22-4c0a-9169-8acfb8baaa19,L1,Profile
916cbb50-7d22-4c0a-9169-8acfb8baaa19,L1,Profile
916cbb50-7d22-4c0a-9169-8acfb8baaa19,L1,Profile
916cbb50-7d22-4c0a-9169-8acfb8baaa19,L1,Profile
916cbb50-7d22-4c0a-9169-8acfb8baaa19,L1,Profile
916cbb50-7d22-4c0a-9169-8acfb8baaa19,L1,Profile
916cbb50-7d22-4c0a-9169-8acfb8baaa19,L1,Profile
916cbb50-7d22-4c0a-9169-8acfb8baaa19,L1,Profile
916cbb50-7d22-4c0a-9169-8acfb8baaa19,L1,Profile
916cbb50-7d22-4c0a-9169-8acfb8baaa19,L1,Profile
916cbb50-7d22-4c0a-9169-8acfb8baaa19,L1,Profile
916cbb50-7d22-4c0a-9169-8acfb8baaa19,L1,Profile
916cbb50-7d22-4c0a-9169-8acfb8baaa19,L1,Profile
916cbb50-7d22-4c0a-9169-8acfb8baaa19,L1,Profile
916cbb50-7d22-4c0a-9169-8acfb8baaa19,L1,Profile
916cbb50-7d22-4c0a-9169-8acfb8baaa19,L1,Profile
916cbb50-7d22-4c0a-9169-8acfb8baaa19,L1,Profile
916cbb50-7d22-4c0a-9169-8acfb8baaa19,L1,Profile
916cbb50-7d22-4c0a-9169-8acfb8baaa19,L1,Profile
916cbb50-7d22-4c0a-9169-8acfb8baaa19,L1,Profile
916cbb50-7d22-4c0a-9169-8acfb8baaa19,L1,Profile
916cbb50-7d22-4c0a-9169-8acfb8baaa19,L1,Profile
916cbb50-7d22-4c0a-9169-8acfb8baaa19,L1,Profile
916cbb50-7d22-4c0a-9169-8acfb8baaa19,L1,Profile
916cbb50-7d22-4c0a-9169-8acfb8baaa19,L1,Profile
916cbb50-7d22-4c0a-9169-8acfb8baaa19,L1,Profile
916cbb50-7d22-4c0a-9169-8acfb8baaa19,L1,Profile
916cbb50-7d22-4c0a-9169-8acfb8baaa19,L1,Profile
916cbb50-7d22-4c0a-9169-8acfb8baaa19,L1,Profile
916cbb50-7d22-4c0a-9169-8acfb8baaa19,L1,Profile
916cbb50-7d22-4c0a-9169-8acfb8baaa19,L1,Profile
916cbb50-7d22-4c0a-9169-8acfb8baaa19,L1,Profile
916cbb50-7d22-4c0a-9169-8acfb8baaa19,L1,Profile
916cbb50-7d22-4c0a-9169-8acfb8baaa19,L1,Profile
916cbb50-7d22-4c0a-9169-8acfb8baaa19,L1,Profile
916cbb50-7d22-4c0a-9169-8acfb8baaa19,L1,Profile
916cbb50-7d22-4c0a-9169-8acfb8baaa19,L1,Profile
916cbb50-7d22-4c0a-9169-8acfb8baaa19,L1,Profile
916cbb50-7d22-4c0a-9169-8acfb8baaa19,L1,Profile
916cbb50-7d22-4c0a-9169-8acfb8baaa19,L1,Profile
916cbb50-7d22-4c0a-9169-8acfb8baaa19,L1,Profile
916cbb50-7d22-4c0a-9169-8acfb8baaa19,L1,Profile
916cbb50-7d22-4c0a-9169-8acfb8baaa19,L1,Profile
916cbb50-7d22-4c0a-9169-8acfb8baaa19,L1,Profile
916cbb50-7d22-4c0a-9169-8acfb8baaa19,L1,Profile
916cbb50-7d22-4c0a-9169-8acfb8baaa19,L1,Profile
916cbb50-7d22-4c0a-9169-8acfb8baaa19,L1,Profile
916cbb50-7d22-4c0a-9169-8acfb8baaa19,L1,Profile
916cbb50-7d22-4c0a-9169-8acfb8baaa19,L1,Profile
916cbb50-7d22-4c0a-9169-8acfb8baaa19,L1,Profile
916cbb50-7d22-4c0a-9169-8acfb8baaa19,L1,Profile
916cbb50-7d22-4c0a-9169-8acfb8baaa19,L1,Profile
916cbb50-7d22-4c0a-9169-8acfb8baaa19,L1,Profile
916cbb50-7d22-4c0a-9169-8acfb8baaa19,L1,Profile
916cbb50-7d22-4c0a-9169-8acfb8baaa19,L1,Profile
916cbb50-7d22-4c0a-9169-8acfb8baaa19,L1,Profile
916cbb50-7d22-4c0a-9169-8acfb8baaa19,L1,Profile
916cbb50-7d22-4c0a-9169-8acfb8baaa19,L1,Profile
916cbb50-7d22-4c0a-9169-8acfb8baaa19,L1,Profile
916cbb50-7d22-4c0a-9169-8acfb8baaa19,L1,Profile
916cbb50-7d22-4c0a-9169-8acfb8baaa19,L1,Profile
916cbb50-7d22-4c0a-9169-8acfb8baaa19,L1,Profile
916cbb50-7d22-4c0a-9169-8acfb8baaa19,L1,Profile
916cbb50-7d22-4c0a-9169-8acfb8baaa19,L1,Profile
916cbb50-7d22-4c0a-9169-8acfb8baaa19,L1,Profile
916cbb50-7d22-4c0a-9169-8acfb8baaa19,L1,Profile
916cbb50-7d22-4c0a-9169-8acfb8baaa19,L1,Profile
916cbb50-7d22-4c0a-9169-8acfb8baaa19,L1,Profile
916cbb50-7d22-4c0a-9169-8acfb8baaa19,L1,Profile
916cbb50-7d22-4c0a-9169-8acfb8baaa19,L1,Profile
916cbb50-7d22-4c0a-9169-8acfb8baaa19,L1,Profile
916cbb50-7d22-4c0a-9169-8acfb8baaa19,L1,Profile
916cbb50-7d22-4c0a-9169-8acfb8baaa19,L1,Profile
916cbb50-7d22-4c0a-9169-8acfb8baaa19,L1,Profile
916cbb50-7d22-4c0a-9169-8acfb8baaa19,L1,Profile
916cbb50-7d22-4c0a-9169-8acfb8baaa19,L1,Profile
916cbb50-7d22-4c0a-9169-8acfb8baaa19,L1,Profile
916cbb50-7d22-4c0a-9169-8acfb8baaa19,L1,Profile
916cbb50-7d22-4c0a-9169-8acfb8baaa19,L1,Profile
916cbb50-7d22-4c0a-9169-8acfb8baaa19,L1,Profile
916cbb50-7d22-4c0a-9169-8acfb8baaa19,L1,Profile
916cbb50-7d22-4c0a-9169-8acfb8baaa19,L1,Profile
916cbb50-7d22-4c0a-9169-8acfb8baaa19,L1,Profile
916cbb50-7d22-4c0a-9169-8acfb8baaa19,L1,Profile
916cbb50-7d22-4c0a-9169-8acfb8baaa19,L1,Profile
916cbb50-7d22-4c0a-9169-8acfb8baaa19,L1,Profile
916cbb50-7d22-4c0a-9169-8acfb8baaa19,L1,Profile
916cbb50-7d22-4c0a-9169-8acfb8baaa19,L1,Profile
916cbb50-7d22-4c0a-9169-8acfb8baaa19,L1,Profile
916cbb50-7d22-4c0a-9169-8acfb8baaa19,L1,Profile
916cbb50-7d22-4c0a-9169-8acfb8baaa19,L1,Profile
916cbb50-7d22-4c0a-9169-8acfb8baaa19,L1,Profile
916cbb50-7d22-4c0a-9169-8acfb8baaa19,L1,Profile
916cbb50-7d22-4c0a-9169-8acfb8baaa19,L1,Profile
916cbb50-7d22-4c0a-9169-8acfb8baaa19,L1,Profile
916cbb50-7d22-4c0a-9169-8acfb8baaa19,L1,Profile
916cbb50-7d22-4c0a-9169-8acfb8baaa19,L1,Profile
916cbb50-7d22-4c0a-9169-8acfb8baaa19,L1,Profile
916cbb50-7d22-4c0a-9169-8acfb8baaa19,L1,Profile
916cbb50-7d22-4c0a-9169-8acfb8baaa19,L1,Profile
916cbb50-7d22-4c0a-9169-8acfb8baaa19,L1,Profile
916cbb50-7d22-4c0a-9169-8acfb8baaa19,L1,Profile
916cbb50-7d22-4c0a-9169-8acfb8baaa19,L1,Profile
916cbb50-7d22-4c0a-9169-8acfb8baaa19,L1,Profile
916cbb50-7d22-4c0a-9169-8acfb8baaa19,L1,Profile
916cbb50-7d22-4c0a-9169-8acfb8baaa19,L1,Profile
916cbb50-7d22-4c0a-9169-8acfb8baaa19,L1,Profile
916cbb50-7d22-4c0a-9169-8acfb8baaa19,L1,Profile
916cbb50-7d22-4c0a-9169-8acfb8baaa19,L1,Profile
916cbb50-7d22-4c0a-9169-8acfb8baaa19,L1,Profile
916cbb50-7d22-4c0a-9169-8acfb8baaa19,L1,Profile
916cbb50-7d22-4c0a-9169-8acfb8baaa19,L1,Profile
916cbb50-7d22-4c0a-9169-8acfb8baaa19,L1,Profile
916cbb50-7d22-4c0a-9169-8acfb8baaa19,L1,Profile
916cbb50-7d22-4c0a-9169-8acfb8baaa19,L1,Profile
916cbb50-7d22-4c0a-9169-8acfb8baaa19,L1,Profile
916cbb50-7d22-4c0a-9169-8acfb8baaa19,L1,Profile
916cbb50-7d22-4c0a-9169-8acfb8baaa19,L1,Profile
916cbb50-7d22-4c0a-9169-8acfb8baaa19,L1,Profile
916cbb50-7d22-4c0a-9169-8acfb8baaa19,L1,Profile
916cbb50-7d22-4c0a-9169-8acfb8baaa19,L1,Profile
916cbb50-7d22-4c0a-9169-8acfb8baaa19,L1,Profile
916cbb50-7d22-4c0a-9169-8acfb8baaa19,L1,Profile
916cbb50-7d22-4c0a-9169-8acfb8baaa19,L1,Profile
916cbb50-7d22-4c0a-9169-8acfb8baaa19,L1,Profile
916cbb50-7d22-4c0a-9169-8acfb8baaa19,L1,Profile
916cbb50-7d22-4c0a-9169-8acfb8baaa19,L1,Profile
916cbb50-7d22-4c0a-9169-8acfb8baaa19,L1,Profile
916cbb50-7d22-4c0a-9169-8acfb8baaa19,L1,Profile
916cbb50-7d22-4c0a-9169-8acfb8baaa19,L1,Profile
916cbb50-7d22-4c0a-9169-8acfb8baaa19,L1,Profile
916cbb50-7d22-4c0a-9169-8acfb8baaa19,L1,Profile
916cbb50-7d22-4c0a-9169-8acfb8baaa19,L1,Profile
916cbb50-7d22-4c0a-9169-8acfb8baaa19,L1,Profile
916cbb50-7d22-4c0a-9169-8acfb8baaa19,L1,Profile
916cbb50-7d22-4c0a-9169-8acfb8baaa19,L1,Profile
916cbb50-7d22-4c0a-9169-8acfb8baaa19,L1,Profile
916cbb50-7d22-4c0a-9169-8acfb8baaa19,L1,Profile
916cbb50-7d22-4c0a-9169-8acfb8baaa19,L1,Profile
916cbb50-7d22-4c0a-9169-8acfb8baaa19,L1,Profile
916cbb50-7d22-4c0a-9169-8acfb8baaa19,L1,Profile
916cbb50-7d22-4c0a-9169-8acfb8baaa19,L1,Profile
916cbb50-7d22-4c0a-9169-8acfb8baaa19,L1,Profile
916cbb50-7d22-4c0a-9169-8acfb8baaa19,L1,Profile
916cbb50-7d22-4c0a-9169-8acfb8baaa19,L1,Profile
916cbb50-7d22-4c0a-9169-8acfb8baaa19,L1,Profile
916cbb50-7d22-4c0a-9169-8acfb8baaa19,L1,Profile
916cbb50-7d22-4c0a-9169-8acfb8baaa19,L1,Profile
916cbb50-7d22-4c0a-9169-8acfb8baaa19,L1,Profile
916cbb50-7d22-4c0a-9169-8acfb8baaa19,L1,Profile
916cbb50-7d22-4c0a-9169-8acfb8baaa19,L1,Profile
916cbb50-7d22-4c0a-9169-8acfb8baaa19,L1,Profile
916cbb50-7d22-4c0a-9169-8acfb8baaa19,L1,Profile
916cbb50-7d22-4c0a-9169-8acfb8baaa19,L1,Profile
916cbb50-7d22-4c0a-9169-8acfb8baaa19,L1,Profile
916cbb50-7d22-4c0a-9169-8acfb8baaa19,L1,Profile
916cbb50-7d22-4c0a-9169-8acfb8baaa19,L1,Profile
916cbb50-7d22-4c0a-9169-8acfb8baaa19,L1,Profile
916cbb50-7d22-4c0a-9169-8acfb8baaa19,L1,Profile
916cbb50-7d22-4c0a-9169-8acfb8baaa19,L1,Profile
916cbb50-7d22-4c0a-9169-8acfb8baaa19,L1,Profile
916cbb50-7d22-4c0a-9169-8acfb8baaa19,L1,Profile
916cbb50-7d22-4c0a-9169-8acfb8baaa19,L1,Profile
916cbb50-7d22-4c0a-9169-8acfb8baaa19,L1,Profile
916cbb50-7d22-4c0a-9169-8acfb8baaa19,L1,Profile
916cbb50-7d22-4c0a-9169-8acfb8baaa19,L1,Profile
916cbb50-7d22-4c0a-9169-8acfb8baaa19,L1,Profile
916cbb50-7d22-4c0a-9169-8acfb8baaa19,L1,Profile
916cbb50-7d22-4c0a-9169-8acfb8baaa19,L1,Profile
916cbb50-7d22-4c0a-9169-8acfb8baaa19,L1,Profile
916cbb50-7d22-4c0a-9169-8acfb8baaa19,L1,Profile
916cbb50-7d22-4c0a-9169-8acfb8baaa19,L1,Profile
916cbb50-7d22-4c0a-9169-8acfb8baaa19,L1,Profile
916cbb50-7d22-4c0a-9169-8acfb8baaa19,L1,Profile
916cbb50-7d22-4c0a-9169-8acfb8baaa19,L1,Profile
916cbb50-7d22-4c0a-9169-8acfb8baaa19,L1,Profile
916cbb50-7d22-4c0a-9169-8acfb8baaa19,L1,Profile
916cbb50-7d22-4c0a-9169-8acfb8baaa19,L1,Profile
916cbb50-7d22-4c0a-9169-8acfb8baaa19,L1,Profile
916cbb50-7d22-4c0a-9169-8acfb8baaa19,L1,Profile
916cbb50-7d22-4c0a-9169-8acfb8baaa19,L1,Profile
916cbb50-7d22-4c0a-9169-8acfb8baaa19,L1,Profile
916cbb50-7d22-4c0a-9169-8acfb8baaa19,L1,Profile
916cbb50-7d22-4c0a-9169-8acfb8baaa19,L1,Profile
916cbb50-7d22-4c0a-9169-8acfb8baaa19,L1,Profile
916cbb50-7d22-4c0a-9169-8acfb8baaa19,L1,Profile
916cbb50-7d22-4c0a-9169-8acfb8baaa19,L1,Profile
916cbb50-7d22-4c0a-9169-8acfb8baaa19,L1,Profile
916cbb50-7d22-4c0a-9169-8acfb8baaa19,L1,Profile
916cbb50-7d22-4c0a-9169-8acfb8baaa19,L1,Profile
916cbb50-7d22-4c0a-9169-8acfb8baaa19,L1,Profile
916cbb50-7d22-4c0a-9169-8acfb8baaa19,L1,Profile
916cbb50-7d22-4c0a-9169-8acfb8baaa19,L1,Profile
916cbb50-7d22-4c0a-9169-8acfb8baaa19,L1,Profile
916cbb50-7d22-4c0a-9169-8acfb8baaa19,L1,Profile
916cbb50-7d22-4c0a-9169-8acfb8baaa19,L1,Profile
916cbb50-7d22-4c0a-9169-8acfb8baaa19,L1,Profile
916cbb50-7d22-4c0a-9169-8acfb8baaa19,L1,Profile
916cbb50-7d22-4c0a-9169-8acfb8baaa19,L1,Profile
916cbb50-7d22-4c0a-9169-8acfb8baaa19,L1,Profile
916cbb50-7d22-4c0a-9169-8acfb8baaa19,L1,Profile
916cbb50-7d22-4c0a-9169-8acfb8baaa19,L1,Profile
916cbb50-7d22-4c0a-9169-8acfb8baaa19,L1,Profile
916cbb50-7d22-4c0a-9169-8acfb8baaa19,L1,Profile
916cbb50-7d22-4c0a-9169-8acfb8baaa19,L1,Profile
916cbb50-7d22-4c0a-9169-8acfb8baaa19,L1,Profile
916cbb50-7d22-4c0a-9169-8acfb8baaa19,L1,Profile
916cbb50-7d22-4c0a-9169-8acfb8baaa19,L1,Profile
916cbb50-7d22-4c0a-9169-8acfb8baaa19,L1,Profile
916cbb50-7d22-4c0a-9169-8acfb8baaa19,L1,Profile
916cbb50-7d22-4c0a-9169-8acfb8baaa19,L1,Profile
916cbb50-7d22-4c0a-9169-8acfb8baaa19,L1,Profile
916cbb50-7d22-4c0a-9169-8acfb8baaa19,L1,Profile
916cbb50-7d22-4c0a-9169-8acfb8baaa19,L1,Profile
916cbb50-7d22-4c0a-9169-8acfb8baaa19,L1,Profile
916cbb50-7d22-4c0a-9169-8acfb8baaa19,L1,Profile
916cbb50-7d22-4c0a-9169-8acfb8baaa19,L1,Profile
916cbb50-7d22-4c0a-9169-8acfb8baaa19,L1,Profile
916cbb50-7d22-4c0a-9169-8acfb8baaa19,L1,Profile
916cbb50-7d22-4c0a-9169-8acfb8baaa19,L1,Profile
916cbb50-7d22-4c0a-9169-8acfb8baaa19,L1,Profile
916cbb50-7d22-4c0a-9169-8acfb8baaa19,L1,Profile
916cbb50-7d22-4c0a-9169-8acfb8baaa19,L1,Profile
916cbb50-7d22-4c0a-9169-8acfb8baaa19,L1,Profile
916cbb50-7d22-4c0a-9169-8acfb8baaa19,L1,Profile
916cbb50-7d22-4c0a-9169-8acfb8baaa19,L1,Profile
916cbb50-7d22-4c0a-9169-8acfb8baaa19,L1,Profile
916cbb50-7d22-4c0a-9169-8acfb8baaa19,L1,Profile
916cbb50-7d22-4c0a-9169-8acfb8baaa19,L1,Profile
916cbb50-7d22-4c0a-9169-8acfb8baaa19,L1,Profile
916cbb50-7d22-4c0a-9169-8acfb8baaa19,L1,Profile
916cbb50-7d22-4c0a-9169-8acfb8baaa19,L1,Profile
916cbb50-7d22-4c0a-9169-8acfb8baaa19,L1,Profile
916cbb50-7d22-4c0a-9169-8acfb8baaa19,L1,Profile
916cbb50-7d22-4c0a-9169-8acfb8baaa19,L1,Profile
916cbb50-7d22-4c0a-9169-8acfb8baaa19,L1,Profile
916cbb50-7d22-4c0a-9169-8acfb8baaa19,L1,Profile
916cbb50-7d22-4c0a-9169-8acfb8baaa19,L1,Profile
916cbb50-7d22-4c0a-9169-8acfb8baaa19,L1,Profile
916cbb50-7d22-4c0a-9169-8acfb8baaa19,L1,Profile
916cbb50-7d22-4c0a-9169-8acfb8baaa19,L1,Profile
916cbb50-7d22-4c0a-9169-8acfb8baaa19,L1,Profile
916cbb50-7d22-4c0a-9169-8acfb8baaa19,L1,Profile
916cbb50-7d22-4c0a-9169-8acfb8baaa19,L1,Profile
916cbb50-7d22-4c0a-9169-8acfb8baaa19,L1,Profile
916cbb50-7d22-4c0a-9169-8acfb8baaa19,L1,Profile
916cbb50-7d22-4c0a-9169-8acfb8baaa19,L1,Profile
916cbb50-7d22-4c0a-9169-8acfb8baaa19,L1,Profile
916cbb50-7d22-4c0a-9169-8acfb8baaa19,L1,Profile
916cbb50-7d22-4c0a-9169-8acfb8baaa19,L1,Profile
916cbb50-7d22-4c0a-9169-8acfb8baaa19,L1,Profile
916cbb50-7d22-4c0a-9169-8acfb8baaa19,L1,Profile
916cbb50-7d22-4c0a-9169-8acfb8baaa19,L1,Profile
916cbb50-7d22-4c0a-9169-8acfb8baaa19,L1,Profile
916cbb50-7d22-4c0a-9169-8acfb8baaa19,L1,Profile
916cbb50-7d22-4c0a-9169-8acfb8baaa19,L1,Profile
916cbb50-7d22-4c0a-9169-8acfb8baaa19,L1,Profile
916cbb50-7d22-4c0a-9169-8acfb8baaa19,L1,Profile
916cbb50-7d22-4c0a-9169-8acfb8baaa19,L1,Profile
916cbb50-7d22-4c0a-9169-8acfb8baaa19,L1,Profile
916cbb50-7d22-4c0a-9169-8acfb8baaa19,L1,Profile
916cbb50-7d22-4c0a-9169-8acfb8baaa19,L1,Profile
916cbb50-7d22-4c0a-9169-8acfb8baaa19,L1,Profile
916cbb50-7d22-4c0a-9169-8acfb8baaa19,L1,Profile
916cbb50-7d22-4c0a-9169-8acfb8baaa19,L1,Profile
916cbb50-7d22-4c0a-9169-8acfb8baaa19,L1,Profile
916cbb50-7d22-4c0a-9169-8acfb8baaa19,L1,Profile
916cbb50-7d22-4c0a-9169-8acfb8baaa19,L1,Profile
916cbb50-7d22-4c0a-9169-8acfb8baaa19,L1,Profile
916cbb50-7d22-4c0a-9169-8acfb8baaa19,L1,Profile
916cbb50-7d22-4c0a-9169-8acfb8baaa19,L1,Profile
916cbb50-7d22-4c0a-9169-8acfb8baaa19,L1,Profile
916cbb50-7d22-4c0a-9169-8acfb8baaa19,L1,Profile
916cbb50-7d22-4c0a-9169-8acfb8baaa19,L1,Profile
916cbb50-7d22-4c0a-9169-8acfb8baaa19,L1,Profile
916cbb50-7d22-4c0a-9169-8acfb8baaa19,L1,Profile
916cbb50-7d22-4c0a-9169-8acfb8baaa19,L1,Profile
916cbb50-7d22-4c0a-9169-8acfb8baaa19,L1,Profile
916cbb50-7d22-4c0a-9169-8acfb8baaa19,L1,Profile
916cbb50-7d22-4c0a-9169-8acfb8baaa19,L1,Profile
916cbb50-7d22-4c0a-9169-8acfb8baaa19,L1,Profile
916cbb50-7d22-4c0a-9169-8acfb8baaa19,L1,Profile
916cbb50-7d22-4c0a-9169-8acfb8baaa19,L1,Profile
916cbb50-7d22-4c0a-9169-8acfb8baaa19,L1,Profile
916cbb50-7d22-4c0a-9169-8acfb8baaa19,L1,Profile
916cbb50-7d22-4c0a-9169-8acfb8baaa19,L1,Profile
916cbb50-7d22-4c0a-9169-8acfb8baaa19,L1,Profile
916cbb50-7d22-4c0a-9169-8acfb8baaa19,L1,Profile
916cbb50-7d22-4c0a-9169-8acfb8baaa19,L1,Profile
916cbb50-7d22-4c0a-9169-8acfb8baaa19,L1,Profile
916cbb50-7d22-4c0a-9169-8acfb8baaa19,L1,Profile
916cbb50-7d22-4c0a-9169-8acfb8baaa19,L1,Profile
916cbb50-7d22-4c0a-9169-8acfb8baaa19,L1,Profile
916cbb50-7d22-4c0a-9169-8acfb8baaa19,L1,Profile
916cbb50-7d22-4c0a-9169-8acfb8baaa19,L1,Profile
916cbb50-7d22-4c0a-9169-8acfb8baaa19,L1,Profile
916cbb50-7d22-4c0a-9169-8acfb8baaa19,L1,Profile
916cbb50-7d22-4c0a-9169-8acfb8baaa19,L1,Profile
916cbb50-7d22-4c0a-9169-8acfb8baaa19,L1,Profile
916cbb50-7d22-4c0a-9169-8acfb8baaa19,L1,Profile
916cbb50-7d22-4c0a-9169-8acfb8baaa19,L1,Profile
916cbb50-7d22-4c0a-9169-8acfb8baaa19,L1,Profile
916cbb50-7d22-4c0a-9169-8acfb8baaa19,L1,Profile
916cbb50-7d22-4c0a-9169-8acfb8baaa19,L1,Profile
916cbb50-7d22-4c0a-9169-8acfb8baaa19,L1,Profile
916cbb50-7d22-4c0a-9169-8acfb8baaa19,L1,Profile
916cbb50-7d22-4c0a-9169-8acfb8baaa19,L1,Profile
916cbb50-7d22-4c0a-9169-8acfb8baaa19,L1,Profile
916cbb50-7d22-4c0a-9169-8acfb8baaa19,L1,Profile
916cbb50-7d22-4c0a-9169-8acfb8baaa19,L1,Profile
916cbb50-7d22-4c0a-9169-8acfb8baaa19,L1,Profile
916cbb50-7d22-4c0a-9169-8acfb8baaa19,L1,Profile
916cbb50-7d22-4c0a-9169-8acfb8baaa19,L1,Profile
916cbb50-7d22-4c0a-9169-8acfb8baaa19,L1,Profile
916cbb50-7d22-4c0a-9169-8acfb8baaa19,L1,Profile
916cbb50-7d22-4c0a-9169-8acfb8baaa19,L1,Profile
916cbb50-7d22-4c0a-9169-8acfb8baaa19,L1,Profile
916cbb50-7d22-4c0a-9169-8acfb8baaa19,L1,Profile
916cbb50-7d22-4c0a-9169-8acfb8baaa19,L1,Profile
916cbb50-7d22-4c0a-9169-8acfb8baaa19,L1,Profile
916cbb50-7d22-4c0a-9169-8acfb8baaa19,L1,Profile
916cbb50-7d22-4c0a-9169-8acfb8baaa19,L1,Profile
916cbb50-7d22-4c0a-9169-8acfb8baaa19,L1,Profile
916cbb50-7d22-4c0a-9169-8acfb8baaa19,L1,Profile
916cbb50-7d22-4c0a-9169-8acfb8baaa19,L1,Profile
916cbb50-7d22-4c0a-9169-8acfb8baaa19,L1,Profile
916cbb50-7d22-4c0a-9169-8acfb8baaa19,L1,Profile
916cbb50-7d22-4c0a-9169-8acfb8baaa19,L1,Profile
916cbb50-7d22-4c0a-9169-8acfb8baaa19,L1,Profile
916cbb50-7d22-4c0a-9169-8acfb8baaa19,L1,Profile
916cbb50-7d22-4c0a-9169-8acfb8baaa19,L1,Profile
916cbb50-7d22-4c0a-9169-8acfb8baaa19,L1,Profile
916cbb50-7d22-4c0a-9169-8acfb8baaa19,L1,Profile
916cbb50-7d22-4c0a-9169-8acfb8baaa19,L1,Profile
916cbb50-7d22-4c0a-9169-8acfb8baaa19,L1,Profile
916cbb50-7d22-4c0a-9169-8acfb8baaa19,L1,Profile
916cbb50-7d22-4c0a-9169-8acfb8baaa19,L1,Profile
916cbb50-7d22-4c0a-9169-8acfb8baaa19,L1,Profile
916cbb50-7d22-4c0a-9169-8acfb8baaa19,L1,Profile
916cbb50-7d22-4c0a-9169-8acfb8baaa19,L1,Profile
916cbb50-7d22-4c0a-9169-8acfb8baaa19,L1,Profile
916cbb50-7d22-4c0a-9169-8acfb8baaa19,L1,Profile
916cbb50-7d22-4c0a-9169-8acfb8baaa19,L1,Profile
916cbb50-7d22-4c0a-9169-8acfb8baaa19,L1,Profile
916cbb50-7d22-4c0a-9169-8acfb8baaa19,L1,Profile
916cbb50-7d22-4c0a-9169-8acfb8baaa19,L1,Profile
916cbb50-7d22-4c0a-9169-8acfb8baaa19,L1,Profile
916cbb50-7d22-4c0a-9169-8acfb8baaa19,L1,Profile
916cbb50-7d22-4c0a-9169-8acfb8baaa19,L1,Profile
916cbb50-7d22-4c0a-9169-8acfb8baaa19,L1,Profile
916cbb50-7d22-4c0a-9169-8acfb8baaa19,L1,Profile
916cbb50-7d22-4c0a-9169-8acfb8baaa19,L1,Profile
916cbb50-7d22-4c0a-9169-8acfb8baaa19,L1,Profile
916cbb50-7d22-4c0a-9169-8acfb8baaa19,L1,Profile
916cbb50-7d22-4c0a-9169-8acfb8baaa19,L1,Profile
916cbb50-7d22-4c0a-9169-8acfb8baaa19,L1,Profile
916cbb50-7d22-4c0a-9169-8acfb8baaa19,L1,Profile
916cbb50-7d22-4c0a-9169-8acfb8baaa19,L1,Profile
916cbb50-7d22-4c0a-9169-8acfb8baaa19,L1,Profile
916cbb50-7d22-4c0a-9169-8acfb8baaa19,L1,Profile
916cbb50-7d22-4c0a-9169-8acfb8baaa19,L1,Profile
916cbb50-7d22-4c0a-9169-8acfb8baaa19,L1,Profile
916cbb50-7d22-4c0a-9169-8acfb8baaa19,L1,Profile
916cbb50-7d22-4c0a-9169-8acfb8baaa19,L1,Profile
916cbb50-7d22-4c0a-9169-8acfb8baaa19,L1,Profile
916cbb50-7d22-4c0a-9169-8acfb8baaa19,L1,Profile
916cbb50-7d22-4c0a-9169-8acfb8baaa19,L1,Profile
916cbb50-7d22-4c0a-9169-8acfb8baaa19,L1,Profile
916cbb50-7d22-4c0a-9169-8acfb8baaa19,L1,Profile
916cbb50-7d22-4c0a-9169-8acfb8baaa19,L1,Profile
916cbb50-7d22-4c0a-9169-8acfb8baaa19,L1,Profile
916cbb50-7d22-4c0a-9169-8acfb8baaa19,L1,Profile
916cbb50-7d22-4c0a-9169-8acfb8baaa19,L1,Profile
916cbb50-7d22-4c0a-9169-8acfb8baaa19,L1,Profile
916cbb50-7d22-4c0a-9169-8acfb8baaa19,L1,Profile
916cbb50-7d22-4c0a-9169-8acfb8baaa19,L1,Profile
916cbb50-7d22-4c0a-9169-8acfb8baaa19,L1,Profile
916cbb50-7d22-4c0a-9169-8acfb8baaa19,L1,Profile
916cbb50-7d22-4c0a-9169-8acfb8baaa19,L1,Profile
916cbb50-7d22-4c0a-9169-8acfb8baaa19,L1,Profile
916cbb50-7d22-4c0a-9169-8acfb8baaa19,L1,Profile
916cbb50-7d22-4c0a-9169-8acfb8baaa19,L1,Profile
916cbb50-7d22-4c0a-9169-8acfb8baaa19,L1,Profile
916cbb50-7d22-4c0a-9169-8acfb8baaa19,L1,Profile
916cbb50-7d22-4c0a-9169-8acfb8baaa19,L1,Profile
916cbb50-7d22-4c0a-9169-8acfb8baaa19,L1,Profile
916cbb50-7d22-4c0a-9169-8acfb8baaa19,L1,Profile
916cbb50-7d22-4c0a-9169-8acfb8baaa19,L1,Profile
916cbb50-7d22-4c0a-9169-8acfb8baaa19,L1,Profile
916cbb50-7d22-4c0a-9169-8acfb8baaa19,L1,Profile
916cbb50-7d22-4c0a-9169-8acfb8baaa19,L1,Profile
916cbb50-7d22-4c0a-9169-8acfb8baaa19,L1,Profile
916cbb50-7d22-4c0a-9169-8acfb8baaa19,L1,Profile
916cbb50-7d22-4c0a-9169-8acfb8baaa19,L1,Profile
916cbb50-7d22-4c0a-9169-8acfb8baaa19,L1,Profile
916cbb50-7d22-4c0a-9169-8acfb8baaa19,L1,Profile
916cbb50-7d22-4c0a-9169-8acfb8baaa19,L1,Profile
916cbb50-7d22-4c0a-9169-8acfb8baaa19,L1,Profile
916cbb50-7d22-4c0a-9169-8acfb8baaa19,L1,Profile
916cbb50-7d22-4c0a-9169-8acfb8baaa19,L1,Profile
916cbb50-7d22-4c0a-9169-8acfb8baaa19,L1,Profile
916cbb50-7d22-4c0a-9169-8acfb8baaa19,L1,Profile
916cbb50-7d22-4c0a-9169-8acfb8baaa19,L1,Profile
916cbb50-7d22-4c0a-9169-8acfb8baaa19,L1,Profile
916cbb50-7d22-4c0a-9169-8acfb8baaa19,L1,Profile
916cbb50-7d22-4c0a-9169-8acfb8baaa19,L1,Profile
916cbb50-7d22-4c0a-9169-8acfb8baaa19,L1,Profile
916cbb50-7d22-4c0a-9169-8acfb8baaa19,L1,Profile
916cbb50-7d22-4c0a-9169-8acfb8baaa19,L1,Profile
916cbb50-7d22-4c0a-9169-8acfb8baaa19,L1,Profile
916cbb50-7d22-4c0a-9169-8acfb8baaa19,L1,Profile
916cbb50-7d22-4c0a-9169-8acfb8baaa19,L1,Profile
916cbb50-7d22-4c0a-9169-8acfb8baaa19,L1,Profile
916cbb50-7d22-4c0a-9169-8acfb8baaa19,L1,Profile
916cbb50-7d22-4c0a-9169-8acfb8baaa19,L1,Profile
916cbb50-7d22-4c0a-9169-8acfb8baaa19,L1,Profile
916cbb50-7d22-4c0a-9169-8acfb8baaa19,L1,Profile
916cbb50-7d22-4c0a-9169-8acfb8baaa19,L1,Profile
916cbb50-7d22-4c0a-9169-8acfb8baaa19,L1,Profile
916cbb50-7d22-4c0a-9169-8acfb8baaa19,L1,Profile
916cbb50-7d22-4c0a-9169-8acfb8baaa19,L1,Profile
916cbb50-7d22-4c0a-9169-8acfb8baaa19,L1,Profile
916cbb50-7d22-4c0a-9169-8acfb8baaa19,L1,Profile
916cbb50-7d22-4c0a-9169-8acfb8baaa19,L1,Profile
916cbb50-7d22-4c0a-9169-8acfb8baaa19,L1,Profile
916cbb50-7d22-4c0a-9169-8acfb8baaa19,L1,Profile
916cbb50-7d22-4c0a-9169-8acfb8baaa19,L1,Profile
916cbb50-7d22-4c0a-9169-8acfb8baaa19,L1,Profile
916cbb50-7d22-4c0a-9169-8acfb8baaa19,L1,Profile
916cbb50-7d22-4c0a-9169-8acfb8baaa19,L1,Profile
916cbb50-7d22-4c0a-9169-8acfb8baaa19,L1,Profile
916cbb50-7d22-4c0a-9169-8acfb8baaa19,L1,Profile
916cbb50-7d22-4c0a-9169-8acfb8baaa19,L1,Profile
916cbb50-7d22-4c0a-9169-8acfb8baaa19,L1,Profile
916cbb50-7d22-4c0a-9169-8acfb8baaa19,L1,Profile
916cbb50-7d22-4c0a-9169-8acfb8baaa19,L1,Profile
916cbb50-7d22-4c0a-9169-8acfb8baaa19,L1,Profile
916cbb50-7d22-4c0a-9169-8acfb8baaa19,L1,Profile
916cbb50-7d22-4c0a-9169-8acfb8baaa19,L1,Profile
916cbb50-7d22-4c0a-9169-8acfb8baaa19,L1,Profile
916cbb50-7d22-4c0a-9169-8acfb8baaa19,L1,Profile
916cbb50-7d22-4c0a-9169-8acfb8baaa19,L1,Profile
916cbb50-7d22-4c0a-9169-8acfb8baaa19,L1,Profile
916cbb50-7d22-4c0a-9169-8acfb8baaa19,L1,Profile
916cbb50-7d22-4c0a-9169-8acfb8baaa19,L1,Profile
916cbb50-7d22-4c0a-9169-8acfb8baaa19,L1,Profile
916cbb50-7d22-4c0a-9169-8acfb8baaa19,L1,Profile
916cbb50-7d22-4c0a-9169-8acfb8baaa19,L1,Profile
916cbb50-7d22-4c0a-9169-8acfb8baaa19,L1,Profile
916cbb50-7d22-4c0a-9169-8acfb8baaa19,L1,Profile
916cbb50-7d22-4c0a-9169-8acfb8baaa19,L1,Profile
916cbb50-7d22-4c0a-9169-8acfb8baaa19,L1,Profile
916cbb50-7d22-4c0a-9169-8acfb8baaa19,L1,Profile
916cbb50-7d22-4c0a-9169-8acfb8baaa19,L1,Profile
916cbb50-7d22-4c0a-9169-8acfb8baaa19,L1,Profile
916cbb50-7d22-4c0a-9169-8acfb8baaa19,L1,Profile
916cbb50-7d22-4c0a-9169-8acfb8baaa19,L1,Profile
916cbb50-7d22-4c0a-9169-8acfb8baaa19,L1,Profile
916cbb50-7d22-4c0a-9169-8acfb8baaa19,L1,Profile
916cbb50-7d22-4c0a-9169-8acfb8baaa19,L1,Profile
916cbb50-7d22-4c0a-9169-8acfb8baaa19,L1,Profile
916cbb50-7d22-4c0a-9169-8acfb8baaa19,L1,Profile
916cbb50-7d22-4c0a-9169-8acfb8baaa19,L1,Profile
916cbb50-7d22-4c0a-9169-8acfb8baaa19,L1,Profile
916cbb50-7d22-4c0a-9169-8acfb8baaa19,L1,Profile
916cbb50-7d22-4c0a-9169-8acfb8baaa19,L1,Profile
916cbb50-7d22-4c0a-9169-8acfb8baaa19,L1,Profile
916cbb50-7d22-4c0a-9169-8acfb8baaa19,L1,Profile
916cbb50-7d22-4c0a-9169-8acfb8baaa19,L1,Profile
916cbb50-7d22-4c0a-9169-8acfb8baaa19,L1,Profile
916cbb50-7d22-4c0a-9169-8acfb8baaa19,L1,Profile
916cbb50-7d22-4c0a-9169-8acfb8baaa19,L1,Profile
916cbb50-7d22-4c0a-9169-8acfb8baaa19,L1,Profile
916cbb50-7d22-4c0a-9169-8acfb8baaa19,L1,Profile
916cbb50-7d22-4c0a-9169-8acfb8baaa19,L1,Profile
916cbb50-7d22-4c0a-9169-8acfb8baaa19,L1,Profile
916cbb50-7d22-4c0a-9169-8acfb8baaa19,L1,Profile
916cbb50-7d22-4c0a-9169-8acfb8baaa19,L1,Profile
916cbb50-7d22-4c0a-9169-8acfb8baaa19,L1,Profile
916cbb50-7d22-4c0a-9169-8acfb8baaa19,L1,Profile
916cbb50-7d22-4c0a-9169-8acfb8baaa19,L1,Profile
916cbb50-7d22-4c0a-9169-8acfb8baaa19,L1,Profile
916cbb50-7d22-4c0a-9169-8acfb8baaa19,L1,Profile
916cbb50-7d22-4c0a-9169-8acfb8baaa19,L1,Profile
916cbb50-7d22-4c0a-9169-8acfb8baaa19,L1,Profile
916cbb50-7d22-4c0a-9169-8acfb8baaa19,L1,Profile
916cbb50-7d22-4c0a-9169-8acfb8baaa19,L1,Profile
916cbb50-7d22-4c0a-9169-8acfb8baaa19,L1,Profile
916cbb50-7d22-4c0a-9169-8acfb8baaa19,L1,Profile
916cbb50-7d22-4c0a-9169-8acfb8baaa19,L1,Profile
916cbb50-7d22-4c0a-9169-8acfb8baaa19,L1,Profile
916cbb50-7d22-4c0a-9169-8acfb8baaa19,L1,Profile
916cbb50-7d22-4c0a-9169-8acfb8baaa19,L1,Profile
916cbb50-7d22-4c0a-9169-8acfb8baaa19,L1,Profile
916cbb50-7d22-4c0a-9169-8acfb8baaa19,L1,Profile
916cbb50-7d22-4c0a-9169-8acfb8baaa19,L1,Profile
916cbb50-7d22-4c0a-9169-8acfb8baaa19,L1,Profile
916cbb50-7d22-4c0a-9169-8acfb8baaa19,L1,Profile
916cbb50-7d22-4c0a-9169-8acfb8baaa19,L1,Profile
916cbb50-7d22-4c0a-9169-8acfb8baaa19,L1,Profile
916cbb50-7d22-4c0a-9169-8acfb8baaa19,L1,Profile
916cbb50-7d22-4c0a-9169-8acfb8baaa19,L1,Profile
916cbb50-7d22-4c0a-9169-8acfb8baaa19,L1,Profile
916cbb50-7d22-4c0a-9169-8acfb8baaa19,L1,Profile
916cbb50-7d22-4c0a-9169-8acfb8baaa19,L1,Profile
916cbb50-7d22-4c0a-9169-8acfb8baaa19,L1,Profile
916cbb50-7d22-4c0a-9169-8acfb8baaa19,L1,Profile
916cbb50-7d22-4c0a-9169-8acfb8baaa19,L1,Profile
916cbb50-7d22-4c0a-9169-8acfb8baaa19,L1,Profile
916cbb50-7d22-4c0a-9169-8acfb8baaa19,L1,Profile
916cbb50-7d22-4c0a-9169-8acfb8baaa19,L1,Profile
916cbb50-7d22-4c0a-9169-8acfb8baaa19,L1,Profile
916cbb50-7d22-4c0a-9169-8acfb8baaa19,L1,Profile
916cbb50-7d22-4c0a-9169-8acfb8baaa19,L1,Profile
916cbb50-7d22-4c0a-9169-8acfb8baaa19,L1,Profile
916cbb50-7d22-4c0a-9169-8acfb8baaa19,L1,Profile
916cbb50-7d22-4c0a-9169-8acfb8baaa19,L1,Profile
916cbb50-7d22-4c0a-9169-8acfb8baaa19,L1,Profile
916cbb50-7d22-4c0a-9169-8acfb8baaa19,L1,Profile
916cbb50-7d22-4c0a-9169-8acfb8baaa19,L1,Profile
916cbb50-7d22-4c0a-9169-8acfb8baaa19,L1,Profile
916cbb50-7d22-4c0a-9169-8acfb8baaa19,L1,Profile
916cbb50-7d22-4c0a-9169-8acfb8baaa19,L1,Profile
916cbb50-7d22-4c0a-9169-8acfb8baaa19,L1,Profile
916cbb50-7d22-4c0a-9169-8acfb8baaa19,L1,Profile
916cbb50-7d22-4c0a-9169-8acfb8baaa19,L1,Profile
916cbb50-7d22-4c0a-9169-8acfb8baaa19,L1,Profile
916cbb50-7d22-4c0a-9169-8acfb8baaa19,L1,Profile
916cbb50-7d22-4c0a-9169-8acfb8baaa19,L1,Profile
916cbb50-7d22-4c0a-9169-8acfb8baaa19,L1,Profile
916cbb50-7d22-4c0a-9169-8acfb8baaa19,L1,Profile
916cbb50-7d22-4c0a-9169-8acfb8baaa19,L1,Profile
916cbb50-7d22-4c0a-9169-8acfb8baaa19,L1,Profile
916cbb50-7d22-4c0a-9169-8acfb8baaa19,L1,Profile
916cbb50-7d22-4c0a-9169-8acfb8baaa19,L1,Profile
916cbb50-7d22-4c0a-9169-8acfb8baaa19,L1,Profile
916cbb50-7d22-4c0a-9169-8acfb8baaa19,L1,Profile
916cbb50-7d22-4c0a-9169-8acfb8baaa19,L1,Profile
916cbb50-7d22-4c0a-9169-8acfb8baaa19,L1,Profile
916cbb50-7d22-4c0a-9169-8acfb8baaa19,L1,Profile
916cbb50-7d22-4c0a-9169-8acfb8baaa19,L1,Profile
916cbb50-7d22-4c0a-9169-8acfb8baaa19,L1,Profile
916cbb50-7d22-4c0a-9169-8acfb8baaa19,L1,Profile
916cbb50-7d22-4c0a-9169-8acfb8baaa19,L1,Profile
916cbb50-7d22-4c0a-9169-8acfb8baaa19,L1,Profile
916cbb50-7d22-4c0a-9169-8acfb8baaa19,L1,Profile
916cbb50-7d22-4c0a-9169-8acfb8baaa19,L1,Profile
916cbb50-7d22-4c0a-9169-8acfb8baaa19,L1,Profile
916cbb50-7d22-4c0a-9169-8acfb8baaa19,L1,Profile
916cbb50-7d22-4c0a-9169-8acfb8baaa19,L1,Profile
916cbb50-7d22-4c0a-9169-8acfb8baaa19,L1,Profile
916cbb50-7d22-4c0a-9169-8acfb8baaa19,L1,Profile
916cbb50-7d22-4c0a-9169-8acfb8baaa19,L1,Profile
916cbb50-7d22-4c0a-9169-8acfb8baaa19,L1,Profile
916cbb50-7d22-4c0a-9169-8acfb8baaa19,L1,Profile
916cbb50-7d22-4c0a-9169-8acfb8baaa19,L1,Profile
916cbb50-7d22-4c0a-9169-8acfb8baaa19,L1,Profile
916cbb50-7d22-4c0a-9169-8acfb8baaa19,L1,Profile
916cbb50-7d22-4c0a-9169-8acfb8baaa19,L1,Profile
916cbb50-7d22-4c0a-9169-8acfb8baaa19,L1,Profile
916cbb50-7d22-4c0a-9169-8acfb8baaa19,L1,Profile
916cbb50-7d22-4c0a-9169-8acfb8baaa19,L1,Profile
916cbb50-7d22-4c0a-9169-8acfb8baaa19,L1,Profile
916cbb50-7d22-4c0a-9169-8acfb8baaa19,L1,Profile
916cbb50-7d22-4c0a-9169-8acfb8baaa19,L1,Profile
916cbb50-7d22-4c0a-9169-8acfb8baaa19,L1,Profile
916cbb50-7d22-4c0a-9169-8acfb8baaa19,L1,Profile
916cbb50-7d22-4c0a-9169-8acfb8baaa19,L1,Profile
916cbb50-7d22-4c0a-9169-8acfb8baaa19,L1,Profile
916cbb50-7d22-4c0a-9169-8acfb8baaa19,L1,Profile
916cbb50-7d22-4c0a-9169-8acfb8baaa19,L1,Profile
916cbb50-7d22-4c0a-9169-8acfb8baaa19,L1,Profile
916cbb50-7d22-4c0a-9169-8acfb8baaa19,L1,Profile
916cbb50-7d22-4c0a-9169-8acfb8baaa19,L1,Profile
916cbb50-7d22-4c0a-9169-8acfb8baaa19,L1,Profile
916cbb50-7d22-4c0a-9169-8acfb8baaa19,L1,Profile
916cbb50-7d22-4c0a-9169-8acfb8baaa19,L1,Profile
916cbb50-7d22-4c0a-9169-8acfb8baaa19,L1,Profile
916cbb50-7d22-4c0a-9169-8acfb8baaa19,L1,Profile
916cbb50-7d22-4c0a-9169-8acfb8baaa19,L1,Profile
916cbb50-7d22-4c0a-9169-8acfb8baaa19,L1,Profile
916cbb50-7d22-4c0a-9169-8acfb8baaa19,L1,Profile
916cbb50-7d22-4c0a-9169-8acfb8baaa19,L1,Profile
916cbb50-7d22-4c0a-9169-8acfb8baaa19,L1,Profile
916cbb50-7d22-4c0a-9169-8acfb8baaa19,L1,Profile
916cbb50-7d22-4c0a-9169-8acfb8baaa19,L1,Profile
916cbb50-7d22-4c0a-9169-8acfb8baaa19,L1,Profile
916cbb50-7d22-4c0a-9169-8acfb8baaa19,L1,Profile
916cbb50-7d22-4c0a-9169-8acfb8baaa19,L1,Profile
916cbb50-7d22-4c0a-9169-8acfb8baaa19,L1,Profile
916cbb50-7d22-4c0a-9169-8acfb8baaa19,L1,Profile
916cbb50-7d22-4c0a-9169-8acfb8baaa19,L1,Profile
916cbb50-7d22-4c0a-9169-8acfb8baaa19,L1,Profile
916cbb50-7d22-4c0a-9169-8acfb8baaa19,L1,Profile
916cbb50-7d22-4c0a-9169-8acfb8baaa19,L1,Profile
916cbb50-7d22-4c0a-9169-8acfb8baaa19,L1,Profile
916cbb50-7d22-4c0a-9169-8acfb8baaa19,L1,Profile
916cbb50-7d22-4c0a-9169-8acfb8baaa19,L1,Profile
916cbb50-7d22-4c0a-9169-8acfb8baaa19,L1,Profile
916cbb50-7d22-4c0a-9169-8acfb8baaa19,L1,Profile
916cbb50-7d22-4c0a-9169-8acfb8baaa19,L1,Profile
916cbb50-7d22-4c0a-9169-8acfb8baaa19,L1,Profile
916cbb50-7d22-4c0a-9169-8acfb8baaa19,L1,Profile
916cbb50-7d22-4c0a-9169-8acfb8baaa19,L1,Profile
916cbb50-7d22-4c0a-9169-8acfb8baaa19,L1,Profile
916cbb50-7d22-4c0a-9169-8acfb8baaa19,L1,Profile
916cbb50-7d22-4c0a-9169-8acfb8baaa19,L1,Profile
916cbb50-7d22-4c0a-9169-8acfb8baaa19,L1,Profile
916cbb50-7d22-4c0a-9169-8acfb8baaa19,L1,Profile
916cbb50-7d22-4c0a-9169-8acfb8baaa19,L1,Profile
916cbb50-7d22-4c0a-9169-8acfb8baaa19,L1,Profile
916cbb50-7d22-4c0a-9169-8acfb8baaa19,L1,Profile
916cbb50-7d22-4c0a-9169-8acfb8baaa19,L1,Profile
916cbb50-7d22-4c0a-9169-8acfb8baaa19,L1,Profile
916cbb50-7d22-4c0a-9169-8acfb8baaa19,L1,Profile
916cbb50-7d22-4c0a-9169-8acfb8baaa19,L1,Profile
916cbb50-7d22-4c0a-9169-8acfb8baaa19,L1,Profile
916cbb50-7d22-4c0a-9169-8acfb8baaa19,L1,Profile
916cbb50-7d22-4c0a-9169-8acfb8baaa19,L1,Profile
916cbb50-7d22-4c0a-9169-8acfb8baaa19,L1,Profile
916cbb50-7d22-4c0a-9169-8acfb8baaa19,L1,Profile
916cbb50-7d22-4c0a-9169-8acfb8baaa19,L1,Profile
916cbb50-7d22-4c0a-9169-8acfb8baaa19,L1,Profile
916cbb50-7d22-4c0a-9169-8acfb8baaa19,L1,Profile
916cbb50-7d22-4c0a-9169-8acfb8baaa19,L1,Profile
916cbb50-7d22-4c0a-9169-8acfb8baaa19,L1,Profile
916cbb50-7d22-4c0a-9169-8acfb8baaa19,L1,Profile
916cbb50-7d22-4c0a-9169-8acfb8baaa19,L1,Profile
916cbb50-7d22-4c0a-9169-8acfb8baaa19,L1,Profile
916cbb50-7d22-4c0a-9169-8acfb8baaa19,L1,Profile
916cbb50-7d22-4c0a-9169-8acfb8baaa19,L1,Profile
916cbb50-7d22-4c0a-9169-8acfb8baaa19,L1,Profile
916cbb50-7d22-4c0a-9169-8acfb8baaa19,L1,Profile
916cbb50-7d22-4c0a-9169-8acfb8baaa19,L1,Profile
916cbb50-7d22-4c0a-9169-8acfb8baaa19,L1,Profile
916cbb50-7d22-4c0a-9169-8acfb8baaa19,L1,Profile
916cbb50-7d22-4c0a-9169-8acfb8baaa19,L1,Profile
916cbb50-7d22-4c0a-9169-8acfb8baaa19,L1,Profile
916cbb50-7d22-4c0a-9169-8acfb8baaa19,L1,Profile
916cbb50-7d22-4c0a-9169-8acfb8baaa19,L1,Profile
916cbb50-7d22-4c0a-9169-8acfb8baaa19,L1,Profile
916cbb50-7d22-4c0a-9169-8acfb8baaa19,L1,Profile
916cbb50-7d22-4c0a-9169-8acfb8baaa19,L1,Profile
916cbb50-7d22-4c0a-9169-8acfb8baaa19,L1,Profile
916cbb50-7d22-4c0a-9169-8acfb8baaa19,L1,Profile
916cbb50-7d22-4c0a-9169-8acfb8baaa19,L1,Profile
916cbb50-7d22-4c0a-9169-8acfb8baaa19,L1,Profile
916cbb50-7d22-4c0a-9169-8acfb8baaa19,L1,Profile
916cbb50-7d22-4c0a-9169-8acfb8baaa19,L1,Profile
916cbb50-7d22-4c0a-9169-8acfb8baaa19,L1,Profile
916cbb50-7d22-4c0a-9169-8acfb8baaa19,L1,Profile
916cbb50-7d22-4c0a-9169-8acfb8baaa19,L1,Profile
916cbb50-7d22-4c0a-9169-8acfb8baaa19,L1,Profile
916cbb50-7d22-4c0a-9169-8acfb8baaa19,L1,Profile
916cbb50-7d22-4c0a-9169-8acfb8baaa19,L1,Profile
916cbb50-7d22-4c0a-9169-8acfb8baaa19,L1,Profile
916cbb50-7d22-4c0a-9169-8acfb8baaa19,L1,Profile
916cbb50-7d22-4c0a-9169-8acfb8baaa19,L1,Profile
916cbb50-7d22-4c0a-9169-8acfb8baaa19,L1,Profile
916cbb50-7d22-4c0a-9169-8acfb8baaa19,L1,Profile
916cbb50-7d22-4c0a-9169-8acfb8baaa19,L1,Profile
916cbb50-7d22-4c0a-9169-8acfb8baaa19,L1,Profile
916cbb50-7d22-4c0a-9169-8acfb8baaa19,L1,Profile
916cbb50-7d22-4c0a-9169-8acfb8baaa19,L1,Profile
916cbb50-7d22-4c0a-9169-8acfb8baaa19,L1,Profile
916cbb50-7d22-4c0a-9169-8acfb8baaa19,L1,Profile
916cbb50-7d22-4c0a-9169-8acfb8baaa19,L1,Profile
916cbb50-7d22-4c0a-9169-8acfb8baaa19,L1,Profile
916cbb50-7d22-4c0a-9169-8acfb8baaa19,L1,Profile
916cbb50-7d22-4c0a-9169-8acfb8baaa19,L1,Profile
916cbb50-7d22-4c0a-9169-8acfb8baaa19,L1,Profile
916cbb50-7d22-4c0a-9169-8acfb8baaa19,L1,Profile
916cbb50-7d22-4c0a-9169-8acfb8baaa19,L1,Profile
916cbb50-7d22-4c0a-9169-8acfb8baaa19,L1,Profile
916cbb50-7d22-4c0a-9169-8acfb8baaa19,L1,Profile
916cbb50-7d22-4c0a-9169-8acfb8baaa19,L1,Profile
916cbb50-7d22-4c0a-9169-8acfb8baaa19,L1,Profile
916cbb50-7d22-4c0a-9169-8acfb8baaa19,L1,Profile
916cbb50-7d22-4c0a-9169-8acfb8baaa19,L1,Profile
916cbb50-7d22-4c0a-9169-8acfb8baaa19,L1,Profile
916cbb50-7d22-4c0a-9169-8acfb8baaa19,L1,Profile
916cbb50-7d22-4c0a-9169-8acfb8baaa19,L1,Profile
916cbb50-7d22-4c0a-9169-8acfb8baaa19,L1,Profile
916cbb50-7d22-4c0a-9169-8acfb8baaa19,L1,Profile
916cbb50-7d22-4c0a-9169-8acfb8baaa19,L1,Profile
916cbb50-7d22-4c0a-9169-8acfb8baaa19,L1,Profile
916cbb50-7d22-4c0a-9169-8acfb8baaa19,L1,Profile
916cbb50-7d22-4c0a-9169-8acfb8baaa19,L1,Profile
916cbb50-7d22-4c0a-9169-8acfb8baaa19,L1,Profile
916cbb50-7d22-4c0a-9169-8acfb8baaa19,L1,Profile
916cbb50-7d22-4c0a-9169-8acfb8baaa19,L1,Profile
916cbb50-7d22-4c0a-9169-8acfb8baaa19,L1,Profile
916cbb50-7d22-4c0a-9169-8acfb8baaa19,L1,Profile
916cbb50-7d22-4c0a-9169-8acfb8baaa19,L1,Profile
916cbb50-7d22-4c0a-9169-8acfb8baaa19,L1,Profile
916cbb50-7d22-4c0a-9169-8acfb8baaa19,L1,Profile
916cbb50-7d22-4c0a-9169-8acfb8baaa19,L1,Profile
916cbb50-7d22-4c0a-9169-8acfb8baaa19,L1,Profile
916cbb50-7d22-4c0a-9169-8acfb8baaa19,L1,Profile
916cbb50-7d22-4c0a-9169-8acfb8baaa19,L1,Profile
916cbb50-7d22-4c0a-9169-8acfb8baaa19,L1,Profile
916cbb50-7d22-4c0a-9169-8acfb8baaa19,L1,Profile
916cbb50-7d22-4c0a-9169-8acfb8baaa19,L1,Profile
916cbb50-7d22-4c0a-9169-8acfb8baaa19,L1,Profile
916cbb50-7d22-4c0a-9169-8acfb8baaa19,L1,Profile
916cbb50-7d22-4c0a-9169-8acfb8baaa19,L1,Profile
916cbb50-7d22-4c0a-9169-8acfb8baaa19,L1,Profile
916cbb50-7d22-4c0a-9169-8acfb8baaa19,L1,Profile
916cbb50-7d22-4c0a-9169-8acfb8baaa19,L1,Profile
916cbb50-7d22-4c0a-9169-8acfb8baaa19,L1,Profile
916cbb50-7d22-4c0a-9169-8acfb8baaa19,L1,Profile
916cbb50-7d22-4c0a-9169-8acfb8baaa19,L1,Profile
916cbb50-7d22-4c0a-9169-8acfb8baaa19,L1,Profile
916cbb50-7d22-4c0a-9169-8acfb8baaa19,L1,Profile
916cbb50-7d22-4c0a-9169-8acfb8baaa19,L1,Profile
916cbb50-7d22-4c0a-9169-8acfb8baaa19,L1,Profile
916cbb50-7d22-4c0a-9169-8acfb8baaa19,L1,Profile
916cbb50-7d22-4c0a-9169-8acfb8baaa19,L1,Profile
916cbb50-7d22-4c0a-9169-8acfb8baaa19,L1,Profile
916cbb50-7d22-4c0a-9169-8acfb8baaa19,L1,Profile
916cbb50-7d22-4c0a-9169-8acfb8baaa19,L1,Profile
916cbb50-7d22-4c0a-9169-8acfb8baaa19,L1,Profile
916cbb50-7d22-4c0a-9169-8acfb8baaa19,L1,Profile
916cbb50-7d22-4c0a-9169-8acfb8baaa19,L1,Profile
916cbb50-7d22-4c0a-9169-8acfb8baaa19,L1,Profile
916cbb50-7d22-4c0a-9169-8acfb8baaa19,L1,Profile
916cbb50-7d22-4c0a-9169-8acfb8baaa19,L1,Profile
916cbb50-7d22-4c0a-9169-8acfb8baaa19,L1,Profile
916cbb50-7d22-4c0a-9169-8acfb8baaa19,L1,Profile
916cbb50-7d22-4c0a-9169-8acfb8baaa19,L1,Profile
916cbb50-7d22-4c0a-9169-8acfb8baaa19,L1,Profile
916cbb50-7d22-4c0a-9169-8acfb8baaa19,L1,Profile
916cbb50-7d22-4c0a-9169-8acfb8baaa19,L1,Profile
916cbb50-7d22-4c0a-9169-8acfb8baaa19,L1,Profile
916cbb50-7d22-4c0a-9169-8acfb8baaa19,L1,Profile
916cbb50-7d22-4c0a-9169-8acfb8baaa19,L1,Profile
916cbb50-7d22-4c0a-9169-8acfb8baaa19,L1,Profile
916cbb50-7d22-4c0a-9169-8acfb8baaa19,L1,Profile
916cbb50-7d22-4c0a-9169-8acfb8baaa19,L1,Profile
916cbb50-7d22-4c0a-9169-8acfb8baaa19,L1,Profile
916cbb50-7d22-4c0a-9169-8acfb8baaa19,L1,Profile
916cbb50-7d22-4c0a-9169-8acfb8baaa19,L1,Profile
916cbb50-7d22-4c0a-9169-8acfb8baaa19,L1,Profile
916cbb50-7d22-4c0a-9169-8acfb8baaa19,L1,Profile
916cbb50-7d22-4c0a-9169-8acfb8baaa19,L1,Profile
916cbb50-7d22-4c0a-9169-8acfb8baaa19,L1,Profile
916cbb50-7d22-4c0a-9169-8acfb8baaa19,L1,Profile
916cbb50-7d22-4c0a-9169-8acfb8baaa19,L1,Profile
916cbb50-7d22-4c0a-9169-8acfb8baaa19,L1,Profile
916cbb50-7d22-4c0a-9169-8acfb8baaa19,L1,Profile
916cbb50-7d22-4c0a-9169-8acfb8baaa19,L1,Profile
916cbb50-7d22-4c0a-9169-8acfb8baaa19,L1,Profile
916cbb50-7d22-4c0a-9169-8acfb8baaa19,L1,Profile
916cbb50-7d22-4c0a-9169-8acfb8baaa19,L1,Profile
916cbb50-7d22-4c0a-9169-8acfb8baaa19,L1,Profile
916cbb50-7d22-4c0a-9169-8acfb8baaa19,L1,Profile
916cbb50-7d22-4c0a-9169-8acfb8baaa19,L1,Profile
916cbb50-7d22-4c0a-9169-8acfb8baaa19,L1,Profile
916cbb50-7d22-4c0a-9169-8acfb8baaa19,L1,Profile
916cbb50-7d22-4c0a-9169-8acfb8baaa19,L1,Profile
916cbb50-7d22-4c0a-9169-8acfb8baaa19,L1,Profile
916cbb50-7d22-4c0a-9169-8acfb8baaa19,L1,Profile
916cbb50-7d22-4c0a-9169-8acfb8baaa19,L1,Profile
916cbb50-7d22-4c0a-9169-8acfb8baaa19,L1,Profile
916cbb50-7d22-4c0a-9169-8acfb8baaa19,L1,Profile
916cbb50-7d22-4c0a-9169-8acfb8baaa19,L1,Profile
916cbb50-7d22-4c0a-9169-8acfb8baaa19,L1,Profile
916cbb50-7d22-4c0a-9169-8acfb8baaa19,L1,Profile
916cbb50-7d22-4c0a-9169-8acfb8baaa19,L1,Profile
916cbb50-7d22-4c0a-9169-8acfb8baaa19,L1,Profile
916cbb50-7d22-4c0a-9169-8acfb8baaa19,L1,Profile
916cbb50-7d22-4c0a-9169-8acfb8baaa19,L1,Profile
916cbb50-7d22-4c0a-9169-8acfb8baaa19,L1,Profile
916cbb50-7d22-4c0a-9169-8acfb8baaa19,L1,Profile
916cbb50-7d22-4c0a-9169-8acfb8baaa19,L1,Profile
916cbb50-7d22-4c0a-9169-8acfb8baaa19,L1,Profile
916cbb50-7d22-4c0a-9169-8acfb8baaa19,L1,Profile
916cbb50-7d22-4c0a-9169-8acfb8baaa19,L1,Profile
916cbb50-7d22-4c0a-9169-8acfb8baaa19,L1,Profile
916cbb50-7d22-4c0a-9169-8acfb8baaa19,L1,Profile
916cbb50-7d22-4c0a-9169-8acfb8baaa19,L1,Profile
916cbb50-7d22-4c0a-9169-8acfb8baaa19,L1,Profile
916cbb50-7d22-4c0a-9169-8acfb8baaa19,L1,Profile
916cbb50-7d22-4c0a-9169-8acfb8baaa19,L1,Profile
916cbb50-7d22-4c0a-9169-8acfb8baaa19,L1,Profile
916cbb50-7d22-4c0a-9169-8acfb8baaa19,L1,Profile
916cbb50-7d22-4c0a-9169-8acfb8baaa19,L1,Profile
916cbb50-7d22-4c0a-9169-8acfb8baaa19,L1,Profile
916cbb50-7d22-4c0a-9169-8acfb8baaa19,L1,Profile
916cbb50-7d22-4c0a-9169-8acfb8baaa19,L1,Profile
916cbb50-7d22-4c0a-9169-8acfb8baaa19,L1,Profile
916cbb50-7d22-4c0a-9169-8acfb8baaa19,L1,Profile
916cbb50-7d22-4c0a-9169-8acfb8baaa19,L1,Profile
916cbb50-7d22-4c0a-9169-8acfb8baaa19,L1,Profile
916cbb50-7d22-4c0a-9169-8acfb8baaa19,L1,Profile
916cbb50-7d22-4c0a-9169-8acfb8baaa19,L1,Profile
916cbb50-7d22-4c0a-9169-8acfb8baaa19,L1,Profile
916cbb50-7d22-4c0a-9169-8acfb8baaa19,L1,Profile
916cbb50-7d22-4c0a-9169-8acfb8baaa19,L1,Profile
916cbb50-7d22-4c0a-9169-8acfb8baaa19,L1,Profile
916cbb50-7d22-4c0a-9169-8acfb8baaa19,L1,Profile
916cbb50-7d22-4c0a-9169-8acfb8baaa19,L1,Profile
916cbb50-7d22-4c0a-9169-8acfb8baaa19,L1,Profile
916cbb50-7d22-4c0a-9169-8acfb8baaa19,L1,Profile
916cbb50-7d22-4c0a-9169-8acfb8baaa19,L1,Profile
916cbb50-7d22-4c0a-9169-8acfb8baaa19,L1,Profile
916cbb50-7d22-4c0a-9169-8acfb8baaa19,L1,Profile
916cbb50-7d22-4c0a-9169-8acfb8baaa19,L1,Profile
916cbb50-7d22-4c0a-9169-8acfb8baaa19,L1,Profile
916cbb50-7d22-4c0a-9169-8acfb8baaa19,L1,Profile
916cbb50-7d22-4c0a-9169-8acfb8baaa19,L1,Profile
916cbb50-7d22-4c0a-9169-8acfb8baaa19,L1,Profile
916cbb50-7d22-4c0a-9169-8acfb8baaa19,L1,Profile
916cbb50-7d22-4c0a-9169-8acfb8baaa19,L1,Profile
916cbb50-7d22-4c0a-9169-8acfb8baaa19,L1,Profile
916cbb50-7d22-4c0a-9169-8acfb8baaa19,L1,Profile
916cbb50-7d22-4c0a-9169-8acfb8baaa19,L1,Profile
916cbb50-7d22-4c0a-9169-8acfb8baaa19,L1,Profile
916cbb50-7d22-4c0a-9169-8acfb8baaa19,L1,Profile
916cbb50-7d22-4c0a-9169-8acfb8baaa19,L1,Profile
916cbb50-7d22-4c0a-9169-8acfb8baaa19,L1,Profile
916cbb50-7d22-4c0a-9169-8acfb8baaa19,L1,Profile
916cbb50-7d22-4c0a-9169-8acfb8baaa19,L1,Profile
916cbb50-7d22-4c0a-9169-8acfb8baaa19,L1,Profile
916cbb50-7d22-4c0a-9169-8acfb8baaa19,L1,Profile
916cbb50-7d22-4c0a-9169-8acfb8baaa19,L1,Profile
916cbb50-7d22-4c0a-9169-8acfb8baaa19,L1,Profile
916cbb50-7d22-4c0a-9169-8acfb8baaa19,L1,Profile
916cbb50-7d22-4c0a-9169-8acfb8baaa19,L1,Profile
916cbb50-7d22-4c0a-9169-8acfb8baaa19,L1,Profile
916cbb50-7d22-4c0a-9169-8acfb8baaa19,L1,Profile
916cbb50-7d22-4c0a-9169-8acfb8baaa19,L1,Profile
916cbb50-7d22-4c0a-9169-8acfb8baaa19,L1,Profile
916cbb50-7d22-4c0a-9169-8acfb8baaa19,L1,Profile
916cbb50-7d22-4c0a-9169-8acfb8baaa19,L1,Profile
916cbb50-7d22-4c0a-9169-8acfb8baaa19,L1,Profile
916cbb50-7d22-4c0a-9169-8acfb8baaa19,L1,Profile
916cbb50-7d22-4c0a-9169-8acfb8baaa19,L1,Profile
916cbb50-7d22-4c0a-9169-8acfb8baaa19,L1,Profile
916cbb50-7d22-4c0a-9169-8acfb8baaa19,L1,Profile
916cbb50-7d22-4c0a-9169-8acfb8baaa19,L1,Profile
916cbb50-7d22-4c0a-9169-8acfb8baaa19,L1,Profile
916cbb50-7d22-4c0a-9169-8acfb8baaa19,L1,Profile
916cbb50-7d22-4c0a-9169-8acfb8baaa19,L1,Profile
916cbb50-7d22-4c0a-9169-8acfb8baaa19,L1,Profile
916cbb50-7d22-4c0a-9169-8acfb8baaa19,L1,Profile
916cbb50-7d22-4c0a-9169-8acfb8baaa19,L1,Profile
916cbb50-7d22-4c0a-9169-8acfb8baaa19,L1,Profile
916cbb50-7d22-4c0a-9169-8acfb8baaa19,L1,Profile
916cbb50-7d22-4c0a-9169-8acfb8baaa19,L1,Profile
916cbb50-7d22-4c0a-9169-8acfb8baaa19,L1,Profile
916cbb50-7d22-4c0a-9169-8acfb8baaa19,L1,Profile
916cbb50-7d22-4c0a-9169-8acfb8baaa19,L1,Profile
916cbb50-7d22-4c0a-9169-8acfb8baaa19,L1,Profile
916cbb50-7d22-4c0a-9169-8acfb8baaa19,L1,Profile
916cbb50-7d22-4c0a-9169-8acfb8baaa19,L1,Profile
916cbb50-7d22-4c0a-9169-8acfb8baaa19,L1,Profile
916cbb50-7d22-4c0a-9169-8acfb8baaa19,L1,Profile
916cbb50-7d22-4c0a-9169-8acfb8baaa19,L1,Profile
916cbb50-7d22-4c0a-9169-8acfb8baaa19,L1,Profile
916cbb50-7d22-4c0a-9169-8acfb8baaa19,L1,Profile
916cbb50-7d22-4c0a-9169-8acfb8baaa19,L1,Profile
916cbb50-7d22-4c0a-9169-8acfb8baaa19,L1,Profile
916cbb50-7d22-4c0a-9169-8acfb8baaa19,L1,Profile
916cbb50-7d22-4c0a-9169-8acfb8baaa19,L1,Profile
916cbb50-7d22-4c0a-9169-8acfb8baaa19,L1,Profile
916cbb50-7d22-4c0a-9169-8acfb8baaa19,L1,Profile
916cbb50-7d22-4c0a-9169-8acfb8baaa19,L1,Profile
916cbb50-7d22-4c0a-9169-8acfb8baaa19,L1,Profile
916cbb50-7d22-4c0a-9169-8acfb8baaa19,L1,Profile
916cbb50-7d22-4c0a-9169-8acfb8baaa19,L1,Profile
916cbb50-7d22-4c0a-9169-8acfb8baaa19,L1,Profile
916cbb50-7d22-4c0a-9169-8acfb8baaa19,L1,Profile
916cbb50-7d22-4c0a-9169-8acfb8baaa19,L1,Profile
916cbb50-7d22-4c0a-9169-8acfb8baaa19,L1,Profile
916cbb50-7d22-4c0a-9169-8acfb8baaa19,L1,Profile
916cbb50-7d22-4c0a-9169-8acfb8baaa19,L1,Profile
916cbb50-7d22-4c0a-9169-8acfb8baaa19,L1,Profile
916cbb50-7d22-4c0a-9169-8acfb8baaa19,L1,Profile
916cbb50-7d22-4c0a-9169-8acfb8baaa19,L1,Profile
916cbb50-7d22-4c0a-9169-8acfb8baaa19,L1,Profile
916cbb50-7d22-4c0a-9169-8acfb8baaa19,L1,Profile
916cbb50-7d22-4c0a-9169-8acfb8baaa19,L1,Profile
916cbb50-7d22-4c0a-9169-8acfb8baaa19,L1,Profile
916cbb50-7d22-4c0a-9169-8acfb8baaa19,L1,Profile
916cbb50-7d22-4c0a-9169-8acfb8baaa19,L1,Profile
916cbb50-7d22-4c0a-9169-8acfb8baaa19,L1,Profile
916cbb50-7d22-4c0a-9169-8acfb8baaa19,L1,Profile
916cbb50-7d22-4c0a-9169-8acfb8baaa19,L1,Profile
916cbb50-7d22-4c0a-9169-8acfb8baaa19,L1,Profile
916cbb50-7d22-4c0a-9169-8acfb8baaa19,L1,Profile
916cbb50-7d22-4c0a-9169-8acfb8baaa19,L1,Profile
916cbb50-7d22-4c0a-9169-8acfb8baaa19,L1,Profile
916cbb50-7d22-4c0a-9169-8acfb8baaa19,L1,Profile
916cbb50-7d22-4c0a-9169-8acfb8baaa19,L1,Profile
916cbb50-7d22-4c0a-9169-8acfb8baaa19,L1,Profile
916cbb50-7d22-4c0a-9169-8acfb8baaa19,L1,Profile
916cbb50-7d22-4c0a-9169-8acfb8baaa19,L1,Profile
916cbb50-7d22-4c0a-9169-8acfb8baaa19,L1,Profile
916cbb50-7d22-4c0a-9169-8acfb8baaa19,L1,Profile
916cbb50-7d22-4c0a-9169-8acfb8baaa19,L1,Profile
916cbb50-7d22-4c0a-9169-8acfb8baaa19,L1,Profile
916cbb50-7d22-4c0a-9169-8acfb8baaa19,L1,Profile
916cbb50-7d22-4c0a-9169-8acfb8baaa19,L1,Profile
916cbb50-7d22-4c0a-9169-8acfb8baaa19,L1,Profile
916cbb50-7d22-4c0a-9169-8acfb8baaa19,L1,Profile
916cbb50-7d22-4c0a-9169-8acfb8baaa19,L1,Profile
916cbb50-7d22-4c0a-9169-8acfb8baaa19,L1,Profile
916cbb50-7d22-4c0a-9169-8acfb8baaa19,L1,Profile
916cbb50-7d22-4c0a-9169-8acfb8baaa19,L1,Profile
916cbb50-7d22-4c0a-9169-8acfb8baaa19,L1,Profile
916cbb50-7d22-4c0a-9169-8acfb8baaa19,L1,Profile
916cbb50-7d22-4c0a-9169-8acfb8baaa19,L1,Profile
916cbb50-7d22-4c0a-9169-8acfb8baaa19,L1,Profile
916cbb50-7d22-4c0a-9169-8acfb8baaa19,L1,Profile
916cbb50-7d22-4c0a-9169-8acfb8baaa19,L1,Profile
916cbb50-7d22-4c0a-9169-8acfb8baaa19,L1,Profile
916cbb50-7d22-4c0a-9169-8acfb8baaa19,L1,Profile
916cbb50-7d22-4c0a-9169-8acfb8baaa19,L1,Profile
916cbb50-7d22-4c0a-9169-8acfb8baaa19,L1,Profile
916cbb50-7d22-4c0a-9169-8acfb8baaa19,L1,Profile
916cbb50-7d22-4c0a-9169-8acfb8baaa19,L1,Profile
916cbb50-7d22-4c0a-9169-8acfb8baaa19,L1,Profile
916cbb50-7d22-4c0a-9169-8acfb8baaa19,L1,Profile
916cbb50-7d22-4c0a-9169-8acfb8baaa19,L1,Profile
916cbb50-7d22-4c0a-9169-8acfb8baaa19,L1,Profile
916cbb50-7d22-4c0a-9169-8acfb8baaa19,L1,Profile
916cbb50-7d22-4c0a-9169-8acfb8baaa19,L1,Profile
916cbb50-7d22-4c0a-9169-8acfb8baaa19,L1,Profile
916cbb50-7d22-4c0a-9169-8acfb8baaa19,L1,Profile
916cbb50-7d22-4c0a-9169-8acfb8baaa19,L1,Profile
916cbb50-7d22-4c0a-9169-8acfb8baaa19,L1,Profile
916cbb50-7d22-4c0a-9169-8acfb8baaa19,L1,Profile
916cbb50-7d22-4c0a-9169-8acfb8baaa19,L1,Profile
916cbb50-7d22-4c0a-9169-8acfb8baaa19,L1,Profile
916cbb50-7d22-4c0a-9169-8acfb8baaa19,L1,Profile
916cbb50-7d22-4c0a-9169-8acfb8baaa19,L1,Profile
916cbb50-7d22-4c0a-9169-8acfb8baaa19,L1,Profile
916cbb50-7d22-4c0a-9169-8acfb8baaa19,L1,Profile
916cbb50-7d22-4c0a-9169-8acfb8baaa19,L1,Profile
916cbb50-7d22-4c0a-9169-8acfb8baaa19,L1,Profile
916cbb50-7d22-4c0a-9169-8acfb8baaa19,L1,Profile
916cbb50-7d22-4c0a-9169-8acfb8baaa19,L1,Profile
916cbb50-7d22-4c0a-9169-8acfb8baaa19,L1,Profile
916cbb50-7d22-4c0a-9169-8acfb8baaa19,L1,Profile
916cbb50-7d22-4c0a-9169-8acfb8baaa19,L1,Profile
916cbb50-7d22-4c0a-9169-8acfb8baaa19,L1,Profile
916cbb50-7d22-4c0a-9169-8acfb8baaa19,L1,Profile
916cbb50-7d22-4c0a-9169-8acfb8baaa19,L1,Profile
916cbb50-7d22-4c0a-9169-8acfb8baaa19,L1,Profile
916cbb50-7d22-4c0a-9169-8acfb8baaa19,L1,Profile
916cbb50-7d22-4c0a-9169-8acfb8baaa19,L1,Profile
916cbb50-7d22-4c0a-9169-8acfb8baaa19,L1,Profile
916cbb50-7d22-4c0a-9169-8acfb8baaa19,L1,Profile
916cbb50-7d22-4c0a-9169-8acfb8baaa19,L1,Profile
916cbb50-7d22-4c0a-9169-8acfb8baaa19,L1,Profile
916cbb50-7d22-4c0a-9169-8acfb8baaa19,L1,Profile
916cbb50-7d22-4c0a-9169-8acfb8baaa19,L1,Profile
916cbb50-7d22-4c0a-9169-8acfb8baaa19,L1,Profile
916cbb50-7d22-4c0a-9169-8acfb8baaa19,L1,Profile
916cbb50-7d22-4c0a-9169-8acfb8baaa19,L1,Profile
916cbb50-7d22-4c0a-9169-8acfb8baaa19,L1,Profile
916cbb50-7d22-4c0a-9169-8acfb8baaa19,L1,Profile
916cbb50-7d22-4c0a-9169-8acfb8baaa19,L1,Profile
916cbb50-7d22-4c0a-9169-8acfb8baaa19,L1,Profile
916cbb50-7d22-4c0a-9169-8acfb8baaa19,L1,Profile
916cbb50-7d22-4c0a-9169-8acfb8baaa19,L1,Profile
916cbb50-7d22-4c0a-9169-8acfb8baaa19,L1,Profile
916cbb50-7d22-4c0a-9169-8acfb8baaa19,L1,Profile
916cbb50-7d22-4c0a-9169-8acfb8baaa19,L1,Profile
916cbb50-7d22-4c0a-9169-8acfb8baaa19,L1,Profile
916cbb50-7d22-4c0a-9169-8acfb8baaa19,L1,Profile
916cbb50-7d22-4c0a-9169-8acfb8baaa19,L1,Profile
916cbb50-7d22-4c0a-9169-8acfb8baaa19,L1,Profile
916cbb50-7d22-4c0a-9169-8acfb8baaa19,L1,Profile
916cbb50-7d22-4c0a-9169-8acfb8baaa19,L1,Profile
916cbb50-7d22-4c0a-9169-8acfb8baaa19,L1,Profile
916cbb50-7d22-4c0a-9169-8acfb8baaa19,L1,Profile
916cbb50-7d22-4c0a-9169-8acfb8baaa19,L1,Profile
916cbb50-7d22-4c0a-9169-8acfb8baaa19,L1,Profile
916cbb50-7d22-4c0a-9169-8acfb8baaa19,L1,Profile
916cbb50-7d22-4c0a-9169-8acfb8baaa19,L1,Profile
916cbb50-7d22-4c0a-9169-8acfb8baaa19,L1,Profile
916cbb50-7d22-4c0a-9169-8acfb8baaa19,L1,Profile
916cbb50-7d22-4c0a-9169-8acfb8baaa19,L1,Profile
916cbb50-7d22-4c0a-9169-8acfb8baaa19,L1,Profile
916cbb50-7d22-4c0a-9169-8acfb8baaa19,L1,Profile
916cbb50-7d22-4c0a-9169-8acfb8baaa19,L1,Profile
916cbb50-7d22-4c0a-9169-8acfb8baaa19,L1,Profile
916cbb50-7d22-4c0a-9169-8acfb8baaa19,L1,Profile
916cbb50-7d22-4c0a-9169-8acfb8baaa19,L1,Profile
916cbb50-7d22-4c0a-9169-8acfb8baaa19,L1,Profile
916cbb50-7d22-4c0a-9169-8acfb8baaa19,L1,Profile
916cbb50-7d22-4c0a-9169-8acfb8baaa19,L1,Profile
916cbb50-7d22-4c0a-9169-8acfb8baaa19,L1,Profile
916cbb50-7d22-4c0a-9169-8acfb8baaa19,L1,Profile
916cbb50-7d22-4c0a-9169-8acfb8baaa19,L1,Profile
916cbb50-7d22-4c0a-9169-8acfb8baaa19,L1,Profile
916cbb50-7d22-4c0a-9169-8acfb8baaa19,L1,Profile
916cbb50-7d22-4c0a-9169-8acfb8baaa19,L1,Profile
916cbb50-7d22-4c0a-9169-8acfb8baaa19,L1,Profile
916cbb50-7d22-4c0a-9169-8acfb8baaa19,L1,Profile
916cbb50-7d22-4c0a-9169-8acfb8baaa19,L1,Profile
916cbb50-7d22-4c0a-9169-8acfb8baaa19,L1,Profile
916cbb50-7d22-4c0a-9169-8acfb8baaa19,L1,Profile
916cbb50-7d22-4c0a-9169-8acfb8baaa19,L1,Profile
916cbb50-7d22-4c0a-9169-8acfb8baaa19,L1,Profile
916cbb50-7d22-4c0a-9169-8acfb8baaa19,L1,Profile
916cbb50-7d22-4c0a-9169-8acfb8baaa19,L1,Profile
916cbb50-7d22-4c0a-9169-8acfb8baaa19,L1,Profile
916cbb50-7d22-4c0a-9169-8acfb8baaa19,L1,Profile
916cbb50-7d22-4c0a-9169-8acfb8baaa19,L1,Profile
916cbb50-7d22-4c0a-9169-8acfb8baaa19,L1,Profile
916cbb50-7d22-4c0a-9169-8acfb8baaa19,L1,Profile
916cbb50-7d22-4c0a-9169-8acfb8baaa19,L1,Profile
916cbb50-7d22-4c0a-9169-8acfb8baaa19,L1,Profile
916cbb50-7d22-4c0a-9169-8acfb8baaa19,L1,Profile
916cbb50-7d22-4c0a-9169-8acfb8baaa19,L1,Profile
916cbb50-7d22-4c0a-9169-8acfb8baaa19,L1,Profile
916cbb50-7d22-4c0a-9169-8acfb8baaa19,L1,Profile
916cbb50-7d22-4c0a-9169-8acfb8baaa19,L1,Profile
916cbb50-7d22-4c0a-9169-8acfb8baaa19,L1,Profile
916cbb50-7d22-4c0a-9169-8acfb8baaa19,L1,Profile
916cbb50-7d22-4c0a-9169-8acfb8baaa19,L1,Profile
916cbb50-7d22-4c0a-9169-8acfb8baaa19,L1,Profile
916cbb50-7d22-4c0a-9169-8acfb8baaa19,L1,Profile
916cbb50-7d22-4c0a-9169-8acfb8baaa19,L1,Profile
916cbb50-7d22-4c0a-9169-8acfb8baaa19,L1,Profile
916cbb50-7d22-4c0a-9169-8acfb8baaa19,L1,Profile
916cbb50-7d22-4c0a-9169-8acfb8baaa19,L1,Profile
916cbb50-7d22-4c0a-9169-8acfb8baaa19,L1,Profile
916cbb50-7d22-4c0a-9169-8acfb8baaa19,L1,Profile
916cbb50-7d22-4c0a-9169-8acfb8baaa19,L1,Profile
916cbb50-7d22-4c0a-9169-8acfb8baaa19,L1,Profile
916cbb50-7d22-4c0a-9169-8acfb8baaa19,L1,Profile
916cbb50-7d22-4c0a-9169-8acfb8baaa19,L1,Profile
916cbb50-7d22-4c0a-9169-8acfb8baaa19,L1,Profile
916cbb50-7d22-4c0a-9169-8acfb8baaa19,L1,Profile
916cbb50-7d22-4c0a-9169-8acfb8baaa19,L1,Profile
916cbb50-7d22-4c0a-9169-8acfb8baaa19,L1,Profile
916cbb50-7d22-4c0a-9169-8acfb8baaa19,L1,Profile
916cbb50-7d22-4c0a-9169-8acfb8baaa19,L1,Profile
916cbb50-7d22-4c0a-9169-8acfb8baaa19,L1,Profile
916cbb50-7d22-4c0a-9169-8acfb8baaa19,L1,Profile
916cbb50-7d22-4c0a-9169-8acfb8baaa19,L1,Profile
916cbb50-7d22-4c0a-9169-8acfb8baaa19,L1,Profile
916cbb50-7d22-4c0a-9169-8acfb8baaa19,L1,Profile
916cbb50-7d22-4c0a-9169-8acfb8baaa19,L1,Profile
916cbb50-7d22-4c0a-9169-8acfb8baaa19,L1,Profile
916cbb50-7d22-4c0a-9169-8acfb8baaa19,L1,Profile
916cbb50-7d22-4c0a-9169-8acfb8baaa19,L1,Profile
916cbb50-7d22-4c0a-9169-8acfb8baaa19,L1,Profile
916cbb50-7d22-4c0a-9169-8acfb8baaa19,L1,Profile
916cbb50-7d22-4c0a-9169-8acfb8baaa19,L1,Profile
916cbb50-7d22-4c0a-9169-8acfb8baaa19,L1,Profile
916cbb50-7d22-4c0a-9169-8acfb8baaa19,L1,Profile
916cbb50-7d22-4c0a-9169-8acfb8baaa19,L1,Profile
916cbb50-7d22-4c0a-9169-8acfb8baaa19,L1,Profile
916cbb50-7d22-4c0a-9169-8acfb8baaa19,L1,Profile
916cbb50-7d22-4c0a-9169-8acfb8baaa19,L1,Profile
916cbb50-7d22-4c0a-9169-8acfb8baaa19,L1,Profile
916cbb50-7d22-4c0a-9169-8acfb8baaa19,L1,Profile
916cbb50-7d22-4c0a-9169-8acfb8baaa19,L1,Profile
916cbb50-7d22-4c0a-9169-8acfb8baaa19,L1,Profile
916cbb50-7d22-4c0a-9169-8acfb8baaa19,L1,Profile
916cbb50-7d22-4c0a-9169-8acfb8baaa19,L1,Profile
916cbb50-7d22-4c0a-9169-8acfb8baaa19,L1,Profile
916cbb50-7d22-4c0a-9169-8acfb8baaa19,L1,Profile
916cbb50-7d22-4c0a-9169-8acfb8baaa19,L1,Profile
916cbb50-7d22-4c0a-9169-8acfb8baaa19,L1,Profile
916cbb50-7d22-4c0a-9169-8acfb8baaa19,L1,Profile
916cbb50-7d22-4c0a-9169-8acfb8baaa19,L1,Profile
916cbb50-7d22-4c0a-9169-8acfb8baaa19,L1,Profile
916cbb50-7d22-4c0a-9169-8acfb8baaa19,L1,Profile
916cbb50-7d22-4c0a-9169-8acfb8baaa19,L1,Profile
916cbb50-7d22-4c0a-9169-8acfb8baaa19,L1,Profile
916cbb50-7d22-4c0a-9169-8acfb8baaa19,L1,Profile
916cbb50-7d22-4c0a-9169-8acfb8baaa19,L1,Profile
916cbb50-7d22-4c0a-9169-8acfb8baaa19,L1,Profile
916cbb50-7d22-4c0a-9169-8acfb8baaa19,L1,Profile
916cbb50-7d22-4c0a-9169-8acfb8baaa19,L1,Profile
916cbb50-7d22-4c0a-9169-8acfb8baaa19,L1,Profile
916cbb50-7d22-4c0a-9169-8acfb8baaa19,L1,Profile
916cbb50-7d22-4c0a-9169-8acfb8baaa19,L1,Profile
916cbb50-7d22-4c0a-9169-8acfb8baaa19,L1,Profile
916cbb50-7d22-4c0a-9169-8acfb8baaa19,L1,Profile
916cbb50-7d22-4c0a-9169-8acfb8baaa19,L1,Profile
916cbb50-7d22-4c0a-9169-8acfb8baaa19,L1,Profile
916cbb50-7d22-4c0a-9169-8acfb8baaa19,L1,Profile
916cbb50-7d22-4c0a-9169-8acfb8baaa19,L1,Profile
916cbb50-7d22-4c0a-9169-8acfb8baaa19,L1,Profile
916cbb50-7d22-4c0a-9169-8acfb8baaa19,L1,Profile
916cbb50-7d22-4c0a-9169-8acfb8baaa19,L1,Profile
916cbb50-7d22-4c0a-9169-8acfb8baaa19,L1,Profile
916cbb50-7d22-4c0a-9169-8acfb8baaa19,L1,Profile
916cbb50-7d22-4c0a-9169-8acfb8baaa19,L1,Profile
916cbb50-7d22-4c0a-9169-8acfb8baaa19,L1,Profile
916cbb50-7d22-4c0a-9169-8acfb8baaa19,L1,Profile
916cbb50-7d22-4c0a-9169-8acfb8baaa19,L1,Profile
916cbb50-7d22-4c0a-9169-8acfb8baaa19,L1,Profile
916cbb50-7d22-4c0a-9169-8acfb8baaa19,L1,Profile
916cbb50-7d22-4c0a-9169-8acfb8baaa19,L1,Profile
916cbb50-7d22-4c0a-9169-8acfb8baaa19,L1,Profile
916cbb50-7d22-4c0a-9169-8acfb8baaa19,L1,Profile
916cbb50-7d22-4c0a-9169-8acfb8baaa19,L1,Profile
916cbb50-7d22-4c0a-9169-8acfb8baaa19,L1,Profile
916cbb50-7d22-4c0a-9169-8acfb8baaa19,L1,Profile
916cbb50-7d22-4c0a-9169-8acfb8baaa19,L1,Profile
916cbb50-7d22-4c0a-9169-8acfb8baaa19,L1,Profile
916cbb50-7d22-4c0a-9169-8acfb8baaa19,L1,Profile
916cbb50-7d22-4c0a-9169-8acfb8baaa19,L1,Profile
916cbb50-7d22-4c0a-9169-8acfb8baaa19,L1,Profile
916cbb50-7d22-4c0a-9169-8acfb8baaa19,L1,Profile
916cbb50-7d22-4c0a-9169-8acfb8baaa19,L1,Profile
916cbb50-7d22-4c0a-9169-8acfb8baaa19,L1,Profile
916cbb50-7d22-4c0a-9169-8acfb8baaa19,L1,Profile
916cbb50-7d22-4c0a-9169-8acfb8baaa19,L1,Profile
916cbb50-7d22-4c0a-9169-8acfb8baaa19,L1,Profile
916cbb50-7d22-4c0a-9169-8acfb8baaa19,L1,Profile
916cbb50-7d22-4c0a-9169-8acfb8baaa19,L1,Profile
916cbb50-7d22-4c0a-9169-8acfb8baaa19,L1,Profile
916cbb50-7d22-4c0a-9169-8acfb8baaa19,L1,Profile
916cbb50-7d22-4c0a-9169-8acfb8baaa19,L1,Profile
916cbb50-7d22-4c0a-9169-8acfb8baaa19,L1,Profile
916cbb50-7d22-4c0a-9169-8acfb8baaa19,L1,Profile
916cbb50-7d22-4c0a-9169-8acfb8baaa19,L1,Profile
916cbb50-7d22-4c0a-9169-8acfb8baaa19,L1,Profile
916cbb50-7d22-4c0a-9169-8acfb8baaa19,L1,Profile
916cbb50-7d22-4c0a-9169-8acfb8baaa19,L1,Profile
916cbb50-7d22-4c0a-9169-8acfb8baaa19,L1,Profile
916cbb50-7d22-4c0a-9169-8acfb8baaa19,L1,Profile
916cbb50-7d22-4c0a-9169-8acfb8baaa19,L1,Profile
916cbb50-7d22-4c0a-9169-8acfb8baaa19,L1,Profile
916cbb50-7d22-4c0a-9169-8acfb8baaa19,L1,Profile
916cbb50-7d22-4c0a-9169-8acfb8baaa19,L1,Profile
916cbb50-7d22-4c0a-9169-8acfb8baaa19,L1,Profile
916cbb50-7d22-4c0a-9169-8acfb8baaa19,L1,Profile
916cbb50-7d22-4c0a-9169-8acfb8baaa19,L1,Profile
916cbb50-7d22-4c0a-9169-8acfb8baaa19,L1,Profile
916cbb50-7d22-4c0a-9169-8acfb8baaa19,L1,Profile
916cbb50-7d22-4c0a-9169-8acfb8baaa19,L1,Profile
916cbb50-7d22-4c0a-9169-8acfb8baaa19,L1,Profile
916cbb50-7d22-4c0a-9169-8acfb8baaa19,L1,Profile
916cbb50-7d22-4c0a-9169-8acfb8baaa19,L1,Profile
916cbb50-7d22-4c0a-9169-8acfb8baaa19,L1,Profile
916cbb50-7d22-4c0a-9169-8acfb8baaa19,L1,Profile
916cbb50-7d22-4c0a-9169-8acfb8baaa19,L1,Profile
916cbb50-7d22-4c0a-9169-8acfb8baaa19,L1,Profile
916cbb50-7d22-4c0a-9169-8acfb8baaa19,L1,Profile
916cbb50-7d22-4c0a-9169-8acfb8baaa19,L1,Profile
916cbb50-7d22-4c0a-9169-8acfb8baaa19,L1,Profile
916cbb50-7d22-4c0a-9169-8acfb8baaa19,L1,Profile
916cbb50-7d22-4c0a-9169-8acfb8baaa19,L1,Profile
916cbb50-7d22-4c0a-9169-8acfb8baaa19,L1,Profile
916cbb50-7d22-4c0a-9169-8acfb8baaa19,L1,Profile
916cbb50-7d22-4c0a-9169-8acfb8baaa19,L1,Profile
916cbb50-7d22-4c0a-9169-8acfb8baaa19,L1,Profile
916cbb50-7d22-4c0a-9169-8acfb8baaa19,L1,Profile
916cbb50-7d22-4c0a-9169-8acfb8baaa19,L1,Profile
916cbb50-7d22-4c0a-9169-8acfb8baaa19,L1,Profile
916cbb50-7d22-4c0a-9169-8acfb8baaa19,L1,Profile
916cbb50-7d22-4c0a-9169-8acfb8baaa19,L1,Profile
916cbb50-7d22-4c0a-9169-8acfb8baaa19,L1,Profile
916cbb50-7d22-4c0a-9169-8acfb8baaa19,L1,Profile
916cbb50-7d22-4c0a-9169-8acfb8baaa19,L1,Profile
916cbb50-7d22-4c0a-9169-8acfb8baaa19,L1,Profile
916cbb50-7d22-4c0a-9169-8acfb8baaa19,L1,Profile
916cbb50-7d22-4c0a-9169-8acfb8baaa19,L1,Profile
916cbb50-7d22-4c0a-9169-8acfb8baaa19,L1,Profile
916cbb50-7d22-4c0a-9169-8acfb8baaa19,L1,Profile
916cbb50-7d22-4c0a-9169-8acfb8baaa19,L1,Profile
916cbb50-7d22-4c0a-9169-8acfb8baaa19,L1,Profile
916cbb50-7d22-4c0a-9169-8acfb8baaa19,L1,Profile
916cbb50-7d22-4c0a-9169-8acfb8baaa19,L1,Profile
916cbb50-7d22-4c0a-9169-8acfb8baaa19,L1,Profile
916cbb50-7d22-4c0a-9169-8acfb8baaa19,L1,Profile
916cbb50-7d22-4c0a-9169-8acfb8baaa19,L1,Profile
916cbb50-7d22-4c0a-9169-8acfb8baaa19,L1,Profile
916cbb50-7d22-4c0a-9169-8acfb8baaa19,L1,Profile
916cbb50-7d22-4c0a-9169-8acfb8baaa19,L1,Profile
916cbb50-7d22-4c0a-9169-8acfb8baaa19,L1,Profile
916cbb50-7d22-4c0a-9169-8acfb8baaa19,L1,Profile
916cbb50-7d22-4c0a-9169-8acfb8baaa19,L1,Profile
916cbb50-7d22-4c0a-9169-8acfb8baaa19,L1,Profile
916cbb50-7d22-4c0a-9169-8acfb8baaa19,L1,Profile
916cbb50-7d22-4c0a-9169-8acfb8baaa19,L1,Profile
916cbb50-7d22-4c0a-9169-8acfb8baaa19,L1,Profile
916cbb50-7d22-4c0a-9169-8acfb8baaa19,L1,Profile
916cbb50-7d22-4c0a-9169-8acfb8baaa19,L1,Profile
916cbb50-7d22-4c0a-9169-8acfb8baaa19,L1,Profile
916cbb50-7d22-4c0a-9169-8acfb8baaa19,L1,Profile
916cbb50-7d22-4c0a-9169-8acfb8baaa19,L1,Profile
916cbb50-7d22-4c0a-9169-8acfb8baaa19,L1,Profile
916cbb50-7d22-4c0a-9169-8acfb8baaa19,L1,Profile
916cbb50-7d22-4c0a-9169-8acfb8baaa19,L1,Profile
916cbb50-7d22-4c0a-9169-8acfb8baaa19,L1,Profile
916cbb50-7d22-4c0a-9169-8acfb8baaa19,L1,Profile
916cbb50-7d22-4c0a-9169-8acfb8baaa19,L1,Profile
916cbb50-7d22-4c0a-9169-8acfb8baaa19,L1,Profile
916cbb50-7d22-4c0a-9169-8acfb8baaa19,L1,Profile
916cbb50-7d22-4c0a-9169-8acfb8baaa19,L1,Profile
916cbb50-7d22-4c0a-9169-8acfb8baaa19,L1,Profile
916cbb50-7d22-4c0a-9169-8acfb8baaa19,L1,Profile
916cbb50-7d22-4c0a-9169-8acfb8baaa19,L1,Profile
916cbb50-7d22-4c0a-9169-8acfb8baaa19,L1,Profile
916cbb50-7d22-4c0a-9169-8acfb8baaa19,L1,Profile
916cbb50-7d22-4c0a-9169-8acfb8baaa19,L1,Profile
916cbb50-7d22-4c0a-9169-8acfb8baaa19,L1,Profile
916cbb50-7d22-4c0a-9169-8acfb8baaa19,L1,Profile
916cbb50-7d22-4c0a-9169-8acfb8baaa19,L1,Profile
916cbb50-7d22-4c0a-9169-8acfb8baaa19,L1,Profile
916cbb50-7d22-4c0a-9169-8acfb8baaa19,L1,Profile
916cbb50-7d22-4c0a-9169-8acfb8baaa19,L1,Profile
916cbb50-7d22-4c0a-9169-8acfb8baaa19,L1,Profile
916cbb50-7d22-4c0a-9169-8acfb8baaa19,L1,Profile
916cbb50-7d22-4c0a-9169-8acfb8baaa19,L1,Profile
916cbb50-7d22-4c0a-9169-8acfb8baaa19,L1,Profile
916cbb50-7d22-4c0a-9169-8acfb8baaa19,L1,Profile
916cbb50-7d22-4c0a-9169-8acfb8baaa19,L1,Profile
916cbb50-7d22-4c0a-9169-8acfb8baaa19,L1,Profile
916cbb50-7d22-4c0a-9169-8acfb8baaa19,L1,Profile
916cbb50-7d22-4c0a-9169-8acfb8baaa19,L1,Profile
916cbb50-7d22-4c0a-9169-8acfb8baaa19,L1,Profile
916cbb50-7d22-4c0a-9169-8acfb8baaa19,L1,Profile
916cbb50-7d22-4c0a-9169-8acfb8baaa19,L1,Profile
916cbb50-7d22-4c0a-9169-8acfb8baaa19,L1,Profile
916cbb50-7d22-4c0a-9169-8acfb8baaa19,L1,Profile
916cbb50-7d22-4c0a-9169-8acfb8baaa19,L1,Profile
916cbb50-7d22-4c0a-9169-8acfb8baaa19,L1,Profile
916cbb50-7d22-4c0a-9169-8acfb8baaa19,L1,Profile
916cbb50-7d22-4c0a-9169-8acfb8baaa19,L1,Profile
916cbb50-7d22-4c0a-9169-8acfb8baaa19,L1,Profile
916cbb50-7d22-4c0a-9169-8acfb8baaa19,L1,Profile
916cbb50-7d22-4c0a-9169-8acfb8baaa19,L1,Profile
916cbb50-7d22-4c0a-9169-8acfb8baaa19,L1,Profile
916cbb50-7d22-4c0a-9169-8acfb8baaa19,L1,Profile
916cbb50-7d22-4c0a-9169-8acfb8baaa19,L1,Profile
916cbb50-7d22-4c0a-9169-8acfb8baaa19,L1,Profile
916cbb50-7d22-4c0a-9169-8acfb8baaa19,L1,Profile
916cbb50-7d22-4c0a-9169-8acfb8baaa19,L1,Profile
916cbb50-7d22-4c0a-9169-8acfb8baaa19,L1,Profile
916cbb50-7d22-4c0a-9169-8acfb8baaa19,L1,Profile
916cbb50-7d22-4c0a-9169-8acfb8baaa19,L1,Profile
916cbb50-7d22-4c0a-9169-8acfb8baaa19,L1,Profile
916cbb50-7d22-4c0a-9169-8acfb8baaa19,L1,Profile
916cbb50-7d22-4c0a-9169-8acfb8baaa19,L1,Profile
916cbb50-7d22-4c0a-9169-8acfb8baaa19,L1,Profile
916cbb50-7d22-4c0a-9169-8acfb8baaa19,L1,Profile
916cbb50-7d22-4c0a-9169-8acfb8baaa19,L1,Profile
916cbb50-7d22-4c0a-9169-8acfb8baaa19,L1,Profile
916cbb50-7d22-4c0a-9169-8acfb8baaa19,L1,Profile
916cbb50-7d22-4c0a-9169-8acfb8baaa19,L1,Profile
916cbb50-7d22-4c0a-9169-8acfb8baaa19,L1,Profile
916cbb50-7d22-4c0a-9169-8acfb8baaa19,L1,Profile
916cbb50-7d22-4c0a-9169-8acfb8baaa19,L1,Profile
916cbb50-7d22-4c0a-9169-8acfb8baaa19,L1,Profile
916cbb50-7d22-4c0a-9169-8acfb8baaa19,L1,Profile
916cbb50-7d22-4c0a-9169-8acfb8baaa19,L1,Profile
916cbb50-7d22-4c0a-9169-8acfb8baaa19,L1,Profile
916cbb50-7d22-4c0a-9169-8acfb8baaa19,L1,Profile
916cbb50-7d22-4c0a-9169-8acfb8baaa19,L1,Profile
916cbb50-7d22-4c0a-9169-8acfb8baaa19,L1,Profile
916cbb50-7d22-4c0a-9169-8acfb8baaa19,L1,Profile
916cbb50-7d22-4c0a-9169-8acfb8baaa19,L1,Profile
916cbb50-7d22-4c0a-9169-8acfb8baaa19,L1,Profile
916cbb50-7d22-4c0a-9169-8acfb8baaa19,L1,Profile
916cbb50-7d22-4c0a-9169-8acfb8baaa19,L1,Profile
916cbb50-7d22-4c0a-9169-8acfb8baaa19,L1,Profile
916cbb50-7d22-4c0a-9169-8acfb8baaa19,L1,Profile
916cbb50-7d22-4c0a-9169-8acfb8baaa19,L1,Profile
916cbb50-7d22-4c0a-9169-8acfb8baaa19,L1,Profile
916cbb50-7d22-4c0a-9169-8acfb8baaa19,L1,Profile
916cbb50-7d22-4c0a-9169-8acfb8baaa19,L1,Profile
916cbb50-7d22-4c0a-9169-8acfb8baaa19,L1,Profile
916cbb50-7d22-4c0a-9169-8acfb8baaa19,L1,Profile
916cbb50-7d22-4c0a-9169-8acfb8baaa19,L1,Profile
916cbb50-7d22-4c0a-9169-8acfb8baaa19,L1,Profile
916cbb50-7d22-4c0a-9169-8acfb8baaa19,L1,Profile
916cbb50-7d22-4c0a-9169-8acfb8baaa19,L1,Profile
916cbb50-7d22-4c0a-9169-8acfb8baaa19,L1,Profile
916cbb50-7d22-4c0a-9169-8acfb8baaa19,L1,Profile
916cbb50-7d22-4c0a-9169-8acfb8baaa19,L1,Profile
916cbb50-7d22-4c0a-9169-8acfb8baaa19,L1,Profile
916cbb50-7d22-4c0a-9169-8acfb8baaa19,L1,Profile
916cbb50-7d22-4c0a-9169-8acfb8baaa19,L1,Profile
916cbb50-7d22-4c0a-9169-8acfb8baaa19,L1,Profile
916cbb50-7d22-4c0a-9169-8acfb8baaa19,L1,Profile
916cbb50-7d22-4c0a-9169-8acfb8baaa19,L1,Profile
916cbb50-7d22-4c0a-9169-8acfb8baaa19,L1,Profile
916cbb50-7d22-4c0a-9169-8acfb8baaa19,L1,Profile
916cbb50-7d22-4c0a-9169-8acfb8baaa19,L1,Profile
916cbb50-7d22-4c0a-9169-8acfb8baaa19,L1,Profile
916cbb50-7d22-4c0a-9169-8acfb8baaa19,L1,Profile
916cbb50-7d22-4c0a-9169-8acfb8baaa19,L1,Profile
916cbb50-7d22-4c0a-9169-8acfb8baaa19,L1,Profile
916cbb50-7d22-4c0a-9169-8acfb8baaa19,L1,Profile
916cbb50-7d22-4c0a-9169-8acfb8baaa19,L1,Profile
916cbb50-7d22-4c0a-9169-8acfb8baaa19,L1,Profile
916cbb50-7d22-4c0a-9169-8acfb8baaa19,L1,Profile
916cbb50-7d22-4c0a-9169-8acfb8baaa19,L1,Profile
916cbb50-7d22-4c0a-9169-8acfb8baaa19,L1,Profile
916cbb50-7d22-4c0a-9169-8acfb8baaa19,L1,Profile
916cbb50-7d22-4c0a-9169-8acfb8baaa19,L1,Profile
916cbb50-7d22-4c0a-9169-8acfb8baaa19,L1,Profile
916cbb50-7d22-4c0a-9169-8acfb8baaa19,L1,Profile
916cbb50-7d22-4c0a-9169-8acfb8baaa19,L1,Profile
916cbb50-7d22-4c0a-9169-8acfb8baaa19,L1,Profile
916cbb50-7d22-4c0a-9169-8acfb8baaa19,L1,Profile
916cbb50-7d22-4c0a-9169-8acfb8baaa19,L1,Profile
916cbb50-7d22-4c0a-9169-8acfb8baaa19,L1,Profile
916cbb50-7d22-4c0a-9169-8acfb8baaa19,L1,Profile
916cbb50-7d22-4c0a-9169-8acfb8baaa19,L1,Profile
916cbb50-7d22-4c0a-9169-8acfb8baaa19,L1,Profile
916cbb50-7d22-4c0a-9169-8acfb8baaa19,L1,Profile
916cbb50-7d22-4c0a-9169-8acfb8baaa19,L1,Profile
916cbb50-7d22-4c0a-9169-8acfb8baaa19,L1,Profile
916cbb50-7d22-4c0a-9169-8acfb8baaa19,L1,Profile
916cbb50-7d22-4c0a-9169-8acfb8baaa19,L1,Profile
916cbb50-7d22-4c0a-9169-8acfb8baaa19,L1,Profile
916cbb50-7d22-4c0a-9169-8acfb8baaa19,L1,Profile
916cbb50-7d22-4c0a-9169-8acfb8baaa19,L1,Profile
916cbb50-7d22-4c0a-9169-8acfb8baaa19,L1,Profile
916cbb50-7d22-4c0a-9169-8acfb8baaa19,L1,Profile
916cbb50-7d22-4c0a-9169-8acfb8baaa19,L1,Profile
916cbb50-7d22-4c0a-9169-8acfb8baaa19,L1,Profile
916cbb50-7d22-4c0a-9169-8acfb8baaa19,L1,Profile
916cbb50-7d22-4c0a-9169-8acfb8baaa19,L1,Profile
916cbb50-7d22-4c0a-9169-8acfb8baaa19,L1,Profile
916cbb50-7d22-4c0a-9169-8acfb8baaa19,L1,Profile
916cbb50-7d22-4c0a-9169-8acfb8baaa19,L1,Profile
916cbb50-7d22-4c0a-9169-8acfb8baaa19,L1,Profile
916cbb50-7d22-4c0a-9169-8acfb8baaa19,L1,Profile
916cbb50-7d22-4c0a-9169-8acfb8baaa19,L1,Profile
916cbb50-7d22-4c0a-9169-8acfb8baaa19,L1,Profile
916cbb50-7d22-4c0a-9169-8acfb8baaa19,L1,Profile
916cbb50-7d22-4c0a-9169-8acfb8baaa19,L1,Profile
916cbb50-7d22-4c0a-9169-8acfb8baaa19,L1,Profile
916cbb50-7d22-4c0a-9169-8acfb8baaa19,L1,Profile
916cbb50-7d22-4c0a-9169-8acfb8baaa19,L1,Profile
916cbb50-7d22-4c0a-9169-8acfb8baaa19,L1,Profile
916cbb50-7d22-4c0a-9169-8acfb8baaa19,L1,Profile
916cbb50-7d22-4c0a-9169-8acfb8baaa19,L1,Profile
916cbb50-7d22-4c0a-9169-8acfb8baaa19,L1,Profile
916cbb50-7d22-4c0a-9169-8acfb8baaa19,L1,Profile
916cbb50-7d22-4c0a-9169-8acfb8baaa19,L1,Profile
916cbb50-7d22-4c0a-9169-8acfb8baaa19,L1,Profile
916cbb50-7d22-4c0a-9169-8acfb8baaa19,L1,Profile
916cbb50-7d22-4c0a-9169-8acfb8baaa19,L1,Profile
916cbb50-7d22-4c0a-9169-8acfb8baaa19,L1,Profile
916cbb50-7d22-4c0a-9169-8acfb8baaa19,L1,Profile
916cbb50-7d22-4c0a-9169-8acfb8baaa19,L1,Profile
916cbb50-7d22-4c0a-9169-8acfb8baaa19,L1,Profile
916cbb50-7d22-4c0a-9169-8acfb8baaa19,L1,Profile
916cbb50-7d22-4c0a-9169-8acfb8baaa19,L1,Profile
916cbb50-7d22-4c0a-9169-8acfb8baaa19,L1,Profile
916cbb50-7d22-4c0a-9169-8acfb8baaa19,L1,Profile
916cbb50-7d22-4c0a-9169-8acfb8baaa19,L1,Profile
916cbb50-7d22-4c0a-9169-8acfb8baaa19,L1,Profile
916cbb50-7d22-4c0a-9169-8acfb8baaa19,L1,Profile
916cbb50-7d22-4c0a-9169-8acfb8baaa19,L1,Profile
916cbb50-7d22-4c0a-9169-8acfb8baaa19,L1,Profile
916cbb50-7d22-4c0a-9169-8acfb8baaa19,L1,Profile
916cbb50-7d22-4c0a-9169-8acfb8baaa19,L1,Profile
916cbb50-7d22-4c0a-9169-8acfb8baaa19,L1,Profile
916cbb50-7d22-4c0a-9169-8acfb8baaa19,L1,Profile
916cbb50-7d22-4c0a-9169-8acfb8baaa19,L1,Profile
916cbb50-7d22-4c0a-9169-8acfb8baaa19,L1,Profile
916cbb50-7d22-4c0a-9169-8acfb8baaa19,L1,Profile
916cbb50-7d22-4c0a-9169-8acfb8baaa19,L1,Profile
916cbb50-7d22-4c0a-9169-8acfb8baaa19,L1,Profile
916cbb50-7d22-4c0a-9169-8acfb8baaa19,L1,Profile
916cbb50-7d22-4c0a-9169-8acfb8baaa19,L1,Profile
916cbb50-7d22-4c0a-9169-8acfb8baaa19,L1,Profile
916cbb50-7d22-4c0a-9169-8acfb8baaa19,L1,Profile
916cbb50-7d22-4c0a-9169-8acfb8baaa19,L1,Profile
916cbb50-7d22-4c0a-9169-8acfb8baaa19,L1,Profile
916cbb50-7d22-4c0a-9169-8acfb8baaa19,L1,Profile
916cbb50-7d22-4c0a-9169-8acfb8baaa19,L1,Profile
916cbb50-7d22-4c0a-9169-8acfb8baaa19,L1,Profile
916cbb50-7d22-4c0a-9169-8acfb8baaa19,L1,Profile
916cbb50-7d22-4c0a-9169-8acfb8baaa19,L1,Profile
916cbb50-7d22-4c0a-9169-8acfb8baaa19,L1,Profile
916cbb50-7d22-4c0a-9169-8acfb8baaa19,L1,Profile
916cbb50-7d22-4c0a-9169-8acfb8baaa19,L1,Profile
916cbb50-7d22-4c0a-9169-8acfb8baaa19,L1,Profile
916cbb50-7d22-4c0a-9169-8acfb8baaa19,L1,Profile
916cbb50-7d22-4c0a-9169-8acfb8baaa19,L1,Profile
916cbb50-7d22-4c0a-9169-8acfb8baaa19,L1,Profile
916cbb50-7d22-4c0a-9169-8acfb8baaa19,L1,Profile
916cbb50-7d22-4c0a-9169-8acfb8baaa19,L1,Profile
916cbb50-7d22-4c0a-9169-8acfb8baaa19,L1,Profile
916cbb50-7d22-4c0a-9169-8acfb8baaa19,L1,Profile
916cbb50-7d22-4c0a-9169-8acfb8baaa19,L1,Profile
916cbb50-7d22-4c0a-9169-8acfb8baaa19,L1,Profile
916cbb50-7d22-4c0a-9169-8acfb8baaa19,L1,Profile
916cbb50-7d22-4c0a-9169-8acfb8baaa19,L1,Profile
916cbb50-7d22-4c0a-9169-8acfb8baaa19,L1,Profile
916cbb50-7d22-4c0a-9169-8acfb8baaa19,L1,Profile
916cbb50-7d22-4c0a-9169-8acfb8baaa19,L1,Profile
916cbb50-7d22-4c0a-9169-8acfb8baaa19,L1,Profile
916cbb50-7d22-4c0a-9169-8acfb8baaa19,L1,Profile
916cbb50-7d22-4c0a-9169-8acfb8baaa19,L1,Profile
916cbb50-7d22-4c0a-9169-8acfb8baaa19,L1,Profile
916cbb50-7d22-4c0a-9169-8acfb8baaa19,L1,Profile
916cbb50-7d22-4c0a-9169-8acfb8baaa19,L1,Profile
916cbb50-7d22-4c0a-9169-8acfb8baaa19,L1,Profile
916cbb50-7d22-4c0a-9169-8acfb8baaa19,L1,Profile
916cbb50-7d22-4c0a-9169-8acfb8baaa19,L1,Profile
916cbb50-7d22-4c0a-9169-8acfb8baaa19,L1,Profile
916cbb50-7d22-4c0a-9169-8acfb8baaa19,L1,Profile
916cbb50-7d22-4c0a-9169-8acfb8baaa19,L1,Profile
916cbb50-7d22-4c0a-9169-8acfb8baaa19,L1,Profile
916cbb50-7d22-4c0a-9169-8acfb8baaa19,L1,Profile
916cbb50-7d22-4c0a-9169-8acfb8baaa19,L1,Profile
916cbb50-7d22-4c0a-9169-8acfb8baaa19,L1,Profile
916cbb50-7d22-4c0a-9169-8acfb8baaa19,L1,Profile
916cbb50-7d22-4c0a-9169-8acfb8baaa19,L1,Profile
916cbb50-7d22-4c0a-9169-8acfb8baaa19,L1,Profile
916cbb50-7d22-4c0a-9169-8acfb8baaa19,L1,Profile
916cbb50-7d22-4c0a-9169-8acfb8baaa19,L1,Profile
916cbb50-7d22-4c0a-9169-8acfb8baaa19,L1,Profile
916cbb50-7d22-4c0a-9169-8acfb8baaa19,L1,Profile
916cbb50-7d22-4c0a-9169-8acfb8baaa19,L1,Profile
916cbb50-7d22-4c0a-9169-8acfb8baaa19,L1,Profile
916cbb50-7d22-4c0a-9169-8acfb8baaa19,L1,Profile
916cbb50-7d22-4c0a-9169-8acfb8baaa19,L1,Profile
916cbb50-7d22-4c0a-9169-8acfb8baaa19,L1,Profile
916cbb50-7d22-4c0a-9169-8acfb8baaa19,L1,Profile
916cbb50-7d22-4c0a-9169-8acfb8baaa19,L1,Profile
916cbb50-7d22-4c0a-9169-8acfb8baaa19,L1,Profile
916cbb50-7d22-4c0a-9169-8acfb8baaa19,L1,Profile
916cbb50-7d22-4c0a-9169-8acfb8baaa19,L1,Profile
916cbb50-7d22-4c0a-9169-8acfb8baaa19,L1,Profile
916cbb50-7d22-4c0a-9169-8acfb8baaa19,L1,Profile
916cbb50-7d22-4c0a-9169-8acfb8baaa19,L1,Profile
916cbb50-7d22-4c0a-9169-8acfb8baaa19,L1,Profile
916cbb50-7d22-4c0a-9169-8acfb8baaa19,L1,Profile
916cbb50-7d22-4c0a-9169-8acfb8baaa19,L1,Profile
916cbb50-7d22-4c0a-9169-8acfb8baaa19,L1,Profile
916cbb50-7d22-4c0a-9169-8acfb8baaa19,L1,Profile
916cbb50-7d22-4c0a-9169-8acfb8baaa19,L1,Profile
916cbb50-7d22-4c0a-9169-8acfb8baaa19,L1,Profile
916cbb50-7d22-4c0a-9169-8acfb8baaa19,L1,Profile
916cbb50-7d22-4c0a-9169-8acfb8baaa19,L1,Profile
916cbb50-7d22-4c0a-9169-8acfb8baaa19,L1,Profile
916cbb50-7d22-4c0a-9169-8acfb8baaa19,L1,Profile
916cbb50-7d22-4c0a-9169-8acfb8baaa19,L1,Profile
916cbb50-7d22-4c0a-9169-8acfb8baaa19,L1,Profile
916cbb50-7d22-4c0a-9169-8acfb8baaa19,L1,Profile
916cbb50-7d22-4c0a-9169-8acfb8baaa19,L1,Profile
916cbb50-7d22-4c0a-9169-8acfb8baaa19,L1,Profile
916cbb50-7d22-4c0a-9169-8acfb8baaa19,L1,Profile
916cbb50-7d22-4c0a-9169-8acfb8baaa19,L1,Profile
916cbb50-7d22-4c0a-9169-8acfb8baaa19,L1,Profile
916cbb50-7d22-4c0a-9169-8acfb8baaa19,L1,Profile
916cbb50-7d22-4c0a-9169-8acfb8baaa19,L1,Profile
916cbb50-7d22-4c0a-9169-8acfb8baaa19,L1,Profile
916cbb50-7d22-4c0a-9169-8acfb8baaa19,L1,Profile
916cbb50-7d22-4c0a-9169-8acfb8baaa19,L1,Profile
916cbb50-7d22-4c0a-9169-8acfb8baaa19,L1,Profile
916cbb50-7d22-4c0a-9169-8acfb8baaa19,L1,Profile
916cbb50-7d22-4c0a-9169-8acfb8baaa19,L1,Profile
916cbb50-7d22-4c0a-9169-8acfb8baaa19,L1,Profile
916cbb50-7d22-4c0a-9169-8acfb8baaa19,L1,Profile
916cbb50-7d22-4c0a-9169-8acfb8baaa19,L1,Profile
916cbb50-7d22-4c0a-9169-8acfb8baaa19,L1,Profile
916cbb50-7d22-4c0a-9169-8acfb8baaa19,L1,Profile
916cbb50-7d22-4c0a-9169-8acfb8baaa19,L1,Profile
916cbb50-7d22-4c0a-9169-8acfb8baaa19,L1,Profile
916cbb50-7d22-4c0a-9169-8acfb8baaa19,L1,Profile
916cbb50-7d22-4c0a-9169-8acfb8baaa19,L1,Profile
916cbb50-7d22-4c0a-9169-8acfb8baaa19,L1,Profile
916cbb50-7d22-4c0a-9169-8acfb8baaa19,L1,Profile
916cbb50-7d22-4c0a-9169-8acfb8baaa19,L1,Profile
916cbb50-7d22-4c0a-9169-8acfb8baaa19,L1,Profile
916cbb50-7d22-4c0a-9169-8acfb8baaa19,L1,Profile
916cbb50-7d22-4c0a-9169-8acfb8baaa19,L1,Profile
916cbb50-7d22-4c0a-9169-8acfb8baaa19,L1,Profile
916cbb50-7d22-4c0a-9169-8acfb8baaa19,L1,Profile
916cbb50-7d22-4c0a-9169-8acfb8baaa19,L1,Profile
916cbb50-7d22-4c0a-9169-8acfb8baaa19,L1,Profile
916cbb50-7d22-4c0a-9169-8acfb8baaa19,L1,Profile
916cbb50-7d22-4c0a-9169-8acfb8baaa19,L1,Profile
916cbb50-7d22-4c0a-9169-8acfb8baaa19,L1,Profile
916cbb50-7d22-4c0a-9169-8acfb8baaa19,L1,Profile
916cbb50-7d22-4c0a-9169-8acfb8baaa19,L1,Profile
916cbb50-7d22-4c0a-9169-8acfb8baaa19,L1,Profile
916cbb50-7d22-4c0a-9169-8acfb8baaa19,L1,Profile
916cbb50-7d22-4c0a-9169-8acfb8baaa19,L1,Profile
916cbb50-7d22-4c0a-9169-8acfb8baaa19,L1,Profile
916cbb50-7d22-4c0a-9169-8acfb8baaa19,L1,Profile
916cbb50-7d22-4c0a-9169-8acfb8baaa19,L1,Profile
916cbb50-7d22-4c0a-9169-8acfb8baaa19,L1,Profile
916cbb50-7d22-4c0a-9169-8acfb8baaa19,L1,Profile
916cbb50-7d22-4c0a-9169-8acfb8baaa19,L1,Profile
916cbb50-7d22-4c0a-9169-8acfb8baaa19,L1,Profile
916cbb50-7d22-4c0a-9169-8acfb8baaa19,L1,Profile
916cbb50-7d22-4c0a-9169-8acfb8baaa19,L1,Profile
916cbb50-7d22-4c0a-9169-8acfb8baaa19,L1,Profile
916cbb50-7d22-4c0a-9169-8acfb8baaa19,L1,Profile
916cbb50-7d22-4c0a-9169-8acfb8baaa19,L1,Profile
916cbb50-7d22-4c0a-9169-8acfb8baaa19,L1,Profile
916cbb50-7d22-4c0a-9169-8acfb8baaa19,L1,Profile
916cbb50-7d22-4c0a-9169-8acfb8baaa19,L1,Profile
916cbb50-7d22-4c0a-9169-8acfb8baaa19,L1,Profile
916cbb50-7d22-4c0a-9169-8acfb8baaa19,L1,Profile
916cbb50-7d22-4c0a-9169-8acfb8baaa19,L1,Profile
916cbb50-7d22-4c0a-9169-8acfb8baaa19,L1,Profile
916cbb50-7d22-4c0a-9169-8acfb8baaa19,L1,Profile
916cbb50-7d22-4c0a-9169-8acfb8baaa19,L1,Profile
916cbb50-7d22-4c0a-9169-8acfb8baaa19,L1,Profile
916cbb50-7d22-4c0a-9169-8acfb8baaa19,L1,Profile
916cbb50-7d22-4c0a-9169-8acfb8baaa19,L1,Profile
916cbb50-7d22-4c0a-9169-8acfb8baaa19,L1,Profile
916cbb50-7d22-4c0a-9169-8acfb8baaa19,L1,Profile
916cbb50-7d22-4c0a-9169-8acfb8baaa19,L1,Profile
916cbb50-7d22-4c0a-9169-8acfb8baaa19,L1,Profile
916cbb50-7d22-4c0a-9169-8acfb8baaa19,L1,Profile
916cbb50-7d22-4c0a-9169-8acfb8baaa19,L1,Profile
916cbb50-7d22-4c0a-9169-8acfb8baaa19,L1,Profile
916cbb50-7d22-4c0a-9169-8acfb8baaa19,L1,Profile
916cbb50-7d22-4c0a-9169-8acfb8baaa19,L1,Profile
916cbb50-7d22-4c0a-9169-8acfb8baaa19,L1,Profile
916cbb50-7d22-4c0a-9169-8acfb8baaa19,L1,Profile
916cbb50-7d22-4c0a-9169-8acfb8baaa19,L1,Profile
916cbb50-7d22-4c0a-9169-8acfb8baaa19,L1,Profile
916cbb50-7d22-4c0a-9169-8acfb8baaa19,L1,Profile
916cbb50-7d22-4c0a-9169-8acfb8baaa19,L1,Profile
916cbb50-7d22-4c0a-9169-8acfb8baaa19,L1,Profile
916cbb50-7d22-4c0a-9169-8acfb8baaa19,L1,Profile
916cbb50-7d22-4c0a-9169-8acfb8baaa19,L1,Profile
916cbb50-7d22-4c0a-9169-8acfb8baaa19,L1,Profile
916cbb50-7d22-4c0a-9169-8acfb8baaa19,L1,Profile
916cbb50-7d22-4c0a-9169-8acfb8baaa19,L1,Profile
916cbb50-7d22-4c0a-9169-8acfb8baaa19,L1,Profile
916cbb50-7d22-4c0a-9169-8acfb8baaa19,L1,Profile
916cbb50-7d22-4c0a-9169-8acfb8baaa19,L1,Profile
916cbb50-7d22-4c0a-9169-8acfb8baaa19,L1,Profile
916cbb50-7d22-4c0a-9169-8acfb8baaa19,L1,Profile
916cbb50-7d22-4c0a-9169-8acfb8baaa19,L1,Profile
916cbb50-7d22-4c0a-9169-8acfb8baaa19,L1,Profile
916cbb50-7d22-4c0a-9169-8acfb8baaa19,L1,Profile
916cbb50-7d22-4c0a-9169-8acfb8baaa19,L1,Profile
916cbb50-7d22-4c0a-9169-8acfb8baaa19,L1,Profile
916cbb50-7d22-4c0a-9169-8acfb8baaa19,L1,Profile
916cbb50-7d22-4c0a-9169-8acfb8baaa19,L1,Profile
916cbb50-7d22-4c0a-9169-8acfb8baaa19,L1,Profile
916cbb50-7d22-4c0a-9169-8acfb8baaa19,L1,Profile
916cbb50-7d22-4c0a-9169-8acfb8baaa19,L1,Profile
916cbb50-7d22-4c0a-9169-8acfb8baaa19,L1,Profile
916cbb50-7d22-4c0a-9169-8acfb8baaa19,L1,Profile
916cbb50-7d22-4c0a-9169-8acfb8baaa19,L1,Profile
916cbb50-7d22-4c0a-9169-8acfb8baaa19,L1,Profile
916cbb50-7d22-4c0a-9169-8acfb8baaa19,L1,Profile
916cbb50-7d22-4c0a-9169-8acfb8baaa19,L1,Profile
916cbb50-7d22-4c0a-9169-8acfb8baaa19,L1,Profile
916cbb50-7d22-4c0a-9169-8acfb8baaa19,L1,Profile
916cbb50-7d22-4c0a-9169-8acfb8baaa19,L1,Profile
916cbb50-7d22-4c0a-9169-8acfb8baaa19,L1,Profile
916cbb50-7d22-4c0a-9169-8acfb8baaa19,L1,Profile
916cbb50-7d22-4c0a-9169-8acfb8baaa19,L1,Profile
916cbb50-7d22-4c0a-9169-8acfb8baaa19,L1,Profile
916cbb50-7d22-4c0a-9169-8acfb8baaa19,L1,Profile
916cbb50-7d22-4c0a-9169-8acfb8baaa19,L1,Profile
916cbb50-7d22-4c0a-9169-8acfb8baaa19,L1,Profile
916cbb50-7d22-4c0a-9169-8acfb8baaa19,L1,Profile
916cbb50-7d22-4c0a-9169-8acfb8baaa19,L1,Profile
916cbb50-7d22-4c0a-9169-8acfb8baaa19,L1,Profile
916cbb50-7d22-4c0a-9169-8acfb8baaa19,L1,Profile
916cbb50-7d22-4c0a-9169-8acfb8baaa19,L1,Profile
916cbb50-7d22-4c0a-9169-8acfb8baaa19,L1,Profile
916cbb50-7d22-4c0a-9169-8acfb8baaa19,L1,Profile
916cbb50-7d22-4c0a-9169-8acfb8baaa19,L1,Profile
916cbb50-7d22-4c0a-9169-8acfb8baaa19,L1,Profile
916cbb50-7d22-4c0a-9169-8acfb8baaa19,L1,Profile
916cbb50-7d22-4c0a-9169-8acfb8baaa19,L1,Profile
916cbb50-7d22-4c0a-9169-8acfb8baaa19,L1,Profile
916cbb50-7d22-4c0a-9169-8acfb8baaa19,L1,Profile
916cbb50-7d22-4c0a-9169-8acfb8baaa19,L1,Profile
916cbb50-7d22-4c0a-9169-8acfb8baaa19,L1,Profile
916cbb50-7d22-4c0a-9169-8acfb8baaa19,L1,Profile
916cbb50-7d22-4c0a-9169-8acfb8baaa19,L1,Profile
916cbb50-7d22-4c0a-9169-8acfb8baaa19,L1,Profile
916cbb50-7d22-4c0a-9169-8acfb8baaa19,L1,Profile
916cbb50-7d22-4c0a-9169-8acfb8baaa19,L1,Profile
916cbb50-7d22-4c0a-9169-8acfb8baaa19,L1,Profile
916cbb50-7d22-4c0a-9169-8acfb8baaa19,L1,Profile
916cbb50-7d22-4c0a-9169-8acfb8baaa19,L1,Profile
916cbb50-7d22-4c0a-9169-8acfb8baaa19,L1,Profile
916cbb50-7d22-4c0a-9169-8acfb8baaa19,L1,Profile
916cbb50-7d22-4c0a-9169-8acfb8baaa19,L1,Profile
916cbb50-7d22-4c0a-9169-8acfb8baaa19,L1,Profile
916cbb50-7d22-4c0a-9169-8acfb8baaa19,L1,Profile
916cbb50-7d22-4c0a-9169-8acfb8baaa19,L1,Profile
916cbb50-7d22-4c0a-9169-8acfb8baaa19,L1,Profile
916cbb50-7d22-4c0a-9169-8acfb8baaa19,L1,Profile
916cbb50-7d22-4c0a-9169-8acfb8baaa19,L1,Profile
916cbb50-7d22-4c0a-9169-8acfb8baaa19,L1,Profile
916cbb50-7d22-4c0a-9169-8acfb8baaa19,L1,Profile
916cbb50-7d22-4c0a-9169-8acfb8baaa19,L1,Profile
916cbb50-7d22-4c0a-9169-8acfb8baaa19,L1,Profile
916cbb50-7d22-4c0a-9169-8acfb8baaa19,L1,Profile
916cbb50-7d22-4c0a-9169-8acfb8baaa19,L1,Profile
916cbb50-7d22-4c0a-9169-8acfb8baaa19,L1,Profile
916cbb50-7d22-4c0a-9169-8acfb8baaa19,L1,Profile
916cbb50-7d22-4c0a-9169-8acfb8baaa19,L1,Profile
916cbb50-7d22-4c0a-9169-8acfb8baaa19,L1,Profile
916cbb50-7d22-4c0a-9169-8acfb8baaa19,L1,Profile
916cbb50-7d22-4c0a-9169-8acfb8baaa19,L1,Profile
916cbb50-7d22-4c0a-9169-8acfb8baaa19,L1,Profile
916cbb50-7d22-4c0a-9169-8acfb8baaa19,L1,Profile
916cbb50-7d22-4c0a-9169-8acfb8baaa19,L1,Profile
916cbb50-7d22-4c0a-9169-8acfb8baaa19,L1,Profile
916cbb50-7d22-4c0a-9169-8acfb8baaa19,L1,Profile
916cbb50-7d22-4c0a-9169-8acfb8baaa19,L1,Profile
916cbb50-7d22-4c0a-9169-8acfb8baaa19,L1,Profile
916cbb50-7d22-4c0a-9169-8acfb8baaa19,L1,Profile
916cbb50-7d22-4c0a-9169-8acfb8baaa19,L1,Profile
916cbb50-7d22-4c0a-9169-8acfb8baaa19,L1,Profile
916cbb50-7d22-4c0a-9169-8acfb8baaa19,L1,Profile
916cbb50-7d22-4c0a-9169-8acfb8baaa19,L1,Profile
916cbb50-7d22-4c0a-9169-8acfb8baaa19,L1,Profile
916cbb50-7d22-4c0a-9169-8acfb8baaa19,L1,Profile
916cbb50-7d22-4c0a-9169-8acfb8baaa19,L1,Profile
916cbb50-7d22-4c0a-9169-8acfb8baaa19,L1,Profile
916cbb50-7d22-4c0a-9169-8acfb8baaa19,L1,Profile
916cbb50-7d22-4c0a-9169-8acfb8baaa19,L1,Profile
916cbb50-7d22-4c0a-9169-8acfb8baaa19,L1,Profile
916cbb50-7d22-4c0a-9169-8acfb8baaa19,L1,Profile
916cbb50-7d22-4c0a-9169-8acfb8baaa19,L1,Profile
916cbb50-7d22-4c0a-9169-8acfb8baaa19,L1,Profile
916cbb50-7d22-4c0a-9169-8acfb8baaa19,L1,Profile
916cbb50-7d22-4c0a-9169-8acfb8baaa19,L1,Profile
916cbb50-7d22-4c0a-9169-8acfb8baaa19,L1,Profile
916cbb50-7d22-4c0a-9169-8acfb8baaa19,L1,Profile
916cbb50-7d22-4c0a-9169-8acfb8baaa19,L1,Profile
916cbb50-7d22-4c0a-9169-8acfb8baaa19,L1,Profile
916cbb50-7d22-4c0a-9169-8acfb8baaa19,L1,Profile
916cbb50-7d22-4c0a-9169-8acfb8baaa19,L1,Profile
916cbb50-7d22-4c0a-9169-8acfb8baaa19,L1,Profile
916cbb50-7d22-4c0a-9169-8acfb8baaa19,L1,Profile
916cbb50-7d22-4c0a-9169-8acfb8baaa19,L1,Profile
916cbb50-7d22-4c0a-9169-8acfb8baaa19,L1,Profile
916cbb50-7d22-4c0a-9169-8acfb8baaa19,L1,Profile
916cbb50-7d22-4c0a-9169-8acfb8baaa19,L1,Profile
916cbb50-7d22-4c0a-9169-8acfb8baaa19,L1,Profile
916cbb50-7d22-4c0a-9169-8acfb8baaa19,L1,Profile
916cbb50-7d22-4c0a-9169-8acfb8baaa19,L1,Profile
916cbb50-7d22-4c0a-9169-8acfb8baaa19,L1,Profile
916cbb50-7d22-4c0a-9169-8acfb8baaa19,L1,Profile
916cbb50-7d22-4c0a-9169-8acfb8baaa19,L1,Profile
916cbb50-7d22-4c0a-9169-8acfb8baaa19,L1,Profile
916cbb50-7d22-4c0a-9169-8acfb8baaa19,L1,Profile
916cbb50-7d22-4c0a-9169-8acfb8baaa19,L1,Profile
916cbb50-7d22-4c0a-9169-8acfb8baaa19,L1,Profile
916cbb50-7d22-4c0a-9169-8acfb8baaa19,L1,Profile
916cbb50-7d22-4c0a-9169-8acfb8baaa19,L1,Profile
916cbb50-7d22-4c0a-9169-8acfb8baaa19,L1,Profile
916cbb50-7d22-4c0a-9169-8acfb8baaa19,L1,Profile
916cbb50-7d22-4c0a-9169-8acfb8baaa19,L1,Profile
916cbb50-7d22-4c0a-9169-8acfb8baaa19,L1,Profile
916cbb50-7d22-4c0a-9169-8acfb8baaa19,L1,Profile
916cbb50-7d22-4c0a-9169-8acfb8baaa19,L1,Profile
916cbb50-7d22-4c0a-9169-8acfb8baaa19,L1,Profile
916cbb50-7d22-4c0a-9169-8acfb8baaa19,L1,Profile
916cbb50-7d22-4c0a-9169-8acfb8baaa19,L1,Profile
916cbb50-7d22-4c0a-9169-8acfb8baaa19,L1,Profile
916cbb50-7d22-4c0a-9169-8acfb8baaa19,L1,Profile
916cbb50-7d22-4c0a-9169-8acfb8baaa19,L1,Profile
916cbb50-7d22-4c0a-9169-8acfb8baaa19,L1,Profile
916cbb50-7d22-4c0a-9169-8acfb8baaa19,L1,Profile
916cbb50-7d22-4c0a-9169-8acfb8baaa19,L1,Profile
916cbb50-7d22-4c0a-9169-8acfb8baaa19,L1,Profile
916cbb50-7d22-4c0a-9169-8acfb8baaa19,L1,Profile
916cbb50-7d22-4c0a-9169-8acfb8baaa19,L1,Profile
916cbb50-7d22-4c0a-9169-8acfb8baaa19,L1,Profile
916cbb50-7d22-4c0a-9169-8acfb8baaa19,L1,Profile
916cbb50-7d22-4c0a-9169-8acfb8baaa19,L1,Profile
916cbb50-7d22-4c0a-9169-8acfb8baaa19,L1,Profile
916cbb50-7d22-4c0a-9169-8acfb8baaa19,L1,Profile
916cbb50-7d22-4c0a-9169-8acfb8baaa19,L1,Profile
916cbb50-7d22-4c0a-9169-8acfb8baaa19,L1,Profile
916cbb50-7d22-4c0a-9169-8acfb8baaa19,L1,Profile
916cbb50-7d22-4c0a-9169-8acfb8baaa19,L1,Profile
916cbb50-7d22-4c0a-9169-8acfb8baaa19,L1,Profile
916cbb50-7d22-4c0a-9169-8acfb8baaa19,L1,Profile
916cbb50-7d22-4c0a-9169-8acfb8baaa19,L1,Profile
916cbb50-7d22-4c0a-9169-8acfb8baaa19,L1,Profile
916cbb50-7d22-4c0a-9169-8acfb8baaa19,L1,Profile
916cbb50-7d22-4c0a-9169-8acfb8baaa19,L1,Profile
916cbb50-7d22-4c0a-9169-8acfb8baaa19,L1,Profile
916cbb50-7d22-4c0a-9169-8acfb8baaa19,L1,Profile
916cbb50-7d22-4c0a-9169-8acfb8baaa19,L1,Profile
916cbb50-7d22-4c0a-9169-8acfb8baaa19,L1,Profile
916cbb50-7d22-4c0a-9169-8acfb8baaa19,L1,Profile
916cbb50-7d22-4c0a-9169-8acfb8baaa19,L1,Profile
916cbb50-7d22-4c0a-9169-8acfb8baaa19,L1,Profile
916cbb50-7d22-4c0a-9169-8acfb8baaa19,L1,Profile
916cbb50-7d22-4c0a-9169-8acfb8baaa19,L1,Profile
916cbb50-7d22-4c0a-9169-8acfb8baaa19,L1,Profile
916cbb50-7d22-4c0a-9169-8acfb8baaa19,L1,Profile
916cbb50-7d22-4c0a-9169-8acfb8baaa19,L1,Profile
916cbb50-7d22-4c0a-9169-8acfb8baaa19,L1,Profile
916cbb50-7d22-4c0a-9169-8acfb8baaa19,L1,Profile
916cbb50-7d22-4c0a-9169-8acfb8baaa19,L1,Profile
916cbb50-7d22-4c0a-9169-8acfb8baaa19,L1,Profile
916cbb50-7d22-4c0a-9169-8acfb8baaa19,L1,Profile
916cbb50-7d22-4c0a-9169-8acfb8baaa19,L1,Profile
916cbb50-7d22-4c0a-9169-8acfb8baaa19,L1,Profile
916cbb50-7d22-4c0a-9169-8acfb8baaa19,L1,Profile
916cbb50-7d22-4c0a-9169-8acfb8baaa19,L1,Profile
916cbb50-7d22-4c0a-9169-8acfb8baaa19,L1,Profile
916cbb50-7d22-4c0a-9169-8acfb8baaa19,L1,Profile
916cbb50-7d22-4c0a-9169-8acfb8baaa19,L1,Profile
916cbb50-7d22-4c0a-9169-8acfb8baaa19,L1,Profile
916cbb50-7d22-4c0a-9169-8acfb8baaa19,L1,Profile
916cbb50-7d22-4c0a-9169-8acfb8baaa19,L1,Profile
916cbb50-7d22-4c0a-9169-8acfb8baaa19,L1,Profile
916cbb50-7d22-4c0a-9169-8acfb8baaa19,L1,Profile
916cbb50-7d22-4c0a-9169-8acfb8baaa19,L1,Profile
916cbb50-7d22-4c0a-9169-8acfb8baaa19,L1,Profile
916cbb50-7d22-4c0a-9169-8acfb8baaa19,L1,Profile
916cbb50-7d22-4c0a-9169-8acfb8baaa19,L1,Profile
916cbb50-7d22-4c0a-9169-8acfb8baaa19,L1,Profile
916cbb50-7d22-4c0a-9169-8acfb8baaa19,L1,Profile
916cbb50-7d22-4c0a-9169-8acfb8baaa19,L1,Profile
916cbb50-7d22-4c0a-9169-8acfb8baaa19,L1,Profile
916cbb50-7d22-4c0a-9169-8acfb8baaa19,L1,Profile
916cbb50-7d22-4c0a-9169-8acfb8baaa19,L1,Profile
916cbb50-7d22-4c0a-9169-8acfb8baaa19,L1,Profile
916cbb50-7d22-4c0a-9169-8acfb8baaa19,L1,Profile
916cbb50-7d22-4c0a-9169-8acfb8baaa19,L1,Profile
916cbb50-7d22-4c0a-9169-8acfb8baaa19,L1,Profile
916cbb50-7d22-4c0a-9169-8acfb8baaa19,L1,Profile
916cbb50-7d22-4c0a-9169-8acfb8baaa19,L1,Profile
916cbb50-7d22-4c0a-9169-8acfb8baaa19,L1,Profile
916cbb50-7d22-4c0a-9169-8acfb8baaa19,L1,Profile
916cbb50-7d22-4c0a-9169-8acfb8baaa19,L1,Profile
916cbb50-7d22-4c0a-9169-8acfb8baaa19,L1,Profile
916cbb50-7d22-4c0a-9169-8acfb8baaa19,L1,Profile
916cbb50-7d22-4c0a-9169-8acfb8baaa19,L1,Profile
916cbb50-7d22-4c0a-9169-8acfb8baaa19,L1,Profile
916cbb50-7d22-4c0a-9169-8acfb8baaa19,L1,Profile
916cbb50-7d22-4c0a-9169-8acfb8baaa19,L1,Profile
916cbb50-7d22-4c0a-9169-8acfb8baaa19,L1,Profile
916cbb50-7d22-4c0a-9169-8acfb8baaa19,L1,Profile
916cbb50-7d22-4c0a-9169-8acfb8baaa19,L1,Profile
916cbb50-7d22-4c0a-9169-8acfb8baaa19,L1,Profile
916cbb50-7d22-4c0a-9169-8acfb8baaa19,L1,Profile
916cbb50-7d22-4c0a-9169-8acfb8baaa19,L1,Profile
916cbb50-7d22-4c0a-9169-8acfb8baaa19,L1,Profile
916cbb50-7d22-4c0a-9169-8acfb8baaa19,L1,Profile
916cbb50-7d22-4c0a-9169-8acfb8baaa19,L1,Profile
916cbb50-7d22-4c0a-9169-8acfb8baaa19,L1,Profile
916cbb50-7d22-4c0a-9169-8acfb8baaa19,L1,Profile
916cbb50-7d22-4c0a-9169-8acfb8baaa19,L1,Profile
916cbb50-7d22-4c0a-9169-8acfb8baaa19,L1,Profile
916cbb50-7d22-4c0a-9169-8acfb8baaa19,L1,Profile
916cbb50-7d22-4c0a-9169-8acfb8baaa19,L1,Profile
916cbb50-7d22-4c0a-9169-8acfb8baaa19,L1,Profile
916cbb50-7d22-4c0a-9169-8acfb8baaa19,L1,Profile
916cbb50-7d22-4c0a-9169-8acfb8baaa19,L1,Profile
916cbb50-7d22-4c0a-9169-8acfb8baaa19,L1,Profile
916cbb50-7d22-4c0a-9169-8acfb8baaa19,L1,Profile
916cbb50-7d22-4c0a-9169-8acfb8baaa19,L1,Profile
916cbb50-7d22-4c0a-9169-8acfb8baaa19,L1,Profile
916cbb50-7d22-4c0a-9169-8acfb8baaa19,L1,Profile
916cbb50-7d22-4c0a-9169-8acfb8baaa19,L1,Profile
916cbb50-7d22-4c0a-9169-8acfb8baaa19,L1,Profile
916cbb50-7d22-4c0a-9169-8acfb8baaa19,L1,Profile
916cbb50-7d22-4c0a-9169-8acfb8baaa19,L1,Profile
916cbb50-7d22-4c0a-9169-8acfb8baaa19,L1,Profile
916cbb50-7d22-4c0a-9169-8acfb8baaa19,L1,Profile
916cbb50-7d22-4c0a-9169-8acfb8baaa19,L1,Profile
916cbb50-7d22-4c0a-9169-8acfb8baaa19,L1,Profile
916cbb50-7d22-4c0a-9169-8acfb8baaa19,L1,Profile
916cbb50-7d22-4c0a-9169-8acfb8baaa19,L1,Profile
916cbb50-7d22-4c0a-9169-8acfb8baaa19,L1,Profile
916cbb50-7d22-4c0a-9169-8acfb8baaa19,L1,Profile
916cbb50-7d22-4c0a-9169-8acfb8baaa19,L1,Profile
916cbb50-7d22-4c0a-9169-8acfb8baaa19,L1,Profile
916cbb50-7d22-4c0a-9169-8acfb8baaa19,L1,Profile
916cbb50-7d22-4c0a-9169-8acfb8baaa19,L1,Profile
916cbb50-7d22-4c0a-9169-8acfb8baaa19,L1,Profile
916cbb50-7d22-4c0a-9169-8acfb8baaa19,L1,Profile
916cbb50-7d22-4c0a-9169-8acfb8baaa19,L1,Profile
916cbb50-7d22-4c0a-9169-8acfb8baaa19,L1,Profile
916cbb50-7d22-4c0a-9169-8acfb8baaa19,L1,Profile
916cbb50-7d22-4c0a-9169-8acfb8baaa19,L1,Profile
916cbb50-7d22-4c0a-9169-8acfb8baaa19,L1,Profile
916cbb50-7d22-4c0a-9169-8acfb8baaa19,L1,Profile
916cbb50-7d22-4c0a-9169-8acfb8baaa19,L1,Profile
916cbb50-7d22-4c0a-9169-8acfb8baaa19,L1,Profile
916cbb50-7d22-4c0a-9169-8acfb8baaa19,L1,Profile
916cbb50-7d22-4c0a-9169-8acfb8baaa19,L1,Profile
916cbb50-7d22-4c0a-9169-8acfb8baaa19,L1,Profile
916cbb50-7d22-4c0a-9169-8acfb8baaa19,L1,Profile
916cbb50-7d22-4c0a-9169-8acfb8baaa19,L1,Profile
916cbb50-7d22-4c0a-9169-8acfb8baaa19,L1,Profile
916cbb50-7d22-4c0a-9169-8acfb8baaa19,L1,Profile
916cbb50-7d22-4c0a-9169-8acfb8baaa19,L1,Profile
916cbb50-7d22-4c0a-9169-8acfb8baaa19,L1,Profile
916cbb50-7d22-4c0a-9169-8acfb8baaa19,L1,Profile
916cbb50-7d22-4c0a-9169-8acfb8baaa19,L1,Profile
916cbb50-7d22-4c0a-9169-8acfb8baaa19,L1,Profile
916cbb50-7d22-4c0a-9169-8acfb8baaa19,L1,Profile
916cbb50-7d22-4c0a-9169-8acfb8baaa19,L1,Profile
916cbb50-7d22-4c0a-9169-8acfb8baaa19,L1,Profile
916cbb50-7d22-4c0a-9169-8acfb8baaa19,L1,Profile
916cbb50-7d22-4c0a-9169-8acfb8baaa19,L1,Profile
916cbb50-7d22-4c0a-9169-8acfb8baaa19,L1,Profile
916cbb50-7d22-4c0a-9169-8acfb8baaa19,L1,Profile
916cbb50-7d22-4c0a-9169-8acfb8baaa19,L1,Profile
916cbb50-7d22-4c0a-9169-8acfb8baaa19,L1,Profile
916cbb50-7d22-4c0a-9169-8acfb8baaa19,L1,Profile
916cbb50-7d22-4c0a-9169-8acfb8baaa19,L1,Profile
916cbb50-7d22-4c0a-9169-8acfb8baaa19,L1,Profile
916cbb50-7d22-4c0a-9169-8acfb8baaa19,L1,Profile
916cbb50-7d22-4c0a-9169-8acfb8baaa19,L1,Profile
916cbb50-7d22-4c0a-9169-8acfb8baaa19,L1,Profile
916cbb50-7d22-4c0a-9169-8acfb8baaa19,L1,Profile
916cbb50-7d22-4c0a-9169-8acfb8baaa19,L1,Profile
916cbb50-7d22-4c0a-9169-8acfb8baaa19,L1,Profile
916cbb50-7d22-4c0a-9169-8acfb8baaa19,L1,Profile
916cbb50-7d22-4c0a-9169-8acfb8baaa19,L1,Profile
916cbb50-7d22-4c0a-9169-8acfb8baaa19,L1,Profile
916cbb50-7d22-4c0a-9169-8acfb8baaa19,L1,Profile
916cbb50-7d22-4c0a-9169-8acfb8baaa19,L1,Profile
916cbb50-7d22-4c0a-9169-8acfb8baaa19,L1,Profile
916cbb50-7d22-4c0a-9169-8acfb8baaa19,L1,Profile
916cbb50-7d22-4c0a-9169-8acfb8baaa19,L1,Profile
916cbb50-7d22-4c0a-9169-8acfb8baaa19,L1,Profile
916cbb50-7d22-4c0a-9169-8acfb8baaa19,L1,Profile
916cbb50-7d22-4c0a-9169-8acfb8baaa19,L1,Profile
916cbb50-7d22-4c0a-9169-8acfb8baaa19,L1,Profile
916cbb50-7d22-4c0a-9169-8acfb8baaa19,L1,Profile
916cbb50-7d22-4c0a-9169-8acfb8baaa19,L1,Profile
916cbb50-7d22-4c0a-9169-8acfb8baaa19,L1,Profile
916cbb50-7d22-4c0a-9169-8acfb8baaa19,L1,Profile
916cbb50-7d22-4c0a-9169-8acfb8baaa19,L1,Profile
916cbb50-7d22-4c0a-9169-8acfb8baaa19,L1,Profile
916cbb50-7d22-4c0a-9169-8acfb8baaa19,L1,Profile
916cbb50-7d22-4c0a-9169-8acfb8baaa19,L1,Profile
916cbb50-7d22-4c0a-9169-8acfb8baaa19,L1,Profile
916cbb50-7d22-4c0a-9169-8acfb8baaa19,L1,Profile
916cbb50-7d22-4c0a-9169-8acfb8baaa19,L1,Profile
916cbb50-7d22-4c0a-9169-8acfb8baaa19,L1,Profile
916cbb50-7d22-4c0a-9169-8acfb8baaa19,L1,Profile
916cbb50-7d22-4c0a-9169-8acfb8baaa19,L1,Profile
916cbb50-7d22-4c0a-9169-8acfb8baaa19,L1,Profile
916cbb50-7d22-4c0a-9169-8acfb8baaa19,L1,Profile
916cbb50-7d22-4c0a-9169-8acfb8baaa19,L1,Profile
916cbb50-7d22-4c0a-9169-8acfb8baaa19,L1,Profile
916cbb50-7d22-4c0a-9169-8acfb8baaa19,L1,Profile
916cbb50-7d22-4c0a-9169-8acfb8baaa19,L1,Profile
916cbb50-7d22-4c0a-9169-8acfb8baaa19,L1,Profile
916cbb50-7d22-4c0a-9169-8acfb8baaa19,L1,Profile
916cbb50-7d22-4c0a-9169-8acfb8baaa19,L1,Profile
916cbb50-7d22-4c0a-9169-8acfb8baaa19,L1,Profile
916cbb50-7d22-4c0a-9169-8acfb8baaa19,L1,Profile
916cbb50-7d22-4c0a-9169-8acfb8baaa19,L1,Profile
916cbb50-7d22-4c0a-9169-8acfb8baaa19,L1,Profile
916cbb50-7d22-4c0a-9169-8acfb8baaa19,L1,Profile
916cbb50-7d22-4c0a-9169-8acfb8baaa19,L1,Profile
916cbb50-7d22-4c0a-9169-8acfb8baaa19,L1,Profile
916cbb50-7d22-4c0a-9169-8acfb8baaa19,L1,Profile
916cbb50-7d22-4c0a-9169-8acfb8baaa19,L1,Profile
916cbb50-7d22-4c0a-9169-8acfb8baaa19,L1,Profile
916cbb50-7d22-4c0a-9169-8acfb8baaa19,L1,Profile
916cbb50-7d22-4c0a-9169-8acfb8baaa19,L1,Profile
916cbb50-7d22-4c0a-9169-8acfb8baaa19,L1,Profile
916cbb50-7d22-4c0a-9169-8acfb8baaa19,L1,Profile
916cbb50-7d22-4c0a-9169-8acfb8baaa19,L1,Profile
916cbb50-7d22-4c0a-9169-8acfb8baaa19,L1,Profile
916cbb50-7d22-4c0a-9169-8acfb8baaa19,L1,Profile
916cbb50-7d22-4c0a-9169-8acfb8baaa19,L1,Profile
916cbb50-7d22-4c0a-9169-8acfb8baaa19,L1,Profile
916cbb50-7d22-4c0a-9169-8acfb8baaa19,L1,Profile
916cbb50-7d22-4c0a-9169-8acfb8baaa19,L1,Profile
916cbb50-7d22-4c0a-9169-8acfb8baaa19,L1,Profile
916cbb50-7d22-4c0a-9169-8acfb8baaa19,L1,Profile
916cbb50-7d22-4c0a-9169-8acfb8baaa19,L1,Profile
916cbb50-7d22-4c0a-9169-8acfb8baaa19,L1,Profile
916cbb50-7d22-4c0a-9169-8acfb8baaa19,L1,Profile
916cbb50-7d22-4c0a-9169-8acfb8baaa19,L1,Profile
916cbb50-7d22-4c0a-9169-8acfb8baaa19,L1,Profile
916cbb50-7d22-4c0a-9169-8acfb8baaa19,L1,Profile
916cbb50-7d22-4c0a-9169-8acfb8baaa19,L1,Profile
916cbb50-7d22-4c0a-9169-8acfb8baaa19,L1,Profile
916cbb50-7d22-4c0a-9169-8acfb8baaa19,L1,Profile
916cbb50-7d22-4c0a-9169-8acfb8baaa19,L1,Profile
916cbb50-7d22-4c0a-9169-8acfb8baaa19,L1,Profile
916cbb50-7d22-4c0a-9169-8acfb8baaa19,L1,Profile
916cbb50-7d22-4c0a-9169-8acfb8baaa19,L1,Profile
916cbb50-7d22-4c0a-9169-8acfb8baaa19,L1,Profile
916cbb50-7d22-4c0a-9169-8acfb8baaa19,L1,Profile
916cbb50-7d22-4c0a-9169-8acfb8baaa19,L1,Profile
916cbb50-7d22-4c0a-9169-8acfb8baaa19,L1,Profile
916cbb50-7d22-4c0a-9169-8acfb8baaa19,L1,Profile
916cbb50-7d22-4c0a-9169-8acfb8baaa19,L1,Profile
916cbb50-7d22-4c0a-9169-8acfb8baaa19,L1,Profile
916cbb50-7d22-4c0a-9169-8acfb8baaa19,L1,Profile
916cbb50-7d22-4c0a-9169-8acfb8baaa19,L1,Profile
916cbb50-7d22-4c0a-9169-8acfb8baaa19,L1,Profile
916cbb50-7d22-4c0a-9169-8acfb8baaa19,L1,Profile
916cbb50-7d22-4c0a-9169-8acfb8baaa19,L1,Profile
916cbb50-7d22-4c0a-9169-8acfb8baaa19,L1,Profile
916cbb50-7d22-4c0a-9169-8acfb8baaa19,L1,Profile
916cbb50-7d22-4c0a-9169-8acfb8baaa19,L1,Profile
916cbb50-7d22-4c0a-9169-8acfb8baaa19,L1,Profile
916cbb50-7d22-4c0a-9169-8acfb8baaa19,L1,Profile
916cbb50-7d22-4c0a-9169-8acfb8baaa19,L1,Profile
916cbb50-7d22-4c0a-9169-8acfb8baaa19,L1,Profile
916cbb50-7d22-4c0a-9169-8acfb8baaa19,L1,Profile
916cbb50-7d22-4c0a-9169-8acfb8baaa19,L1,Profile
916cbb50-7d22-4c0a-9169-8acfb8baaa19,L1,Profile
916cbb50-7d22-4c0a-9169-8acfb8baaa19,L1,Profile
916cbb50-7d22-4c0a-9169-8acfb8baaa19,L1,Profile
916cbb50-7d22-4c0a-9169-8acfb8baaa19,L1,Profile
916cbb50-7d22-4c0a-9169-8acfb8baaa19,L1,Profile
916cbb50-7d22-4c0a-9169-8acfb8baaa19,L1,Profile
916cbb50-7d22-4c0a-9169-8acfb8baaa19,L1,Profile
916cbb50-7d22-4c0a-9169-8acfb8baaa19,L1,Profile
916cbb50-7d22-4c0a-9169-8acfb8baaa19,L1,Profile
916cbb50-7d22-4c0a-9169-8acfb8baaa19,L1,Profile
916cbb50-7d22-4c0a-9169-8acfb8baaa19,L1,Profile
916cbb50-7d22-4c0a-9169-8acfb8baaa19,L1,Profile
916cbb50-7d22-4c0a-9169-8acfb8baaa19,L1,Profile
916cbb50-7d22-4c0a-9169-8acfb8baaa19,L1,Profile
916cbb50-7d22-4c0a-9169-8acfb8baaa19,L1,Profile
916cbb50-7d22-4c0a-9169-8acfb8baaa19,L1,Profile
916cbb50-7d22-4c0a-9169-8acfb8baaa19,L1,Profile
916cbb50-7d22-4c0a-9169-8acfb8baaa19,L1,Profile
916cbb50-7d22-4c0a-9169-8acfb8baaa19,L1,Profile
916cbb50-7d22-4c0a-9169-8acfb8baaa19,L1,Profile
916cbb50-7d22-4c0a-9169-8acfb8baaa19,L1,Profile
916cbb50-7d22-4c0a-9169-8acfb8baaa19,L1,Profile
916cbb50-7d22-4c0a-9169-8acfb8baaa19,L1,Profile
916cbb50-7d22-4c0a-9169-8acfb8baaa19,L1,Profile
916cbb50-7d22-4c0a-9169-8acfb8baaa19,L1,Profile
916cbb50-7d22-4c0a-9169-8acfb8baaa19,L1,Profile
916cbb50-7d22-4c0a-9169-8acfb8baaa19,L1,Profile
916cbb50-7d22-4c0a-9169-8acfb8baaa19,L1,Profile
916cbb50-7d22-4c0a-9169-8acfb8baaa19,L1,Profile
916cbb50-7d22-4c0a-9169-8acfb8baaa19,L1,Profile
916cbb50-7d22-4c0a-9169-8acfb8baaa19,L1,Profile
916cbb50-7d22-4c0a-9169-8acfb8baaa19,L1,Profile
916cbb50-7d22-4c0a-9169-8acfb8baaa19,L1,Profile
916cbb50-7d22-4c0a-9169-8acfb8baaa19,L1,Profile
916cbb50-7d22-4c0a-9169-8acfb8baaa19,L1,Profile
916cbb50-7d22-4c0a-9169-8acfb8baaa19,L1,Profile
916cbb50-7d22-4c0a-9169-8acfb8baaa19,L1,Profile
916cbb50-7d22-4c0a-9169-8acfb8baaa19,L1,Profile
916cbb50-7d22-4c0a-9169-8acfb8baaa19,L1,Profile
916cbb50-7d22-4c0a-9169-8acfb8baaa19,L1,Profile
916cbb50-7d22-4c0a-9169-8acfb8baaa19,L1,Profile
916cbb50-7d22-4c0a-9169-8acfb8baaa19,L1,Profile
916cbb50-7d22-4c0a-9169-8acfb8baaa19,L1,Profile
916cbb50-7d22-4c0a-9169-8acfb8baaa19,L1,Profile
916cbb50-7d22-4c0a-9169-8acfb8baaa19,L1,Profile
916cbb50-7d22-4c0a-9169-8acfb8baaa19,L1,Profile
916cbb50-7d22-4c0a-9169-8acfb8baaa19,L1,Profile
916cbb50-7d22-4c0a-9169-8acfb8baaa19,L1,Profile
916cbb50-7d22-4c0a-9169-8acfb8baaa19,L1,Profile
916cbb50-7d22-4c0a-9169-8acfb8baaa19,L1,Profile
916cbb50-7d22-4c0a-9169-8acfb8baaa19,L1,Profile
916cbb50-7d22-4c0a-9169-8acfb8baaa19,L1,Profile
916cbb50-7d22-4c0a-9169-8acfb8baaa19,L1,Profile
916cbb50-7d22-4c0a-9169-8acfb8baaa19,L1,Profile
916cbb50-7d22-4c0a-9169-8acfb8baaa19,L1,Profile
916cbb50-7d22-4c0a-9169-8acfb8baaa19,L1,Profile
916cbb50-7d22-4c0a-9169-8acfb8baaa19,L1,Profile
916cbb50-7d22-4c0a-9169-8acfb8baaa19,L1,Profile
916cbb50-7d22-4c0a-9169-8acfb8baaa19,L1,Profile
916cbb50-7d22-4c0a-9169-8acfb8baaa19,L1,Profile
916cbb50-7d22-4c0a-9169-8acfb8baaa19,L1,Profile
916cbb50-7d22-4c0a-9169-8acfb8baaa19,L1,Profile
916cbb50-7d22-4c0a-9169-8acfb8baaa19,L1,Profile
916cbb50-7d22-4c0a-9169-8acfb8baaa19,L1,Profile
916cbb50-7d22-4c0a-9169-8acfb8baaa19,L1,Profile
916cbb50-7d22-4c0a-9169-8acfb8baaa19,L1,Profile
916cbb50-7d22-4c0a-9169-8acfb8baaa19,L1,Profile
916cbb50-7d22-4c0a-9169-8acfb8baaa19,L1,Profile
916cbb50-7d22-4c0a-9169-8acfb8baaa19,L1,Profile
916cbb50-7d22-4c0a-9169-8acfb8baaa19,L1,Profile
916cbb50-7d22-4c0a-9169-8acfb8baaa19,L1,Profile
916cbb50-7d22-4c0a-9169-8acfb8baaa19,L1,Profile
916cbb50-7d22-4c0a-9169-8acfb8baaa19,L1,Profile
916cbb50-7d22-4c0a-9169-8acfb8baaa19,L1,Profile
916cbb50-7d22-4c0a-9169-8acfb8baaa19,L1,Profile
916cbb50-7d22-4c0a-9169-8acfb8baaa19,L1,Profile
916cbb50-7d22-4c0a-9169-8acfb8baaa19,L1,Profile
916cbb50-7d22-4c0a-9169-8acfb8baaa19,L1,Profile
916cbb50-7d22-4c0a-9169-8acfb8baaa19,L1,Profile
916cbb50-7d22-4c0a-9169-8acfb8baaa19,L1,Profile
916cbb50-7d22-4c0a-9169-8acfb8baaa19,L1,Profile
916cbb50-7d22-4c0a-9169-8acfb8baaa19,L1,Profile
916cbb50-7d22-4c0a-9169-8acfb8baaa19,L1,Profile
916cbb50-7d22-4c0a-9169-8acfb8baaa19,L1,Profile
916cbb50-7d22-4c0a-9169-8acfb8baaa19,L1,Profile
916cbb50-7d22-4c0a-9169-8acfb8baaa19,L1,Profile
916cbb50-7d22-4c0a-9169-8acfb8baaa19,L1,Profile
916cbb50-7d22-4c0a-9169-8acfb8baaa19,L1,Profile
916cbb50-7d22-4c0a-9169-8acfb8baaa19,L1,Profile
916cbb50-7d22-4c0a-9169-8acfb8baaa19,L1,Profile
916cbb50-7d22-4c0a-9169-8acfb8baaa19,L1,Profile
916cbb50-7d22-4c0a-9169-8acfb8baaa19,L1,Profile
916cbb50-7d22-4c0a-9169-8acfb8baaa19,L1,Profile
916cbb50-7d22-4c0a-9169-8acfb8baaa19,L1,Profile
916cbb50-7d22-4c0a-9169-8acfb8baaa19,L1,Profile
916cbb50-7d22-4c0a-9169-8acfb8baaa19,L1,Profile
916cbb50-7d22-4c0a-9169-8acfb8baaa19,L1,Profile
916cbb50-7d22-4c0a-9169-8acfb8baaa19,L1,Profile
916cbb50-7d22-4c0a-9169-8acfb8baaa19,L1,Profile
916cbb50-7d22-4c0a-9169-8acfb8baaa19,L1,Profile
916cbb50-7d22-4c0a-9169-8acfb8baaa19,L1,Profile
916cbb50-7d22-4c0a-9169-8acfb8baaa19,L1,Profile
916cbb50-7d22-4c0a-9169-8acfb8baaa19,L1,Profile
916cbb50-7d22-4c0a-9169-8acfb8baaa19,L1,Profile
916cbb50-7d22-4c0a-9169-8acfb8baaa19,L1,Profile
916cbb50-7d22-4c0a-9169-8acfb8baaa19,L1,Profile
916cbb50-7d22-4c0a-9169-8acfb8baaa19,L1,Profile
916cbb50-7d22-4c0a-9169-8acfb8baaa19,L1,Profile
916cbb50-7d22-4c0a-9169-8acfb8baaa19,L1,Profile
916cbb50-7d22-4c0a-9169-8acfb8baaa19,L1,Profile
916cbb50-7d22-4c0a-9169-8acfb8baaa19,L1,Profile
916cbb50-7d22-4c0a-9169-8acfb8baaa19,L1,Profile
916cbb50-7d22-4c0a-9169-8acfb8baaa19,L1,Profile
916cbb50-7d22-4c0a-9169-8acfb8baaa19,L1,Profile
916cbb50-7d22-4c0a-9169-8acfb8baaa19,L1,Profile
916cbb50-7d22-4c0a-9169-8acfb8baaa19,L1,Profile
916cbb50-7d22-4c0a-9169-8acfb8baaa19,L1,Profile
916cbb50-7d22-4c0a-9169-8acfb8baaa19,L1,Profile
916cbb50-7d22-4c0a-9169-8acfb8baaa19,L1,Profile
916cbb50-7d22-4c0a-9169-8acfb8baaa19,L1,Profile
916cbb50-7d22-4c0a-9169-8acfb8baaa19,L1,Profile
916cbb50-7d22-4c0a-9169-8acfb8baaa19,L1,Profile
916cbb50-7d22-4c0a-9169-8acfb8baaa19,L1,Profile
916cbb50-7d22-4c0a-9169-8acfb8baaa19,L1,Profile
916cbb50-7d22-4c0a-9169-8acfb8baaa19,L1,Profile
916cbb50-7d22-4c0a-9169-8acfb8baaa19,L1,Profile
916cbb50-7d22-4c0a-9169-8acfb8baaa19,L1,Profile
916cbb50-7d22-4c0a-9169-8acfb8baaa19,L1,Profile
916cbb50-7d22-4c0a-9169-8acfb8baaa19,L1,Profile
916cbb50-7d22-4c0a-9169-8acfb8baaa19,L1,Profile
916cbb50-7d22-4c0a-9169-8acfb8baaa19,L1,Profile
916cbb50-7d22-4c0a-9169-8acfb8baaa19,L1,Profile
916cbb50-7d22-4c0a-9169-8acfb8baaa19,L1,Profile
916cbb50-7d22-4c0a-9169-8acfb8baaa19,L1,Profile
916cbb50-7d22-4c0a-9169-8acfb8baaa19,L1,Profile
916cbb50-7d22-4c0a-9169-8acfb8baaa19,L1,Profile
916cbb50-7d22-4c0a-9169-8acfb8baaa19,L1,Profile
916cbb50-7d22-4c0a-9169-8acfb8baaa19,L1,Profile
916cbb50-7d22-4c0a-9169-8acfb8baaa19,L1,Profile
916cbb50-7d22-4c0a-9169-8acfb8baaa19,L1,Profile
916cbb50-7d22-4c0a-9169-8acfb8baaa19,L1,Profile
916cbb50-7d22-4c0a-9169-8acfb8baaa19,L1,Profile
916cbb50-7d22-4c0a-9169-8acfb8baaa19,L1,Profile
916cbb50-7d22-4c0a-9169-8acfb8baaa19,L1,Profile
916cbb50-7d22-4c0a-9169-8acfb8baaa19,L1,Profile
916cbb50-7d22-4c0a-9169-8acfb8baaa19,L1,Profile
916cbb50-7d22-4c0a-9169-8acfb8baaa19,L1,Profile
916cbb50-7d22-4c0a-9169-8acfb8baaa19,L1,Profile
916cbb50-7d22-4c0a-9169-8acfb8baaa19,L1,Profile
916cbb50-7d22-4c0a-9169-8acfb8baaa19,L1,Profile
916cbb50-7d22-4c0a-9169-8acfb8baaa19,L1,Profile
916cbb50-7d22-4c0a-9169-8acfb8baaa19,L1,Profile
916cbb50-7d22-4c0a-9169-8acfb8baaa19,L1,Profile
916cbb50-7d22-4c0a-9169-8acfb8baaa19,L1,Profile
916cbb50-7d22-4c0a-9169-8acfb8baaa19,L1,Profile
916cbb50-7d22-4c0a-9169-8acfb8baaa19,L1,Profile
916cbb50-7d22-4c0a-9169-8acfb8baaa19,L1,Profile
916cbb50-7d22-4c0a-9169-8acfb8baaa19,L1,Profile
916cbb50-7d22-4c0a-9169-8acfb8baaa19,L1,Profile
916cbb50-7d22-4c0a-9169-8acfb8baaa19,L1,Profile
916cbb50-7d22-4c0a-9169-8acfb8baaa19,L1,Profile
916cbb50-7d22-4c0a-9169-8acfb8baaa19,L1,Profile
916cbb50-7d22-4c0a-9169-8acfb8baaa19,L1,Profile
916cbb50-7d22-4c0a-9169-8acfb8baaa19,L1,Profile
916cbb50-7d22-4c0a-9169-8acfb8baaa19,L1,Profile
916cbb50-7d22-4c0a-9169-8acfb8baaa19,L1,Profile
916cbb50-7d22-4c0a-9169-8acfb8baaa19,L1,Profile
916cbb50-7d22-4c0a-9169-8acfb8baaa19,L1,Profile
916cbb50-7d22-4c0a-9169-8acfb8baaa19,L1,Profile
916cbb50-7d22-4c0a-9169-8acfb8baaa19,L1,Profile
916cbb50-7d22-4c0a-9169-8acfb8baaa19,L1,Profile
916cbb50-7d22-4c0a-9169-8acfb8baaa19,L1,Profile
916cbb50-7d22-4c0a-9169-8acfb8baaa19,L1,Profile
916cbb50-7d22-4c0a-9169-8acfb8baaa19,L1,Profile
916cbb50-7d22-4c0a-9169-8acfb8baaa19,L1,Profile
916cbb50-7d22-4c0a-9169-8acfb8baaa19,L1,Profile
916cbb50-7d22-4c0a-9169-8acfb8baaa19,L1,Profile
916cbb50-7d22-4c0a-9169-8acfb8baaa19,L1,Profile
916cbb50-7d22-4c0a-9169-8acfb8baaa19,L1,Profile
916cbb50-7d22-4c0a-9169-8acfb8baaa19,L1,Profile
916cbb50-7d22-4c0a-9169-8acfb8baaa19,L1,Profile
916cbb50-7d22-4c0a-9169-8acfb8baaa19,L1,Profile
916cbb50-7d22-4c0a-9169-8acfb8baaa19,L1,Profile
916cbb50-7d22-4c0a-9169-8acfb8baaa19,L1,Profile
916cbb50-7d22-4c0a-9169-8acfb8baaa19,L1,Profile
916cbb50-7d22-4c0a-9169-8acfb8baaa19,L1,Profile
916cbb50-7d22-4c0a-9169-8acfb8baaa19,L1,Profile
916cbb50-7d22-4c0a-9169-8acfb8baaa19,L1,Profile
916cbb50-7d22-4c0a-9169-8acfb8baaa19,L1,Profile
916cbb50-7d22-4c0a-9169-8acfb8baaa19,L1,Profile
916cbb50-7d22-4c0a-9169-8acfb8baaa19,L1,Profile
916cbb50-7d22-4c0a-9169-8acfb8baaa19,L1,Profile
916cbb50-7d22-4c0a-9169-8acfb8baaa19,L1,Profile
916cbb50-7d22-4c0a-9169-8acfb8baaa19,L1,Profile
916cbb50-7d22-4c0a-9169-8acfb8baaa19,L1,Profile
916cbb50-7d22-4c0a-9169-8acfb8baaa19,L1,Profile
916cbb50-7d22-4c0a-9169-8acfb8baaa19,L1,Profile
916cbb50-7d22-4c0a-9169-8acfb8baaa19,L1,Profile
916cbb50-7d22-4c0a-9169-8acfb8baaa19,L1,Profile
916cbb50-7d22-4c0a-9169-8acfb8baaa19,L1,Profile
916cbb50-7d22-4c0a-9169-8acfb8baaa19,L1,Profile
916cbb50-7d22-4c0a-9169-8acfb8baaa19,L1,Profile
916cbb50-7d22-4c0a-9169-8acfb8baaa19,L1,Profile
916cbb50-7d22-4c0a-9169-8acfb8baaa19,L1,Profile
916cbb50-7d22-4c0a-9169-8acfb8baaa19,L1,Profile
916cbb50-7d22-4c0a-9169-8acfb8baaa19,L1,Profile
916cbb50-7d22-4c0a-9169-8acfb8baaa19,L1,Profile
916cbb50-7d22-4c0a-9169-8acfb8baaa19,L1,Profile
916cbb50-7d22-4c0a-9169-8acfb8baaa19,L1,Profile
916cbb50-7d22-4c0a-9169-8acfb8baaa19,L1,Profile
916cbb50-7d22-4c0a-9169-8acfb8baaa19,L1,Profile
916cbb50-7d22-4c0a-9169-8acfb8baaa19,L1,Profile
916cbb50-7d22-4c0a-9169-8acfb8baaa19,L1,Profile
916cbb50-7d22-4c0a-9169-8acfb8baaa19,L1,Profile
916cbb50-7d22-4c0a-9169-8acfb8baaa19,L1,Profile
916cbb50-7d22-4c0a-9169-8acfb8baaa19,L1,Profile
916cbb50-7d22-4c0a-9169-8acfb8baaa19,L1,Profile
916cbb50-7d22-4c0a-9169-8acfb8baaa19,L1,Profile
916cbb50-7d22-4c0a-9169-8acfb8baaa19,L1,Profile
916cbb50-7d22-4c0a-9169-8acfb8baaa19,L1,Profile
916cbb50-7d22-4c0a-9169-8acfb8baaa19,L1,Profile
916cbb50-7d22-4c0a-9169-8acfb8baaa19,L1,Profile
916cbb50-7d22-4c0a-9169-8acfb8baaa19,L1,Profile
916cbb50-7d22-4c0a-9169-8acfb8baaa19,L1,Profile
916cbb50-7d22-4c0a-9169-8acfb8baaa19,L1,Profile
916cbb50-7d22-4c0a-9169-8acfb8baaa19,L1,Profile
916cbb50-7d22-4c0a-9169-8acfb8baaa19,L1,Profile
916cbb50-7d22-4c0a-9169-8acfb8baaa19,L1,Profile
916cbb50-7d22-4c0a-9169-8acfb8baaa19,L1,Profile
916cbb50-7d22-4c0a-9169-8acfb8baaa19,L1,Profile
916cbb50-7d22-4c0a-9169-8acfb8baaa19,L1,Profile
916cbb50-7d22-4c0a-9169-8acfb8baaa19,L1,Profile
916cbb50-7d22-4c0a-9169-8acfb8baaa19,L1,Profile
916cbb50-7d22-4c0a-9169-8acfb8baaa19,L1,Profile
916cbb50-7d22-4c0a-9169-8acfb8baaa19,L1,Profile
916cbb50-7d22-4c0a-9169-8acfb8baaa19,L1,Profile
916cbb50-7d22-4c0a-9169-8acfb8baaa19,L1,Profile
916cbb50-7d22-4c0a-9169-8acfb8baaa19,L1,Profile
916cbb50-7d22-4c0a-9169-8acfb8baaa19,L1,Profile
916cbb50-7d22-4c0a-9169-8acfb8baaa19,L1,Profile
916cbb50-7d22-4c0a-9169-8acfb8baaa19,L1,Profile
916cbb50-7d22-4c0a-9169-8acfb8baaa19,L1,Profile
916cbb50-7d22-4c0a-9169-8acfb8baaa19,L1,Profile
916cbb50-7d22-4c0a-9169-8acfb8baaa19,L1,Profile
916cbb50-7d22-4c0a-9169-8acfb8baaa19,L1,Profile
916cbb50-7d22-4c0a-9169-8acfb8baaa19,L1,Profile
916cbb50-7d22-4c0a-9169-8acfb8baaa19,L1,Profile
916cbb50-7d22-4c0a-9169-8acfb8baaa19,L1,Profile
916cbb50-7d22-4c0a-9169-8acfb8baaa19,L1,Profile
916cbb50-7d22-4c0a-9169-8acfb8baaa19,L1,Profile
916cbb50-7d22-4c0a-9169-8acfb8baaa19,L1,Profile
916cbb50-7d22-4c0a-9169-8acfb8baaa19,L1,Profile
916cbb50-7d22-4c0a-9169-8acfb8baaa19,L1,Profile
916cbb50-7d22-4c0a-9169-8acfb8baaa19,L1,Profile
916cbb50-7d22-4c0a-9169-8acfb8baaa19,L1,Profile
916cbb50-7d22-4c0a-9169-8acfb8baaa19,L1,Profile
916cbb50-7d22-4c0a-9169-8acfb8baaa19,L1,Profile
916cbb50-7d22-4c0a-9169-8acfb8baaa19,L1,Profile
916cbb50-7d22-4c0a-9169-8acfb8baaa19,L1,Profile
916cbb50-7d22-4c0a-9169-8acfb8baaa19,L1,Profile
916cbb50-7d22-4c0a-9169-8acfb8baaa19,L1,Profile
916cbb50-7d22-4c0a-9169-8acfb8baaa19,L1,Profile
916cbb50-7d22-4c0a-9169-8acfb8baaa19,L1,Profile
916cbb50-7d22-4c0a-9169-8acfb8baaa19,L1,Profile
916cbb50-7d22-4c0a-9169-8acfb8baaa19,L1,Profile
916cbb50-7d22-4c0a-9169-8acfb8baaa19,L1,Profile
916cbb50-7d22-4c0a-9169-8acfb8baaa19,L1,Profile
916cbb50-7d22-4c0a-9169-8acfb8baaa19,L1,Profile
916cbb50-7d22-4c0a-9169-8acfb8baaa19,L1,Profile
916cbb50-7d22-4c0a-9169-8acfb8baaa19,L1,Profile
916cbb50-7d22-4c0a-9169-8acfb8baaa19,L1,Profile
916cbb50-7d22-4c0a-9169-8acfb8baaa19,L1,Profile
916cbb50-7d22-4c0a-9169-8acfb8baaa19,L1,Profile
916cbb50-7d22-4c0a-9169-8acfb8baaa19,L1,Profile
916cbb50-7d22-4c0a-9169-8acfb8baaa19,L1,Profile
916cbb50-7d22-4c0a-9169-8acfb8baaa19,L1,Profile
916cbb50-7d22-4c0a-9169-8acfb8baaa19,L1,Profile
916cbb50-7d22-4c0a-9169-8acfb8baaa19,L1,Profile
916cbb50-7d22-4c0a-9169-8acfb8baaa19,L1,Profile
916cbb50-7d22-4c0a-9169-8acfb8baaa19,L1,Profile
916cbb50-7d22-4c0a-9169-8acfb8baaa19,L1,Profile
916cbb50-7d22-4c0a-9169-8acfb8baaa19,L1,Profile
916cbb50-7d22-4c0a-9169-8acfb8baaa19,L1,Profile
916cbb50-7d22-4c0a-9169-8acfb8baaa19,L1,Profile
916cbb50-7d22-4c0a-9169-8acfb8baaa19,L1,Profile
916cbb50-7d22-4c0a-9169-8acfb8baaa19,L1,Profile
916cbb50-7d22-4c0a-9169-8acfb8baaa19,L1,Profile
916cbb50-7d22-4c0a-9169-8acfb8baaa19,L1,Profile
916cbb50-7d22-4c0a-9169-8acfb8baaa19,L1,Profile
916cbb50-7d22-4c0a-9169-8acfb8baaa19,L1,Profile
916cbb50-7d22-4c0a-9169-8acfb8baaa19,L1,Profile
916cbb50-7d22-4c0a-9169-8acfb8baaa19,L1,Profile
916cbb50-7d22-4c0a-9169-8acfb8baaa19,L1,Profile
916cbb50-7d22-4c0a-9169-8acfb8baaa19,L1,Profile
916cbb50-7d22-4c0a-9169-8acfb8baaa19,L1,Profile
916cbb50-7d22-4c0a-9169-8acfb8baaa19,L1,Profile
916cbb50-7d22-4c0a-9169-8acfb8baaa19,L1,Profile
916cbb50-7d22-4c0a-9169-8acfb8baaa19,L1,Profile
916cbb50-7d22-4c0a-9169-8acfb8baaa19,L1,Profile
916cbb50-7d22-4c0a-9169-8acfb8baaa19,L1,Profile
916cbb50-7d22-4c0a-9169-8acfb8baaa19,L1,Profile
916cbb50-7d22-4c0a-9169-8acfb8baaa19,L1,Profile
916cbb50-7d22-4c0a-9169-8acfb8baaa19,L1,Profile
916cbb50-7d22-4c0a-9169-8acfb8baaa19,L1,Profile
916cbb50-7d22-4c0a-9169-8acfb8baaa19,L1,Profile
916cbb50-7d22-4c0a-9169-8acfb8baaa19,L1,Profile
916cbb50-7d22-4c0a-9169-8acfb8baaa19,L1,Profile
916cbb50-7d22-4c0a-9169-8acfb8baaa19,L1,Profile
916cbb50-7d22-4c0a-9169-8acfb8baaa19,L1,Profile
916cbb50-7d22-4c0a-9169-8acfb8baaa19,L1,Profile
916cbb50-7d22-4c0a-9169-8acfb8baaa19,L1,Profile
916cbb50-7d22-4c0a-9169-8acfb8baaa19,L1,Profile
916cbb50-7d22-4c0a-9169-8acfb8baaa19,L1,Profile
916cbb50-7d22-4c0a-9169-8acfb8baaa19,L1,Profile
916cbb50-7d22-4c0a-9169-8acfb8baaa19,L1,Profile
916cbb50-7d22-4c0a-9169-8acfb8baaa19,L1,Profile
916cbb50-7d22-4c0a-9169-8acfb8baaa19,L1,Profile
916cbb50-7d22-4c0a-9169-8acfb8baaa19,L1,Profile
916cbb50-7d22-4c0a-9169-8acfb8baaa19,L1,Profile
916cbb50-7d22-4c0a-9169-8acfb8baaa19,L1,Profile
916cbb50-7d22-4c0a-9169-8acfb8baaa19,L1,Profile
916cbb50-7d22-4c0a-9169-8acfb8baaa19,L1,Profile
916cbb50-7d22-4c0a-9169-8acfb8baaa19,L1,Profile
916cbb50-7d22-4c0a-9169-8acfb8baaa19,L1,Profile
916cbb50-7d22-4c0a-9169-8acfb8baaa19,L1,Profile
916cbb50-7d22-4c0a-9169-8acfb8baaa19,L1,Profile
916cbb50-7d22-4c0a-9169-8acfb8baaa19,L1,Profile
916cbb50-7d22-4c0a-9169-8acfb8baaa19,L1,Profile
916cbb50-7d22-4c0a-9169-8acfb8baaa19,L1,Profile
916cbb50-7d22-4c0a-9169-8acfb8baaa19,L1,Profile
916cbb50-7d22-4c0a-9169-8acfb8baaa19,L1,Profile
916cbb50-7d22-4c0a-9169-8acfb8baaa19,L1,Profile
916cbb50-7d22-4c0a-9169-8acfb8baaa19,L1,Profile
916cbb50-7d22-4c0a-9169-8acfb8baaa19,L1,Profile
916cbb50-7d22-4c0a-9169-8acfb8baaa19,L1,Profile
916cbb50-7d22-4c0a-9169-8acfb8baaa19,L1,Profile
916cbb50-7d22-4c0a-9169-8acfb8baaa19,L1,Profile
916cbb50-7d22-4c0a-9169-8acfb8baaa19,L1,Profile
916cbb50-7d22-4c0a-9169-8acfb8baaa19,L1,Profile
916cbb50-7d22-4c0a-9169-8acfb8baaa19,L1,Profile
916cbb50-7d22-4c0a-9169-8acfb8baaa19,L1,Profile
916cbb50-7d22-4c0a-9169-8acfb8baaa19,L1,Profile
916cbb50-7d22-4c0a-9169-8acfb8baaa19,L1,Profile
916cbb50-7d22-4c0a-9169-8acfb8baaa19,L1,Profile
916cbb50-7d22-4c0a-9169-8acfb8baaa19,L1,Profile
916cbb50-7d22-4c0a-9169-8acfb8baaa19,L1,Profile
916cbb50-7d22-4c0a-9169-8acfb8baaa19,L1,Profile
916cbb50-7d22-4c0a-9169-8acfb8baaa19,L1,Profile
916cbb50-7d22-4c0a-9169-8acfb8baaa19,L1,Profile
916cbb50-7d22-4c0a-9169-8acfb8baaa19,L1,Profile
916cbb50-7d22-4c0a-9169-8acfb8baaa19,L1,Profile
916cbb50-7d22-4c0a-9169-8acfb8baaa19,L1,Profile
916cbb50-7d22-4c0a-9169-8acfb8baaa19,L1,Profile
916cbb50-7d22-4c0a-9169-8acfb8baaa19,L1,Profile
916cbb50-7d22-4c0a-9169-8acfb8baaa19,L1,Profile
916cbb50-7d22-4c0a-9169-8acfb8baaa19,L1,Profile
916cbb50-7d22-4c0a-9169-8acfb8baaa19,L1,Profile
916cbb50-7d22-4c0a-9169-8acfb8baaa19,L1,Profile
916cbb50-7d22-4c0a-9169-8acfb8baaa19,L1,Profile
916cbb50-7d22-4c0a-9169-8acfb8baaa19,L1,Profile
916cbb50-7d22-4c0a-9169-8acfb8baaa19,L1,Profile
916cbb50-7d22-4c0a-9169-8acfb8baaa19,L1,Profile
916cbb50-7d22-4c0a-9169-8acfb8baaa19,L1,Profile
916cbb50-7d22-4c0a-9169-8acfb8baaa19,L1,Profile
916cbb50-7d22-4c0a-9169-8acfb8baaa19,L1,Profile
916cbb50-7d22-4c0a-9169-8acfb8baaa19,L1,Profile
916cbb50-7d22-4c0a-9169-8acfb8baaa19,L1,Profile
916cbb50-7d22-4c0a-9169-8acfb8baaa19,L1,Profile
916cbb50-7d22-4c0a-9169-8acfb8baaa19,L1,Profile
916cbb50-7d22-4c0a-9169-8acfb8baaa19,L1,Profile
916cbb50-7d22-4c0a-9169-8acfb8baaa19,L1,Profile
916cbb50-7d22-4c0a-9169-8acfb8baaa19,L1,Profile
916cbb50-7d22-4c0a-9169-8acfb8baaa19,L1,Profile
916cbb50-7d22-4c0a-9169-8acfb8baaa19,L1,Profile
916cbb50-7d22-4c0a-9169-8acfb8baaa19,L1,Profile
916cbb50-7d22-4c0a-9169-8acfb8baaa19,L1,Profile
916cbb50-7d22-4c0a-9169-8acfb8baaa19,L1,Profile
916cbb50-7d22-4c0a-9169-8acfb8baaa19,L1,Profile
916cbb50-7d22-4c0a-9169-8acfb8baaa19,L1,Profile
916cbb50-7d22-4c0a-9169-8acfb8baaa19,L1,Profile
916cbb50-7d22-4c0a-9169-8acfb8baaa19,L1,Profile
916cbb50-7d22-4c0a-9169-8acfb8baaa19,L1,Profile
916cbb50-7d22-4c0a-9169-8acfb8baaa19,L1,Profile
916cbb50-7d22-4c0a-9169-8acfb8baaa19,L1,Profile
916cbb50-7d22-4c0a-9169-8acfb8baaa19,L1,Profile
916cbb50-7d22-4c0a-9169-8acfb8baaa19,L1,Profile
916cbb50-7d22-4c0a-9169-8acfb8baaa19,L1,Profile
916cbb50-7d22-4c0a-9169-8acfb8baaa19,L1,Profile
916cbb50-7d22-4c0a-9169-8acfb8baaa19,L1,Profile
916cbb50-7d22-4c0a-9169-8acfb8baaa19,L1,Profile
916cbb50-7d22-4c0a-9169-8acfb8baaa19,L1,Profile
916cbb50-7d22-4c0a-9169-8acfb8baaa19,L1,Profile
916cbb50-7d22-4c0a-9169-8acfb8baaa19,L1,Profile
916cbb50-7d22-4c0a-9169-8acfb8baaa19,L1,Profile
916cbb50-7d22-4c0a-9169-8acfb8baaa19,L1,Profile
916cbb50-7d22-4c0a-9169-8acfb8baaa19,L1,Profile
916cbb50-7d22-4c0a-9169-8acfb8baaa19,L1,Profile
916cbb50-7d22-4c0a-9169-8acfb8baaa19,L1,Profile
916cbb50-7d22-4c0a-9169-8acfb8baaa19,L1,Profile
916cbb50-7d22-4c0a-9169-8acfb8baaa19,L1,Profile
916cbb50-7d22-4c0a-9169-8acfb8baaa19,L1,Profile
916cbb50-7d22-4c0a-9169-8acfb8baaa19,L1,Profile
916cbb50-7d22-4c0a-9169-8acfb8baaa19,L1,Profile
916cbb50-7d22-4c0a-9169-8acfb8baaa19,L1,Profile
916cbb50-7d22-4c0a-9169-8acfb8baaa19,L1,Profile
916cbb50-7d22-4c0a-9169-8acfb8baaa19,L1,Profile
916cbb50-7d22-4c0a-9169-8acfb8baaa19,L1,Profile
916cbb50-7d22-4c0a-9169-8acfb8baaa19,L1,Profile
916cbb50-7d22-4c0a-9169-8acfb8baaa19,L1,Profile
916cbb50-7d22-4c0a-9169-8acfb8baaa19,L1,Profile
916cbb50-7d22-4c0a-9169-8acfb8baaa19,L1,Profile
916cbb50-7d22-4c0a-9169-8acfb8baaa19,L1,Profile
916cbb50-7d22-4c0a-9169-8acfb8baaa19,L1,Profile
916cbb50-7d22-4c0a-9169-8acfb8baaa19,L1,Profile
916cbb50-7d22-4c0a-9169-8acfb8baaa19,L1,Profile
916cbb50-7d22-4c0a-9169-8acfb8baaa19,L1,Profile
916cbb50-7d22-4c0a-9169-8acfb8baaa19,L1,Profile
916cbb50-7d22-4c0a-9169-8acfb8baaa19,L1,Profile
916cbb50-7d22-4c0a-9169-8acfb8baaa19,L1,Profile
916cbb50-7d22-4c0a-9169-8acfb8baaa19,L1,Profile
916cbb50-7d22-4c0a-9169-8acfb8baaa19,L1,Profile
916cbb50-7d22-4c0a-9169-8acfb8baaa19,L1,Profile
916cbb50-7d22-4c0a-9169-8acfb8baaa19,L1,Profile
916cbb50-7d22-4c0a-9169-8acfb8baaa19,L1,Profile
916cbb50-7d22-4c0a-9169-8acfb8baaa19,L1,Profile
916cbb50-7d22-4c0a-9169-8acfb8baaa19,L1,Profile
916cbb50-7d22-4c0a-9169-8acfb8baaa19,L1,Profile
916cbb50-7d22-4c0a-9169-8acfb8baaa19,L1,Profile
916cbb50-7d22-4c0a-9169-8acfb8baaa19,L1,Profile
916cbb50-7d22-4c0a-9169-8acfb8baaa19,L1,Profile
916cbb50-7d22-4c0a-9169-8acfb8baaa19,L1,Profile
916cbb50-7d22-4c0a-9169-8acfb8baaa19,L1,Profile
916cbb50-7d22-4c0a-9169-8acfb8baaa19,L1,Profile
916cbb50-7d22-4c0a-9169-8acfb8baaa19,L1,Profile
916cbb50-7d22-4c0a-9169-8acfb8baaa19,L1,Profile
916cbb50-7d22-4c0a-9169-8acfb8baaa19,L1,Profile
916cbb50-7d22-4c0a-9169-8acfb8baaa19,L1,Profile
916cbb50-7d22-4c0a-9169-8acfb8baaa19,L1,Profile
916cbb50-7d22-4c0a-9169-8acfb8baaa19,L1,Profile
916cbb50-7d22-4c0a-9169-8acfb8baaa19,L1,Profile
916cbb50-7d22-4c0a-9169-8acfb8baaa19,L1,Profile
916cbb50-7d22-4c0a-9169-8acfb8baaa19,L1,Profile
916cbb50-7d22-4c0a-9169-8acfb8baaa19,L1,Profile
916cbb50-7d22-4c0a-9169-8acfb8baaa19,L1,Profile
916cbb50-7d22-4c0a-9169-8acfb8baaa19,L1,Profile
916cbb50-7d22-4c0a-9169-8acfb8baaa19,L1,Profile
916cbb50-7d22-4c0a-9169-8acfb8baaa19,L1,Profile
916cbb50-7d22-4c0a-9169-8acfb8baaa19,L1,Profile
916cbb50-7d22-4c0a-9169-8acfb8baaa19,L1,Profile
916cbb50-7d22-4c0a-9169-8acfb8baaa19,L1,Profile
916cbb50-7d22-4c0a-9169-8acfb8baaa19,L1,Profile
916cbb50-7d22-4c0a-9169-8acfb8baaa19,L1,Profile
916cbb50-7d22-4c0a-9169-8acfb8baaa19,L1,Profile
916cbb50-7d22-4c0a-9169-8acfb8baaa19,L1,Profile
916cbb50-7d22-4c0a-9169-8acfb8baaa19,L1,Profile
916cbb50-7d22-4c0a-9169-8acfb8baaa19,L1,Profile
916cbb50-7d22-4c0a-9169-8acfb8baaa19,L1,Profile
916cbb50-7d22-4c0a-9169-8acfb8baaa19,L1,Profile
916cbb50-7d22-4c0a-9169-8acfb8baaa19,L1,Profile
916cbb50-7d22-4c0a-9169-8acfb8baaa19,L1,Profile
916cbb50-7d22-4c0a-9169-8acfb8baaa19,L1,Profile
916cbb50-7d22-4c0a-9169-8acfb8baaa19,L1,Profile
916cbb50-7d22-4c0a-9169-8acfb8baaa19,L1,Profile
916cbb50-7d22-4c0a-9169-8acfb8baaa19,L1,Profile
916cbb50-7d22-4c0a-9169-8acfb8baaa19,L1,Profile
916cbb50-7d22-4c0a-9169-8acfb8baaa19,L1,Profile
916cbb50-7d22-4c0a-9169-8acfb8baaa19,L1,Profile
916cbb50-7d22-4c0a-9169-8acfb8baaa19,L1,Profile
916cbb50-7d22-4c0a-9169-8acfb8baaa19,L1,Profile
916cbb50-7d22-4c0a-9169-8acfb8baaa19,L1,Profile
916cbb50-7d22-4c0a-9169-8acfb8baaa19,L1,Profile
916cbb50-7d22-4c0a-9169-8acfb8baaa19,L1,Profile
916cbb50-7d22-4c0a-9169-8acfb8baaa19,L1,Profile
916cbb50-7d22-4c0a-9169-8acfb8baaa19,L1,Profile
916cbb50-7d22-4c0a-9169-8acfb8baaa19,L1,Profile
916cbb50-7d22-4c0a-9169-8acfb8baaa19,L1,Profile
916cbb50-7d22-4c0a-9169-8acfb8baaa19,L1,Profile
916cbb50-7d22-4c0a-9169-8acfb8baaa19,L1,Profile
916cbb50-7d22-4c0a-9169-8acfb8baaa19,L1,Profile
916cbb50-7d22-4c0a-9169-8acfb8baaa19,L1,Profile
916cbb50-7d22-4c0a-9169-8acfb8baaa19,L1,Profile
916cbb50-7d22-4c0a-9169-8acfb8baaa19,L1,Profile
916cbb50-7d22-4c0a-9169-8acfb8baaa19,L1,Profile
916cbb50-7d22-4c0a-9169-8acfb8baaa19,L1,Profile
916cbb50-7d22-4c0a-9169-8acfb8baaa19,L1,Profile
916cbb50-7d22-4c0a-9169-8acfb8baaa19,L1,Profile
916cbb50-7d22-4c0a-9169-8acfb8baaa19,L1,Profile
916cbb50-7d22-4c0a-9169-8acfb8baaa19,L1,Profile
916cbb50-7d22-4c0a-9169-8acfb8baaa19,L1,Profile
916cbb50-7d22-4c0a-9169-8acfb8baaa19,L1,Profile
916cbb50-7d22-4c0a-9169-8acfb8baaa19,L1,Profile
916cbb50-7d22-4c0a-9169-8acfb8baaa19,L1,Profile
916cbb50-7d22-4c0a-9169-8acfb8baaa19,L1,Profile
916cbb50-7d22-4c0a-9169-8acfb8baaa19,L1,Profile
916cbb50-7d22-4c0a-9169-8acfb8baaa19,L1,Profile
916cbb50-7d22-4c0a-9169-8acfb8baaa19,L1,Profile
916cbb50-7d22-4c0a-9169-8acfb8baaa19,L1,Profile
916cbb50-7d22-4c0a-9169-8acfb8baaa19,L1,Profile
916cbb50-7d22-4c0a-9169-8acfb8baaa19,L1,Profile
916cbb50-7d22-4c0a-9169-8acfb8baaa19,L1,Profile
916cbb50-7d22-4c0a-9169-8acfb8baaa19,L1,Profile
916cbb50-7d22-4c0a-9169-8acfb8baaa19,L1,Profile
916cbb50-7d22-4c0a-9169-8acfb8baaa19,L1,Profile
916cbb50-7d22-4c0a-9169-8acfb8baaa19,L1,Profile
916cbb50-7d22-4c0a-9169-8acfb8baaa19,L1,Profile
916cbb50-7d22-4c0a-9169-8acfb8baaa19,L1,Profile
916cbb50-7d22-4c0a-9169-8acfb8baaa19,L1,Profile
916cbb50-7d22-4c0a-9169-8acfb8baaa19,L1,Profile
916cbb50-7d22-4c0a-9169-8acfb8baaa19,L1,Profile
916cbb50-7d22-4c0a-9169-8acfb8baaa19,L1,Profile
916cbb50-7d22-4c0a-9169-8acfb8baaa19,L1,Profile
916cbb50-7d22-4c0a-9169-8acfb8baaa19,L1,Profile
916cbb50-7d22-4c0a-9169-8acfb8baaa19,L1,Profile
916cbb50-7d22-4c0a-9169-8acfb8baaa19,L1,Profile
916cbb50-7d22-4c0a-9169-8acfb8baaa19,L1,Profile
916cbb50-7d22-4c0a-9169-8acfb8baaa19,L1,Profile
916cbb50-7d22-4c0a-9169-8acfb8baaa19,L1,Profile
916cbb50-7d22-4c0a-9169-8acfb8baaa19,L1,Profile
916cbb50-7d22-4c0a-9169-8acfb8baaa19,L1,Profile
916cbb50-7d22-4c0a-9169-8acfb8baaa19,L1,Profile
916cbb50-7d22-4c0a-9169-8acfb8baaa19,L1,Profile
916cbb50-7d22-4c0a-9169-8acfb8baaa19,L1,Profile
916cbb50-7d22-4c0a-9169-8acfb8baaa19,L1,Profile
916cbb50-7d22-4c0a-9169-8acfb8baaa19,L1,Profile
916cbb50-7d22-4c0a-9169-8acfb8baaa19,L1,Profile
916cbb50-7d22-4c0a-9169-8acfb8baaa19,L1,Profile
916cbb50-7d22-4c0a-9169-8acfb8baaa19,L1,Profile
916cbb50-7d22-4c0a-9169-8acfb8baaa19,L1,Profile
916cbb50-7d22-4c0a-9169-8acfb8baaa19,L1,Profile
916cbb50-7d22-4c0a-9169-8acfb8baaa19,L1,Profile
916cbb50-7d22-4c0a-9169-8acfb8baaa19,L1,Profile
916cbb50-7d22-4c0a-9169-8acfb8baaa19,L1,Profile
916cbb50-7d22-4c0a-9169-8acfb8baaa19,L1,Profile
916cbb50-7d22-4c0a-9169-8acfb8baaa19,L1,Profile
916cbb50-7d22-4c0a-9169-8acfb8baaa19,L1,Profile
916cbb50-7d22-4c0a-9169-8acfb8baaa19,L1,Profile
916cbb50-7d22-4c0a-9169-8acfb8baaa19,L1,Profile
916cbb50-7d22-4c0a-9169-8acfb8baaa19,L1,Profile
916cbb50-7d22-4c0a-9169-8acfb8baaa19,L1,Profile
916cbb50-7d22-4c0a-9169-8acfb8baaa19,L1,Profile
916cbb50-7d22-4c0a-9169-8acfb8baaa19,L1,Profile
916cbb50-7d22-4c0a-9169-8acfb8baaa19,L1,Profile
916cbb50-7d22-4c0a-9169-8acfb8baaa19,L1,Profile
916cbb50-7d22-4c0a-9169-8acfb8baaa19,L1,Profile
916cbb50-7d22-4c0a-9169-8acfb8baaa19,L1,Profile
916cbb50-7d22-4c0a-9169-8acfb8baaa19,L1,Profile
916cbb50-7d22-4c0a-9169-8acfb8baaa19,L1,Profile
916cbb50-7d22-4c0a-9169-8acfb8baaa19,L1,Profile
916cbb50-7d22-4c0a-9169-8acfb8baaa19,L1,Profile
916cbb50-7d22-4c0a-9169-8acfb8baaa19,L1,Profile
916cbb50-7d22-4c0a-9169-8acfb8baaa19,L1,Profile
916cbb50-7d22-4c0a-9169-8acfb8baaa19,L1,Profile
916cbb50-7d22-4c0a-9169-8acfb8baaa19,L1,Profile
916cbb50-7d22-4c0a-9169-8acfb8baaa19,L1,Profile
916cbb50-7d22-4c0a-9169-8acfb8baaa19,L1,Profile
916cbb50-7d22-4c0a-9169-8acfb8baaa19,L1,Profile
916cbb50-7d22-4c0a-9169-8acfb8baaa19,L1,Profile
916cbb50-7d22-4c0a-9169-8acfb8baaa19,L1,Profile
916cbb50-7d22-4c0a-9169-8acfb8baaa19,L1,Profile
916cbb50-7d22-4c0a-9169-8acfb8baaa19,L1,Profile
916cbb50-7d22-4c0a-9169-8acfb8baaa19,L1,Profile
916cbb50-7d22-4c0a-9169-8acfb8baaa19,L1,Profile
916cbb50-7d22-4c0a-9169-8acfb8baaa19,L1,Profile
916cbb50-7d22-4c0a-9169-8acfb8baaa19,L1,Profile
916cbb50-7d22-4c0a-9169-8acfb8baaa19,L1,Profile
916cbb50-7d22-4c0a-9169-8acfb8baaa19,L1,Profile
916cbb50-7d22-4c0a-9169-8acfb8baaa19,L1,Profile
916cbb50-7d22-4c0a-9169-8acfb8baaa19,L1,Profile
916cbb50-7d22-4c0a-9169-8acfb8baaa19,L1,Profile
916cbb50-7d22-4c0a-9169-8acfb8baaa19,L1,Profile
916cbb50-7d22-4c0a-9169-8acfb8baaa19,L1,Profile
916cbb50-7d22-4c0a-9169-8acfb8baaa19,L1,Profile
916cbb50-7d22-4c0a-9169-8acfb8baaa19,L1,Profile
916cbb50-7d22-4c0a-9169-8acfb8baaa19,L1,Profile
916cbb50-7d22-4c0a-9169-8acfb8baaa19,L1,Profile
916cbb50-7d22-4c0a-9169-8acfb8baaa19,L1,Profile
916cbb50-7d22-4c0a-9169-8acfb8baaa19,L1,Profile
916cbb50-7d22-4c0a-9169-8acfb8baaa19,L1,Profile
916cbb50-7d22-4c0a-9169-8acfb8baaa19,L1,Profile
916cbb50-7d22-4c0a-9169-8acfb8baaa19,L1,Profile
916cbb50-7d22-4c0a-9169-8acfb8baaa19,L1,Profile
916cbb50-7d22-4c0a-9169-8acfb8baaa19,L1,Profile
916cbb50-7d22-4c0a-9169-8acfb8baaa19,L1,Profile
916cbb50-7d22-4c0a-9169-8acfb8baaa19,L1,Profile
916cbb50-7d22-4c0a-9169-8acfb8baaa19,L1,Profile
916cbb50-7d22-4c0a-9169-8acfb8baaa19,L1,Profile
916cbb50-7d22-4c0a-9169-8acfb8baaa19,L1,Profile
916cbb50-7d22-4c0a-9169-8acfb8baaa19,L1,Profile
916cbb50-7d22-4c0a-9169-8acfb8baaa19,L1,Profile
916cbb50-7d22-4c0a-9169-8acfb8baaa19,L1,Profile
916cbb50-7d22-4c0a-9169-8acfb8baaa19,L1,Profile
916cbb50-7d22-4c0a-9169-8acfb8baaa19,L1,Profile
916cbb50-7d22-4c0a-9169-8acfb8baaa19,L1,Profile
916cbb50-7d22-4c0a-9169-8acfb8baaa19,L1,Profile
916cbb50-7d22-4c0a-9169-8acfb8baaa19,L1,Profile
916cbb50-7d22-4c0a-9169-8acfb8baaa19,L1,Profile
916cbb50-7d22-4c0a-9169-8acfb8baaa19,L1,Profile
916cbb50-7d22-4c0a-9169-8acfb8baaa19,L1,Profile
916cbb50-7d22-4c0a-9169-8acfb8baaa19,L1,Profile
916cbb50-7d22-4c0a-9169-8acfb8baaa19,L1,Profile
916cbb50-7d22-4c0a-9169-8acfb8baaa19,L1,Profile
916cbb50-7d22-4c0a-9169-8acfb8baaa19,L1,Profile
916cbb50-7d22-4c0a-9169-8acfb8baaa19,L1,Profile
916cbb50-7d22-4c0a-9169-8acfb8baaa19,L1,Profile
916cbb50-7d22-4c0a-9169-8acfb8baaa19,L1,Profile
916cbb50-7d22-4c0a-9169-8acfb8baaa19,L1,Profile
916cbb50-7d22-4c0a-9169-8acfb8baaa19,L1,Profile
916cbb50-7d22-4c0a-9169-8acfb8baaa19,L1,Profile
916cbb50-7d22-4c0a-9169-8acfb8baaa19,L1,Profile
916cbb50-7d22-4c0a-9169-8acfb8baaa19,L1,Profile
916cbb50-7d22-4c0a-9169-8acfb8baaa19,L1,Profile
916cbb50-7d22-4c0a-9169-8acfb8baaa19,L1,Profile
916cbb50-7d22-4c0a-9169-8acfb8baaa19,L1,Profile
916cbb50-7d22-4c0a-9169-8acfb8baaa19,L1,Profile
916cbb50-7d22-4c0a-9169-8acfb8baaa19,L1,Profile
916cbb50-7d22-4c0a-9169-8acfb8baaa19,L1,Profile
916cbb50-7d22-4c0a-9169-8acfb8baaa19,L1,Profile
916cbb50-7d22-4c0a-9169-8acfb8baaa19,L1,Profile
916cbb50-7d22-4c0a-9169-8acfb8baaa19,L1,Profile
916cbb50-7d22-4c0a-9169-8acfb8baaa19,L1,Profile
916cbb50-7d22-4c0a-9169-8acfb8baaa19,L1,Profile
916cbb50-7d22-4c0a-9169-8acfb8baaa19,L1,Profile
916cbb50-7d22-4c0a-9169-8acfb8baaa19,L1,Profile
916cbb50-7d22-4c0a-9169-8acfb8baaa19,L1,Profile
916cbb50-7d22-4c0a-9169-8acfb8baaa19,L1,Profile
916cbb50-7d22-4c0a-9169-8acfb8baaa19,L1,Profile
916cbb50-7d22-4c0a-9169-8acfb8baaa19,L1,Profile
916cbb50-7d22-4c0a-9169-8acfb8baaa19,L1,Profile
916cbb50-7d22-4c0a-9169-8acfb8baaa19,L1,Profile
916cbb50-7d22-4c0a-9169-8acfb8baaa19,L1,Profile
916cbb50-7d22-4c0a-9169-8acfb8baaa19,L1,Profile
916cbb50-7d22-4c0a-9169-8acfb8baaa19,L1,Profile
916cbb50-7d22-4c0a-9169-8acfb8baaa19,L1,Profile
916cbb50-7d22-4c0a-9169-8acfb8baaa19,L1,Profile
916cbb50-7d22-4c0a-9169-8acfb8baaa19,L1,Profile
916cbb50-7d22-4c0a-9169-8acfb8baaa19,L1,Profile
916cbb50-7d22-4c0a-9169-8acfb8baaa19,L1,Profile
916cbb50-7d22-4c0a-9169-8acfb8baaa19,L1,Profile
916cbb50-7d22-4c0a-9169-8acfb8baaa19,L1,Profile
916cbb50-7d22-4c0a-9169-8acfb8baaa19,L1,Profile
916cbb50-7d22-4c0a-9169-8acfb8baaa19,L1,Profile
916cbb50-7d22-4c0a-9169-8acfb8baaa19,L1,Profile
916cbb50-7d22-4c0a-9169-8acfb8baaa19,L1,Profile
916cbb50-7d22-4c0a-9169-8acfb8baaa19,L1,Profile
916cbb50-7d22-4c0a-9169-8acfb8baaa19,L1,Profile
916cbb50-7d22-4c0a-9169-8acfb8baaa19,L1,Profile
916cbb50-7d22-4c0a-9169-8acfb8baaa19,L1,Profile
916cbb50-7d22-4c0a-9169-8acfb8baaa19,L1,Profile
916cbb50-7d22-4c0a-9169-8acfb8baaa19,L1,Profile
916cbb50-7d22-4c0a-9169-8acfb8baaa19,L1,Profile
916cbb50-7d22-4c0a-9169-8acfb8baaa19,L1,Profile
916cbb50-7d22-4c0a-9169-8acfb8baaa19,L1,Profile
916cbb50-7d22-4c0a-9169-8acfb8baaa19,L1,Profile
916cbb50-7d22-4c0a-9169-8acfb8baaa19,L1,Profile
916cbb50-7d22-4c0a-9169-8acfb8baaa19,L1,Profile
916cbb50-7d22-4c0a-9169-8acfb8baaa19,L1,Profile
916cbb50-7d22-4c0a-9169-8acfb8baaa19,L1,Profile
916cbb50-7d22-4c0a-9169-8acfb8baaa19,L1,Profile
916cbb50-7d22-4c0a-9169-8acfb8baaa19,L1,Profile
916cbb50-7d22-4c0a-9169-8acfb8baaa19,L1,Profile
916cbb50-7d22-4c0a-9169-8acfb8baaa19,L1,Profile
916cbb50-7d22-4c0a-9169-8acfb8baaa19,L1,Profile
916cbb50-7d22-4c0a-9169-8acfb8baaa19,L1,Profile
916cbb50-7d22-4c0a-9169-8acfb8baaa19,L1,Profile
916cbb50-7d22-4c0a-9169-8acfb8baaa19,L1,Profile
916cbb50-7d22-4c0a-9169-8acfb8baaa19,L1,Profile
916cbb50-7d22-4c0a-9169-8acfb8baaa19,L1,Profile
916cbb50-7d22-4c0a-9169-8acfb8baaa19,L1,Profile
916cbb50-7d22-4c0a-9169-8acfb8baaa19,L1,Profile
916cbb50-7d22-4c0a-9169-8acfb8baaa19,L1,Profile
916cbb50-7d22-4c0a-9169-8acfb8baaa19,L1,Profile
916cbb50-7d22-4c0a-9169-8acfb8baaa19,L1,Profile
916cbb50-7d22-4c0a-9169-8acfb8baaa19,L1,Profile
916cbb50-7d22-4c0a-9169-8acfb8baaa19,L1,Profile
916cbb50-7d22-4c0a-9169-8acfb8baaa19,L1,Profile
916cbb50-7d22-4c0a-9169-8acfb8baaa19,L1,Profile
916cbb50-7d22-4c0a-9169-8acfb8baaa19,L1,Profile
916cbb50-7d22-4c0a-9169-8acfb8baaa19,L1,Profile
916cbb50-7d22-4c0a-9169-8acfb8baaa19,L1,Profile
916cbb50-7d22-4c0a-9169-8acfb8baaa19,L1,Profile
916cbb50-7d22-4c0a-9169-8acfb8baaa19,L1,Profile
916cbb50-7d22-4c0a-9169-8acfb8baaa19,L1,Profile
916cbb50-7d22-4c0a-9169-8acfb8baaa19,L1,Profile
916cbb50-7d22-4c0a-9169-8acfb8baaa19,L1,Profile
916cbb50-7d22-4c0a-9169-8acfb8baaa19,L1,Profile
916cbb50-7d22-4c0a-9169-8acfb8baaa19,L1,Profile
916cbb50-7d22-4c0a-9169-8acfb8baaa19,L1,Profile
916cbb50-7d22-4c0a-9169-8acfb8baaa19,L1,Profile
916cbb50-7d22-4c0a-9169-8acfb8baaa19,L1,Profile
916cbb50-7d22-4c0a-9169-8acfb8baaa19,L1,Profile
916cbb50-7d22-4c0a-9169-8acfb8baaa19,L1,Profile
916cbb50-7d22-4c0a-9169-8acfb8baaa19,L1,Profile
916cbb50-7d22-4c0a-9169-8acfb8baaa19,L1,Profile
916cbb50-7d22-4c0a-9169-8acfb8baaa19,L1,Profile
916cbb50-7d22-4c0a-9169-8acfb8baaa19,L1,Profile
916cbb50-7d22-4c0a-9169-8acfb8baaa19,L1,Profile
916cbb50-7d22-4c0a-9169-8acfb8baaa19,L1,Profile
916cbb50-7d22-4c0a-9169-8acfb8baaa19,L1,Profile
916cbb50-7d22-4c0a-9169-8acfb8baaa19,L1,Profile
916cbb50-7d22-4c0a-9169-8acfb8baaa19,L1,Profile
916cbb50-7d22-4c0a-9169-8acfb8baaa19,L1,Profile
916cbb50-7d22-4c0a-9169-8acfb8baaa19,L1,Profile
916cbb50-7d22-4c0a-9169-8acfb8baaa19,L1,Profile
916cbb50-7d22-4c0a-9169-8acfb8baaa19,L1,Profile
916cbb50-7d22-4c0a-9169-8acfb8baaa19,L1,Profile
916cbb50-7d22-4c0a-9169-8acfb8baaa19,L1,Profile
916cbb50-7d22-4c0a-9169-8acfb8baaa19,L1,Profile
916cbb50-7d22-4c0a-9169-8acfb8baaa19,L1,Profile
916cbb50-7d22-4c0a-9169-8acfb8baaa19,L1,Profile
916cbb50-7d22-4c0a-9169-8acfb8baaa19,L1,Profile
916cbb50-7d22-4c0a-9169-8acfb8baaa19,L1,Profile
916cbb50-7d22-4c0a-9169-8acfb8baaa19,L1,Profile
916cbb50-7d22-4c0a-9169-8acfb8baaa19,L1,Profile
916cbb50-7d22-4c0a-9169-8acfb8baaa19,L1,Profile
916cbb50-7d22-4c0a-9169-8acfb8baaa19,L1,Profile
916cbb50-7d22-4c0a-9169-8acfb8baaa19,L1,Profile
916cbb50-7d22-4c0a-9169-8acfb8baaa19,L1,Profile
916cbb50-7d22-4c0a-9169-8acfb8baaa19,L1,Profile
916cbb50-7d22-4c0a-9169-8acfb8baaa19,L1,Profile
916cbb50-7d22-4c0a-9169-8acfb8baaa19,L1,Profile
916cbb50-7d22-4c0a-9169-8acfb8baaa19,L1,Profile
916cbb50-7d22-4c0a-9169-8acfb8baaa19,L1,Profile
916cbb50-7d22-4c0a-9169-8acfb8baaa19,L1,Profile
916cbb50-7d22-4c0a-9169-8acfb8baaa19,L1,Profile
916cbb50-7d22-4c0a-9169-8acfb8baaa19,L1,Profile
916cbb50-7d22-4c0a-9169-8acfb8baaa19,L1,Profile
916cbb50-7d22-4c0a-9169-8acfb8baaa19,L1,Profile
916cbb50-7d22-4c0a-9169-8acfb8baaa19,L1,Profile
916cbb50-7d22-4c0a-9169-8acfb8baaa19,L1,Profile
916cbb50-7d22-4c0a-9169-8acfb8baaa19,L1,Profile
916cbb50-7d22-4c0a-9169-8acfb8baaa19,L1,Profile
916cbb50-7d22-4c0a-9169-8acfb8baaa19,L1,Profile
916cbb50-7d22-4c0a-9169-8acfb8baaa19,L1,Profile
916cbb50-7d22-4c0a-9169-8acfb8baaa19,L1,Profile
916cbb50-7d22-4c0a-9169-8acfb8baaa19,L1,Profile
916cbb50-7d22-4c0a-9169-8acfb8baaa19,L1,Profile
916cbb50-7d22-4c0a-9169-8acfb8baaa19,L1,Profile
916cbb50-7d22-4c0a-9169-8acfb8baaa19,L1,Profile
916cbb50-7d22-4c0a-9169-8acfb8baaa19,L1,Profile
916cbb50-7d22-4c0a-9169-8acfb8baaa19,L1,Profile
916cbb50-7d22-4c0a-9169-8acfb8baaa19,L1,Profile
916cbb50-7d22-4c0a-9169-8acfb8baaa19,L1,Profile
916cbb50-7d22-4c0a-9169-8acfb8baaa19,L1,Profile
916cbb50-7d22-4c0a-9169-8acfb8baaa19,L1,Profile
916cbb50-7d22-4c0a-9169-8acfb8baaa19,L1,Profile
916cbb50-7d22-4c0a-9169-8acfb8baaa19,L1,Profile
916cbb50-7d22-4c0a-9169-8acfb8baaa19,L1,Profile
916cbb50-7d22-4c0a-9169-8acfb8baaa19,L1,Profile
916cbb50-7d22-4c0a-9169-8acfb8baaa19,L1,Profile
916cbb50-7d22-4c0a-9169-8acfb8baaa19,L1,Profile
916cbb50-7d22-4c0a-9169-8acfb8baaa19,L1,Profile
916cbb50-7d22-4c0a-9169-8acfb8baaa19,L1,Profile
916cbb50-7d22-4c0a-9169-8acfb8baaa19,L1,Profile
916cbb50-7d22-4c0a-9169-8acfb8baaa19,L1,Profile
916cbb50-7d22-4c0a-9169-8acfb8baaa19,L1,Profile
916cbb50-7d22-4c0a-9169-8acfb8baaa19,L1,Profile
916cbb50-7d22-4c0a-9169-8acfb8baaa19,L1,Profile
916cbb50-7d22-4c0a-9169-8acfb8baaa19,L1,Profile
916cbb50-7d22-4c0a-9169-8acfb8baaa19,L1,Profile
916cbb50-7d22-4c0a-9169-8acfb8baaa19,L1,Profile
916cbb50-7d22-4c0a-9169-8acfb8baaa19,L1,Profile
916cbb50-7d22-4c0a-9169-8acfb8baaa19,L1,Profile
916cbb50-7d22-4c0a-9169-8acfb8baaa19,L1,Profile
916cbb50-7d22-4c0a-9169-8acfb8baaa19,L1,Profile
916cbb50-7d22-4c0a-9169-8acfb8baaa19,L1,Profile
916cbb50-7d22-4c0a-9169-8acfb8baaa19,L1,Profile
916cbb50-7d22-4c0a-9169-8acfb8baaa19,L1,Profile
916cbb50-7d22-4c0a-9169-8acfb8baaa19,L1,Profile
916cbb50-7d22-4c0a-9169-8acfb8baaa19,L1,Profile
916cbb50-7d22-4c0a-9169-8acfb8baaa19,L1,Profile
916cbb50-7d22-4c0a-9169-8acfb8baaa19,L1,Profile
916cbb50-7d22-4c0a-9169-8acfb8baaa19,L1,Profile
916cbb50-7d22-4c0a-9169-8acfb8baaa19,L1,Profile
916cbb50-7d22-4c0a-9169-8acfb8baaa19,L1,Profile
916cbb50-7d22-4c0a-9169-8acfb8baaa19,L1,Profile
916cbb50-7d22-4c0a-9169-8acfb8baaa19,L1,Profile
916cbb50-7d22-4c0a-9169-8acfb8baaa19,L1,Profile
916cbb50-7d22-4c0a-9169-8acfb8baaa19,L1,Profile
916cbb50-7d22-4c0a-9169-8acfb8baaa19,L1,Profile
916cbb50-7d22-4c0a-9169-8acfb8baaa19,L1,Profile
916cbb50-7d22-4c0a-9169-8acfb8baaa19,L1,Profile
916cbb50-7d22-4c0a-9169-8acfb8baaa19,L1,Profile
916cbb50-7d22-4c0a-9169-8acfb8baaa19,L1,Profile
916cbb50-7d22-4c0a-9169-8acfb8baaa19,L1,Profile
916cbb50-7d22-4c0a-9169-8acfb8baaa19,L1,Profile
916cbb50-7d22-4c0a-9169-8acfb8baaa19,L1,Profile
916cbb50-7d22-4c0a-9169-8acfb8baaa19,L1,Profile
916cbb50-7d22-4c0a-9169-8acfb8baaa19,L1,Profile
916cbb50-7d22-4c0a-9169-8acfb8baaa19,L1,Profile
916cbb50-7d22-4c0a-9169-8acfb8baaa19,L1,Profile
916cbb50-7d22-4c0a-9169-8acfb8baaa19,L1,Profile
916cbb50-7d22-4c0a-9169-8acfb8baaa19,L1,Profile
916cbb50-7d22-4c0a-9169-8acfb8baaa19,L1,Profile
916cbb50-7d22-4c0a-9169-8acfb8baaa19,L1,Profile
916cbb50-7d22-4c0a-9169-8acfb8baaa19,L1,Profile
916cbb50-7d22-4c0a-9169-8acfb8baaa19,L1,Profile
916cbb50-7d22-4c0a-9169-8acfb8baaa19,L1,Profile
916cbb50-7d22-4c0a-9169-8acfb8baaa19,L1,Profile
916cbb50-7d22-4c0a-9169-8acfb8baaa19,L1,Profile
916cbb50-7d22-4c0a-9169-8acfb8baaa19,L1,Profile
916cbb50-7d22-4c0a-9169-8acfb8baaa19,L1,Profile
916cbb50-7d22-4c0a-9169-8acfb8baaa19,L1,Profile
916cbb50-7d22-4c0a-9169-8acfb8baaa19,L1,Profile
916cbb50-7d22-4c0a-9169-8acfb8baaa19,L1,Profile
916cbb50-7d22-4c0a-9169-8acfb8baaa19,L1,Profile
916cbb50-7d22-4c0a-9169-8acfb8baaa19,L1,Profile
916cbb50-7d22-4c0a-9169-8acfb8baaa19,L1,Profile
916cbb50-7d22-4c0a-9169-8acfb8baaa19,L1,Profile
916cbb50-7d22-4c0a-9169-8acfb8baaa19,L1,Profile
916cbb50-7d22-4c0a-9169-8acfb8baaa19,L1,Profile
916cbb50-7d22-4c0a-9169-8acfb8baaa19,L1,Profile
916cbb50-7d22-4c0a-9169-8acfb8baaa19,L1,Profile
916cbb50-7d22-4c0a-9169-8acfb8baaa19,L1,Profile
916cbb50-7d22-4c0a-9169-8acfb8baaa19,L1,Profile
916cbb50-7d22-4c0a-9169-8acfb8baaa19,L1,Profile
916cbb50-7d22-4c0a-9169-8acfb8baaa19,L1,Profile
916cbb50-7d22-4c0a-9169-8acfb8baaa19,L1,Profile
916cbb50-7d22-4c0a-9169-8acfb8baaa19,L1,Profile
916cbb50-7d22-4c0a-9169-8acfb8baaa19,L1,Profile
916cbb50-7d22-4c0a-9169-8acfb8baaa19,L1,Profile
916cbb50-7d22-4c0a-9169-8acfb8baaa19,L1,Profile
916cbb50-7d22-4c0a-9169-8acfb8baaa19,L1,Profile
916cbb50-7d22-4c0a-9169-8acfb8baaa19,L1,Profile
916cbb50-7d22-4c0a-9169-8acfb8baaa19,L1,Profile
916cbb50-7d22-4c0a-9169-8acfb8baaa19,L1,Profile
916cbb50-7d22-4c0a-9169-8acfb8baaa19,L1,Profile
916cbb50-7d22-4c0a-9169-8acfb8baaa19,L1,Profile
916cbb50-7d22-4c0a-9169-8acfb8baaa19,L1,Profile
916cbb50-7d22-4c0a-9169-8acfb8baaa19,L1,Profile
916cbb50-7d22-4c0a-9169-8acfb8baaa19,L1,Profile
916cbb50-7d22-4c0a-9169-8acfb8baaa19,L1,Profile
916cbb50-7d22-4c0a-9169-8acfb8baaa19,L1,Profile
916cbb50-7d22-4c0a-9169-8acfb8baaa19,L1,Profile
916cbb50-7d22-4c0a-9169-8acfb8baaa19,L1,Profile
916cbb50-7d22-4c0a-9169-8acfb8baaa19,L1,Profile
916cbb50-7d22-4c0a-9169-8acfb8baaa19,L1,Profile
916cbb50-7d22-4c0a-9169-8acfb8baaa19,L1,Profile
916cbb50-7d22-4c0a-9169-8acfb8baaa19,L1,Profile
916cbb50-7d22-4c0a-9169-8acfb8baaa19,L1,Profile
916cbb50-7d22-4c0a-9169-8acfb8baaa19,L1,Profile
916cbb50-7d22-4c0a-9169-8acfb8baaa19,L1,Profile
916cbb50-7d22-4c0a-9169-8acfb8baaa19,L1,Profile
916cbb50-7d22-4c0a-9169-8acfb8baaa19,L1,Profile
916cbb50-7d22-4c0a-9169-8acfb8baaa19,L1,Profile
916cbb50-7d22-4c0a-9169-8acfb8baaa19,L1,Profile
916cbb50-7d22-4c0a-9169-8acfb8baaa19,L1,Profile
916cbb50-7d22-4c0a-9169-8acfb8baaa19,L1,Profile
916cbb50-7d22-4c0a-9169-8acfb8baaa19,L1,Profile
916cbb50-7d22-4c0a-9169-8acfb8baaa19,L1,Profile
916cbb50-7d22-4c0a-9169-8acfb8baaa19,L1,Profile
916cbb50-7d22-4c0a-9169-8acfb8baaa19,L1,Profile
916cbb50-7d22-4c0a-9169-8acfb8baaa19,L1,Profile
916cbb50-7d22-4c0a-9169-8acfb8baaa19,L1,Profile
916cbb50-7d22-4c0a-9169-8acfb8baaa19,L1,Profile
916cbb50-7d22-4c0a-9169-8acfb8baaa19,L1,Profile
916cbb50-7d22-4c0a-9169-8acfb8baaa19,L1,Profile
916cbb50-7d22-4c0a-9169-8acfb8baaa19,L1,Profile
916cbb50-7d22-4c0a-9169-8acfb8baaa19,L1,Profile
916cbb50-7d22-4c0a-9169-8acfb8baaa19,L1,Profile
916cbb50-7d22-4c0a-9169-8acfb8baaa19,L1,Profile
916cbb50-7d22-4c0a-9169-8acfb8baaa19,L1,Profile
916cbb50-7d22-4c0a-9169-8acfb8baaa19,L1,Profile
916cbb50-7d22-4c0a-9169-8acfb8baaa19,L1,Profile
916cbb50-7d22-4c0a-9169-8acfb8baaa19,L1,Profile
916cbb50-7d22-4c0a-9169-8acfb8baaa19,L1,Profile
916cbb50-7d22-4c0a-9169-8acfb8baaa19,L1,Profile
916cbb50-7d22-4c0a-9169-8acfb8baaa19,L1,Profile
916cbb50-7d22-4c0a-9169-8acfb8baaa19,L1,Profile
916cbb50-7d22-4c0a-9169-8acfb8baaa19,L1,Profile
916cbb50-7d22-4c0a-9169-8acfb8baaa19,L1,Profile
916cbb50-7d22-4c0a-9169-8acfb8baaa19,L1,Profile
916cbb50-7d22-4c0a-9169-8acfb8baaa19,L1,Profile
916cbb50-7d22-4c0a-9169-8acfb8baaa19,L1,Profile
916cbb50-7d22-4c0a-9169-8acfb8baaa19,L1,Profile
916cbb50-7d22-4c0a-9169-8acfb8baaa19,L1,Profile
916cbb50-7d22-4c0a-9169-8acfb8baaa19,L1,Profile
916cbb50-7d22-4c0a-9169-8acfb8baaa19,L1,Profile
916cbb50-7d22-4c0a-9169-8acfb8baaa19,L1,Profile
916cbb50-7d22-4c0a-9169-8acfb8baaa19,L1,Profile
916cbb50-7d22-4c0a-9169-8acfb8baaa19,L1,Profile
916cbb50-7d22-4c0a-9169-8acfb8baaa19,L1,Profile
916cbb50-7d22-4c0a-9169-8acfb8baaa19,L1,Profile
916cbb50-7d22-4c0a-9169-8acfb8baaa19,L1,Profile
916cbb50-7d22-4c0a-9169-8acfb8baaa19,L1,Profile
916cbb50-7d22-4c0a-9169-8acfb8baaa19,L1,Profile
916cbb50-7d22-4c0a-9169-8acfb8baaa19,L1,Profile
916cbb50-7d22-4c0a-9169-8acfb8baaa19,L1,Profile
916cbb50-7d22-4c0a-9169-8acfb8baaa19,L1,Profile
916cbb50-7d22-4c0a-9169-8acfb8baaa19,L1,Profile
916cbb50-7d22-4c0a-9169-8acfb8baaa19,L1,Profile
916cbb50-7d22-4c0a-9169-8acfb8baaa19,L1,Profile
916cbb50-7d22-4c0a-9169-8acfb8baaa19,L1,Profile
916cbb50-7d22-4c0a-9169-8acfb8baaa19,L1,Profile
916cbb50-7d22-4c0a-9169-8acfb8baaa19,L1,Profile
916cbb50-7d22-4c0a-9169-8acfb8baaa19,L1,Profile
916cbb50-7d22-4c0a-9169-8acfb8baaa19,L1,Profile
916cbb50-7d22-4c0a-9169-8acfb8baaa19,L1,Profile
916cbb50-7d22-4c0a-9169-8acfb8baaa19,L1,Profile
916cbb50-7d22-4c0a-9169-8acfb8baaa19,L1,Profile
916cbb50-7d22-4c0a-9169-8acfb8baaa19,L1,Profile
916cbb50-7d22-4c0a-9169-8acfb8baaa19,L1,Profile
916cbb50-7d22-4c0a-9169-8acfb8baaa19,L1,Profile
916cbb50-7d22-4c0a-9169-8acfb8baaa19,L1,Profile
916cbb50-7d22-4c0a-9169-8acfb8baaa19,L1,Profile
916cbb50-7d22-4c0a-9169-8acfb8baaa19,L1,Profile
916cbb50-7d22-4c0a-9169-8acfb8baaa19,L1,Profile
916cbb50-7d22-4c0a-9169-8acfb8baaa19,L1,Profile
916cbb50-7d22-4c0a-9169-8acfb8baaa19,L1,Profile
916cbb50-7d22-4c0a-9169-8acfb8baaa19,L1,Profile
916cbb50-7d22-4c0a-9169-8acfb8baaa19,L1,Profile
916cbb50-7d22-4c0a-9169-8acfb8baaa19,L1,Profile
916cbb50-7d22-4c0a-9169-8acfb8baaa19,L1,Profile
916cbb50-7d22-4c0a-9169-8acfb8baaa19,L1,Profile
916cbb50-7d22-4c0a-9169-8acfb8baaa19,L1,Profile
916cbb50-7d22-4c0a-9169-8acfb8baaa19,L1,Profile
916cbb50-7d22-4c0a-9169-8acfb8baaa19,L1,Profile
916cbb50-7d22-4c0a-9169-8acfb8baaa19,L1,Profile
916cbb50-7d22-4c0a-9169-8acfb8baaa19,L1,Profile
916cbb50-7d22-4c0a-9169-8acfb8baaa19,L1,Profile
916cbb50-7d22-4c0a-9169-8acfb8baaa19,L1,Profile
916cbb50-7d22-4c0a-9169-8acfb8baaa19,L1,Profile
916cbb50-7d22-4c0a-9169-8acfb8baaa19,L1,Profile
916cbb50-7d22-4c0a-9169-8acfb8baaa19,L1,Profile
916cbb50-7d22-4c0a-9169-8acfb8baaa19,L1,Profile
916cbb50-7d22-4c0a-9169-8acfb8baaa19,L1,Profile
916cbb50-7d22-4c0a-9169-8acfb8baaa19,L1,Profile
916cbb50-7d22-4c0a-9169-8acfb8baaa19,L1,Profile
916cbb50-7d22-4c0a-9169-8acfb8baaa19,L1,Profile
916cbb50-7d22-4c0a-9169-8acfb8baaa19,L1,Profile
916cbb50-7d22-4c0a-9169-8acfb8baaa19,L1,Profile
916cbb50-7d22-4c0a-9169-8acfb8baaa19,L1,Profile
916cbb50-7d22-4c0a-9169-8acfb8baaa19,L1,Profile
916cbb50-7d22-4c0a-9169-8acfb8baaa19,L1,Profile
916cbb50-7d22-4c0a-9169-8acfb8baaa19,L1,Profile
916cbb50-7d22-4c0a-9169-8acfb8baaa19,L1,Profile
916cbb50-7d22-4c0a-9169-8acfb8baaa19,L1,Profile
916cbb50-7d22-4c0a-9169-8acfb8baaa19,L1,Profile
916cbb50-7d22-4c0a-9169-8acfb8baaa19,L1,Profile
916cbb50-7d22-4c0a-9169-8acfb8baaa19,L1,Profile
916cbb50-7d22-4c0a-9169-8acfb8baaa19,L1,Profile
916cbb50-7d22-4c0a-9169-8acfb8baaa19,L1,Profile
916cbb50-7d22-4c0a-9169-8acfb8baaa19,L1,Profile
916cbb50-7d22-4c0a-9169-8acfb8baaa19,L1,Profile
916cbb50-7d22-4c0a-9169-8acfb8baaa19,L1,Profile
916cbb50-7d22-4c0a-9169-8acfb8baaa19,L1,Profile
916cbb50-7d22-4c0a-9169-8acfb8baaa19,L1,Profile
916cbb50-7d22-4c0a-9169-8acfb8baaa19,L1,Profile
916cbb50-7d22-4c0a-9169-8acfb8baaa19,L1,Profile
916cbb50-7d22-4c0a-9169-8acfb8baaa19,L1,Profile
916cbb50-7d22-4c0a-9169-8acfb8baaa19,L1,Profile
916cbb50-7d22-4c0a-9169-8acfb8baaa19,L1,Profile
916cbb50-7d22-4c0a-9169-8acfb8baaa19,L1,Profile
916cbb50-7d22-4c0a-9169-8acfb8baaa19,L1,Profile
916cbb50-7d22-4c0a-9169-8acfb8baaa19,L1,Profile
916cbb50-7d22-4c0a-9169-8acfb8baaa19,L1,Profile
916cbb50-7d22-4c0a-9169-8acfb8baaa19,L1,Profile
916cbb50-7d22-4c0a-9169-8acfb8baaa19,L1,Profile
916cbb50-7d22-4c0a-9169-8acfb8baaa19,L1,Profile
916cbb50-7d22-4c0a-9169-8acfb8baaa19,L1,Profile
916cbb50-7d22-4c0a-9169-8acfb8baaa19,L1,Profile
916cbb50-7d22-4c0a-9169-8acfb8baaa19,L1,Profile
916cbb50-7d22-4c0a-9169-8acfb8baaa19,L1,Profile
916cbb50-7d22-4c0a-9169-8acfb8baaa19,L1,Profile
916cbb50-7d22-4c0a-9169-8acfb8baaa19,L1,Profile
916cbb50-7d22-4c0a-9169-8acfb8baaa19,L1,Profile
916cbb50-7d22-4c0a-9169-8acfb8baaa19,L1,Profile
916cbb50-7d22-4c0a-9169-8acfb8baaa19,L1,Profile
916cbb50-7d22-4c0a-9169-8acfb8baaa19,L1,Profile
916cbb50-7d22-4c0a-9169-8acfb8baaa19,L1,Profile
916cbb50-7d22-4c0a-9169-8acfb8baaa19,L1,Profile
916cbb50-7d22-4c0a-9169-8acfb8baaa19,L1,Profile
916cbb50-7d22-4c0a-9169-8acfb8baaa19,L1,Profile
916cbb50-7d22-4c0a-9169-8acfb8baaa19,L1,Profile
916cbb50-7d22-4c0a-9169-8acfb8baaa19,L1,Profile
916cbb50-7d22-4c0a-9169-8acfb8baaa19,L1,Profile
916cbb50-7d22-4c0a-9169-8acfb8baaa19,L1,Profile
916cbb50-7d22-4c0a-9169-8acfb8baaa19,L1,Profile
916cbb50-7d22-4c0a-9169-8acfb8baaa19,L1,Profile
916cbb50-7d22-4c0a-9169-8acfb8baaa19,L1,Profile
916cbb50-7d22-4c0a-9169-8acfb8baaa19,L1,Profile
916cbb50-7d22-4c0a-9169-8acfb8baaa19,L1,Profile
916cbb50-7d22-4c0a-9169-8acfb8baaa19,L1,Profile
916cbb50-7d22-4c0a-9169-8acfb8baaa19,L1,Profile
916cbb50-7d22-4c0a-9169-8acfb8baaa19,L1,Profile
916cbb50-7d22-4c0a-9169-8acfb8baaa19,L1,Profile
916cbb50-7d22-4c0a-9169-8acfb8baaa19,L1,Profile
916cbb50-7d22-4c0a-9169-8acfb8baaa19,L1,Profile
916cbb50-7d22-4c0a-9169-8acfb8baaa19,L1,Profile
916cbb50-7d22-4c0a-9169-8acfb8baaa19,L1,Profile
916cbb50-7d22-4c0a-9169-8acfb8baaa19,L1,Profile
916cbb50-7d22-4c0a-9169-8acfb8baaa19,L1,Profile
916cbb50-7d22-4c0a-9169-8acfb8baaa19,L1,Profile
916cbb50-7d22-4c0a-9169-8acfb8baaa19,L1,Profile
916cbb50-7d22-4c0a-9169-8acfb8baaa19,L1,Profile
916cbb50-7d22-4c0a-9169-8acfb8baaa19,L1,Profile
916cbb50-7d22-4c0a-9169-8acfb8baaa19,L1,Profile
916cbb50-7d22-4c0a-9169-8acfb8baaa19,L1,Profile
916cbb50-7d22-4c0a-9169-8acfb8baaa19,L1,Profile
916cbb50-7d22-4c0a-9169-8acfb8baaa19,L1,Profile
916cbb50-7d22-4c0a-9169-8acfb8baaa19,L1,Profile
916cbb50-7d22-4c0a-9169-8acfb8baaa19,L1,Profile
916cbb50-7d22-4c0a-9169-8acfb8baaa19,L1,Profile
916cbb50-7d22-4c0a-9169-8acfb8baaa19,L1,Profile
916cbb50-7d22-4c0a-9169-8acfb8baaa19,L1,Profile
916cbb50-7d22-4c0a-9169-8acfb8baaa19,L1,Profile
916cbb50-7d22-4c0a-9169-8acfb8baaa19,L1,Profile
916cbb50-7d22-4c0a-9169-8acfb8baaa19,L1,Profile
916cbb50-7d22-4c0a-9169-8acfb8baaa19,L1,Profile
916cbb50-7d22-4c0a-9169-8acfb8baaa19,L1,Profile
916cbb50-7d22-4c0a-9169-8acfb8baaa19,L1,Profile
916cbb50-7d22-4c0a-9169-8acfb8baaa19,L1,Profile
916cbb50-7d22-4c0a-9169-8acfb8baaa19,L1,Profile
916cbb50-7d22-4c0a-9169-8acfb8baaa19,L1,Profile
916cbb50-7d22-4c0a-9169-8acfb8baaa19,L1,Profile
916cbb50-7d22-4c0a-9169-8acfb8baaa19,L1,Profile
916cbb50-7d22-4c0a-9169-8acfb8baaa19,L1,Profile
916cbb50-7d22-4c0a-9169-8acfb8baaa19,L1,Profile
916cbb50-7d22-4c0a-9169-8acfb8baaa19,L1,Profile
916cbb50-7d22-4c0a-9169-8acfb8baaa19,L1,Profile
916cbb50-7d22-4c0a-9169-8acfb8baaa19,L1,Profile
916cbb50-7d22-4c0a-9169-8acfb8baaa19,L1,Profile
916cbb50-7d22-4c0a-9169-8acfb8baaa19,L1,Profile
916cbb50-7d22-4c0a-9169-8acfb8baaa19,L1,Profile
916cbb50-7d22-4c0a-9169-8acfb8baaa19,L1,Profile
916cbb50-7d22-4c0a-9169-8acfb8baaa19,L1,Profile
916cbb50-7d22-4c0a-9169-8acfb8baaa19,L1,Profile
916cbb50-7d22-4c0a-9169-8acfb8baaa19,L1,Profile
916cbb50-7d22-4c0a-9169-8acfb8baaa19,L1,Profile
916cbb50-7d22-4c0a-9169-8acfb8baaa19,L1,Profile
916cbb50-7d22-4c0a-9169-8acfb8baaa19,L1,Profile
916cbb50-7d22-4c0a-9169-8acfb8baaa19,L1,Profile
916cbb50-7d22-4c0a-9169-8acfb8baaa19,L1,Profile
916cbb50-7d22-4c0a-9169-8acfb8baaa19,L1,Profile
916cbb50-7d22-4c0a-9169-8acfb8baaa19,L1,Profile
916cbb50-7d22-4c0a-9169-8acfb8baaa19,L1,Profile
916cbb50-7d22-4c0a-9169-8acfb8baaa19,L1,Profile
916cbb50-7d22-4c0a-9169-8acfb8baaa19,L1,Profile
916cbb50-7d22-4c0a-9169-8acfb8baaa19,L1,Profile
916cbb50-7d22-4c0a-9169-8acfb8baaa19,L1,Profile
916cbb50-7d22-4c0a-9169-8acfb8baaa19,L1,Profile
916cbb50-7d22-4c0a-9169-8acfb8baaa19,L1,Profile
916cbb50-7d22-4c0a-9169-8acfb8baaa19,L1,Profile
916cbb50-7d22-4c0a-9169-8acfb8baaa19,L1,Profile
916cbb50-7d22-4c0a-9169-8acfb8baaa19,L1,Profile
916cbb50-7d22-4c0a-9169-8acfb8baaa19,L1,Profile
916cbb50-7d22-4c0a-9169-8acfb8baaa19,L1,Profile
916cbb50-7d22-4c0a-9169-8acfb8baaa19,L1,Profile
916cbb50-7d22-4c0a-9169-8acfb8baaa19,L1,Profile
916cbb50-7d22-4c0a-9169-8acfb8baaa19,L1,Profile
916cbb50-7d22-4c0a-9169-8acfb8baaa19,L1,Profile
916cbb50-7d22-4c0a-9169-8acfb8baaa19,L1,Profile
916cbb50-7d22-4c0a-9169-8acfb8baaa19,L1,Profile
916cbb50-7d22-4c0a-9169-8acfb8baaa19,L1,Profile
916cbb50-7d22-4c0a-9169-8acfb8baaa19,L1,Profile
916cbb50-7d22-4c0a-9169-8acfb8baaa19,L1,Profile
916cbb50-7d22-4c0a-9169-8acfb8baaa19,L1,Profile
916cbb50-7d22-4c0a-9169-8acfb8baaa19,L1,Profile
916cbb50-7d22-4c0a-9169-8acfb8baaa19,L1,Profile
916cbb50-7d22-4c0a-9169-8acfb8baaa19,L1,Profile
916cbb50-7d22-4c0a-9169-8acfb8baaa19,L1,Profile
916cbb50-7d22-4c0a-9169-8acfb8baaa19,L1,Profile
916cbb50-7d22-4c0a-9169-8acfb8baaa19,L1,Profile
916cbb50-7d22-4c0a-9169-8acfb8baaa19,L1,Profile
916cbb50-7d22-4c0a-9169-8acfb8baaa19,L1,Profile
916cbb50-7d22-4c0a-9169-8acfb8baaa19,L1,Profile
916cbb50-7d22-4c0a-9169-8acfb8baaa19,L1,Profile
916cbb50-7d22-4c0a-9169-8acfb8baaa19,L1,Profile
916cbb50-7d22-4c0a-9169-8acfb8baaa19,L1,Profile
916cbb50-7d22-4c0a-9169-8acfb8baaa19,L1,Profile
916cbb50-7d22-4c0a-9169-8acfb8baaa19,L1,Profile
916cbb50-7d22-4c0a-9169-8acfb8baaa19,L1,Profile
916cbb50-7d22-4c0a-9169-8acfb8baaa19,L1,Profile
916cbb50-7d22-4c0a-9169-8acfb8baaa19,L1,Profile
916cbb50-7d22-4c0a-9169-8acfb8baaa19,L1,Profile
916cbb50-7d22-4c0a-9169-8acfb8baaa19,L1,Profile
916cbb50-7d22-4c0a-9169-8acfb8baaa19,L1,Profile
916cbb50-7d22-4c0a-9169-8acfb8baaa19,L1,Profile
916cbb50-7d22-4c0a-9169-8acfb8baaa19,L1,Profile
916cbb50-7d22-4c0a-9169-8acfb8baaa19,L1,Profile
916cbb50-7d22-4c0a-9169-8acfb8baaa19,L1,Profile
916cbb50-7d22-4c0a-9169-8acfb8baaa19,L1,Profile
916cbb50-7d22-4c0a-9169-8acfb8baaa19,L1,Profile
916cbb50-7d22-4c0a-9169-8acfb8baaa19,L1,Profile
916cbb50-7d22-4c0a-9169-8acfb8baaa19,L1,Profile
916cbb50-7d22-4c0a-9169-8acfb8baaa19,L1,Profile
916cbb50-7d22-4c0a-9169-8acfb8baaa19,L1,Profile
916cbb50-7d22-4c0a-9169-8acfb8baaa19,L1,Profile
916cbb50-7d22-4c0a-9169-8acfb8baaa19,L1,Profile
916cbb50-7d22-4c0a-9169-8acfb8baaa19,L1,Profile
916cbb50-7d22-4c0a-9169-8acfb8baaa19,L1,Profile
916cbb50-7d22-4c0a-9169-8acfb8baaa19,L1,Profile
916cbb50-7d22-4c0a-9169-8acfb8baaa19,L1,Profile
916cbb50-7d22-4c0a-9169-8acfb8baaa19,L1,Profile
916cbb50-7d22-4c0a-9169-8acfb8baaa19,L1,Profile
916cbb50-7d22-4c0a-9169-8acfb8baaa19,L1,Profile
916cbb50-7d22-4c0a-9169-8acfb8baaa19,L1,Profile
916cbb50-7d22-4c0a-9169-8acfb8baaa19,L1,Profile
916cbb50-7d22-4c0a-9169-8acfb8baaa19,L1,Profile
916cbb50-7d22-4c0a-9169-8acfb8baaa19,L1,Profile
916cbb50-7d22-4c0a-9169-8acfb8baaa19,L1,Profile
916cbb50-7d22-4c0a-9169-8acfb8baaa19,L1,Profile
916cbb50-7d22-4c0a-9169-8acfb8baaa19,L1,Profile
916cbb50-7d22-4c0a-9169-8acfb8baaa19,L1,Profile
916cbb50-7d22-4c0a-9169-8acfb8baaa19,L1,Profile
916cbb50-7d22-4c0a-9169-8acfb8baaa19,L1,Profile
916cbb50-7d22-4c0a-9169-8acfb8baaa19,L1,Profile
916cbb50-7d22-4c0a-9169-8acfb8baaa19,L1,Profile
916cbb50-7d22-4c0a-9169-8acfb8baaa19,L1,Profile
916cbb50-7d22-4c0a-9169-8acfb8baaa19,L1,Profile
916cbb50-7d22-4c0a-9169-8acfb8baaa19,L1,Profile
916cbb50-7d22-4c0a-9169-8acfb8baaa19,L1,Profile
916cbb50-7d22-4c0a-9169-8acfb8baaa19,L1,Profile
916cbb50-7d22-4c0a-9169-8acfb8baaa19,L1,Profile
916cbb50-7d22-4c0a-9169-8acfb8baaa19,L1,Profile
916cbb50-7d22-4c0a-9169-8acfb8baaa19,L1,Profile
916cbb50-7d22-4c0a-9169-8acfb8baaa19,L1,Profile
916cbb50-7d22-4c0a-9169-8acfb8baaa19,L1,Profile
916cbb50-7d22-4c0a-9169-8acfb8baaa19,L1,Profile
916cbb50-7d22-4c0a-9169-8acfb8baaa19,L1,Profile
916cbb50-7d22-4c0a-9169-8acfb8baaa19,L1,Profile
916cbb50-7d22-4c0a-9169-8acfb8baaa19,L1,Profile
916cbb50-7d22-4c0a-9169-8acfb8baaa19,L1,Profile
916cbb50-7d22-4c0a-9169-8acfb8baaa19,L1,Profile
916cbb50-7d22-4c0a-9169-8acfb8baaa19,L1,Profile
916cbb50-7d22-4c0a-9169-8acfb8baaa19,L1,Profile
916cbb50-7d22-4c0a-9169-8acfb8baaa19,L1,Profile
916cbb50-7d22-4c0a-9169-8acfb8baaa19,L1,Profile
916cbb50-7d22-4c0a-9169-8acfb8baaa19,L1,Profile
916cbb50-7d22-4c0a-9169-8acfb8baaa19,L1,Profile
916cbb50-7d22-4c0a-9169-8acfb8baaa19,L1,Profile
916cbb50-7d22-4c0a-9169-8acfb8baaa19,L1,Profile
916cbb50-7d22-4c0a-9169-8acfb8baaa19,L1,Profile
916cbb50-7d22-4c0a-9169-8acfb8baaa19,L1,Profile
916cbb50-7d22-4c0a-9169-8acfb8baaa19,L1,Profile
916cbb50-7d22-4c0a-9169-8acfb8baaa19,L1,Profile
916cbb50-7d22-4c0a-9169-8acfb8baaa19,L1,Profile
916cbb50-7d22-4c0a-9169-8acfb8baaa19,L1,Profile
916cbb50-7d22-4c0a-9169-8acfb8baaa19,L1,Profile
916cbb50-7d22-4c0a-9169-8acfb8baaa19,L1,Profile
916cbb50-7d22-4c0a-9169-8acfb8baaa19,L1,Profile
916cbb50-7d22-4c0a-9169-8acfb8baaa19,L1,Profile
916cbb50-7d22-4c0a-9169-8acfb8baaa19,L1,Profile
916cbb50-7d22-4c0a-9169-8acfb8baaa19,L1,Profile
916cbb50-7d22-4c0a-9169-8acfb8baaa19,L1,Profile
916cbb50-7d22-4c0a-9169-8acfb8baaa19,L1,Profile
916cbb50-7d22-4c0a-9169-8acfb8baaa19,L1,Profile
916cbb50-7d22-4c0a-9169-8acfb8baaa19,L1,Profile
916cbb50-7d22-4c0a-9169-8acfb8baaa19,L1,Profile
916cbb50-7d22-4c0a-9169-8acfb8baaa19,L1,Profile
916cbb50-7d22-4c0a-9169-8acfb8baaa19,L1,Profile
916cbb50-7d22-4c0a-9169-8acfb8baaa19,L1,Profile
916cbb50-7d22-4c0a-9169-8acfb8baaa19,L1,Profile
916cbb50-7d22-4c0a-9169-8acfb8baaa19,L1,Profile
916cbb50-7d22-4c0a-9169-8acfb8baaa19,L1,Profile
916cbb50-7d22-4c0a-9169-8acfb8baaa19,L1,Profile
916cbb50-7d22-4c0a-9169-8acfb8baaa19,L1,Profile
916cbb50-7d22-4c0a-9169-8acfb8baaa19,L1,Profile
916cbb50-7d22-4c0a-9169-8acfb8baaa19,L1,Profile
916cbb50-7d22-4c0a-9169-8acfb8baaa19,L1,Profile
916cbb50-7d22-4c0a-9169-8acfb8baaa19,L1,Profile
916cbb50-7d22-4c0a-9169-8acfb8baaa19,L1,Profile
916cbb50-7d22-4c0a-9169-8acfb8baaa19,L1,Profile
916cbb50-7d22-4c0a-9169-8acfb8baaa19,L1,Profile
916cbb50-7d22-4c0a-9169-8acfb8baaa19,L1,Profile
916cbb50-7d22-4c0a-9169-8acfb8baaa19,L1,Profile
916cbb50-7d22-4c0a-9169-8acfb8baaa19,L1,Profile
916cbb50-7d22-4c0a-9169-8acfb8baaa19,L1,Profile
916cbb50-7d22-4c0a-9169-8acfb8baaa19,L1,Profile
916cbb50-7d22-4c0a-9169-8acfb8baaa19,L1,Profile
916cbb50-7d22-4c0a-9169-8acfb8baaa19,L1,Profile
916cbb50-7d22-4c0a-9169-8acfb8baaa19,L1,Profile
916cbb50-7d22-4c0a-9169-8acfb8baaa19,L1,Profile
916cbb50-7d22-4c0a-9169-8acfb8baaa19,L1,Profile
916cbb50-7d22-4c0a-9169-8acfb8baaa19,L1,Profile
916cbb50-7d22-4c0a-9169-8acfb8baaa19,L1,Profile
916cbb50-7d22-4c0a-9169-8acfb8baaa19,L1,Profile
916cbb50-7d22-4c0a-9169-8acfb8baaa19,L1,Profile
916cbb50-7d22-4c0a-9169-8acfb8baaa19,L1,Profile
916cbb50-7d22-4c0a-9169-8acfb8baaa19,L1,Profile
916cbb50-7d22-4c0a-9169-8acfb8baaa19,L1,Profile
916cbb50-7d22-4c0a-9169-8acfb8baaa19,L1,Profile
916cbb50-7d22-4c0a-9169-8acfb8baaa19,L1,Profile
916cbb50-7d22-4c0a-9169-8acfb8baaa19,L1,Profile
916cbb50-7d22-4c0a-9169-8acfb8baaa19,L1,Profile
916cbb50-7d22-4c0a-9169-8acfb8baaa19,L1,Profile
916cbb50-7d22-4c0a-9169-8acfb8baaa19,L1,Profile
916cbb50-7d22-4c0a-9169-8acfb8baaa19,L1,Profile
916cbb50-7d22-4c0a-9169-8acfb8baaa19,L1,Profile
916cbb50-7d22-4c0a-9169-8acfb8baaa19,L1,Profile
916cbb50-7d22-4c0a-9169-8acfb8baaa19,L1,Profile
916cbb50-7d22-4c0a-9169-8acfb8baaa19,L1,Profile
916cbb50-7d22-4c0a-9169-8acfb8baaa19,L1,Profile
916cbb50-7d22-4c0a-9169-8acfb8baaa19,L1,Profile
916cbb50-7d22-4c0a-9169-8acfb8baaa19,L1,Profile
916cbb50-7d22-4c0a-9169-8acfb8baaa19,L1,Profile
916cbb50-7d22-4c0a-9169-8acfb8baaa19,L1,Profile
916cbb50-7d22-4c0a-9169-8acfb8baaa19,L1,Profile
916cbb50-7d22-4c0a-9169-8acfb8baaa19,L1,Profile
916cbb50-7d22-4c0a-9169-8acfb8baaa19,L1,Profile
916cbb50-7d22-4c0a-9169-8acfb8baaa19,L1,Profile
916cbb50-7d22-4c0a-9169-8acfb8baaa19,L1,Profile
916cbb50-7d22-4c0a-9169-8acfb8baaa19,L1,Profile
916cbb50-7d22-4c0a-9169-8acfb8baaa19,L1,Profile
916cbb50-7d22-4c0a-9169-8acfb8baaa19,L1,Profile
916cbb50-7d22-4c0a-9169-8acfb8baaa19,L1,Profile
916cbb50-7d22-4c0a-9169-8acfb8baaa19,L1,Profile
916cbb50-7d22-4c0a-9169-8acfb8baaa19,L1,Profile
916cbb50-7d22-4c0a-9169-8acfb8baaa19,L1,Profile
916cbb50-7d22-4c0a-9169-8acfb8baaa19,L1,Profile
916cbb50-7d22-4c0a-9169-8acfb8baaa19,L1,Profile
916cbb50-7d22-4c0a-9169-8acfb8baaa19,L1,Profile
916cbb50-7d22-4c0a-9169-8acfb8baaa19,L1,Profile
916cbb50-7d22-4c0a-9169-8acfb8baaa19,L1,Profile
916cbb50-7d22-4c0a-9169-8acfb8baaa19,L1,Profile
916cbb50-7d22-4c0a-9169-8acfb8baaa19,L1,Profile
916cbb50-7d22-4c0a-9169-8acfb8baaa19,L1,Profile
916cbb50-7d22-4c0a-9169-8acfb8baaa19,L1,Profile
916cbb50-7d22-4c0a-9169-8acfb8baaa19,L1,Profile
916cbb50-7d22-4c0a-9169-8acfb8baaa19,L1,Profile
916cbb50-7d22-4c0a-9169-8acfb8baaa19,L1,Profile
916cbb50-7d22-4c0a-9169-8acfb8baaa19,L1,Profile
916cbb50-7d22-4c0a-9169-8acfb8baaa19,L1,Profile
916cbb50-7d22-4c0a-9169-8acfb8baaa19,L1,Profile
916cbb50-7d22-4c0a-9169-8acfb8baaa19,L1,Profile
916cbb50-7d22-4c0a-9169-8acfb8baaa19,L1,Profile
916cbb50-7d22-4c0a-9169-8acfb8baaa19,L1,Profile
916cbb50-7d22-4c0a-9169-8acfb8baaa19,L1,Profile
916cbb50-7d22-4c0a-9169-8acfb8baaa19,L1,Profile
916cbb50-7d22-4c0a-9169-8acfb8baaa19,L1,Profile
916cbb50-7d22-4c0a-9169-8acfb8baaa19,L1,Profile
916cbb50-7d22-4c0a-9169-8acfb8baaa19,L1,Profile
916cbb50-7d22-4c0a-9169-8acfb8baaa19,L1,Profile
916cbb50-7d22-4c0a-9169-8acfb8baaa19,L1,Profile
916cbb50-7d22-4c0a-9169-8acfb8baaa19,L1,Profile
916cbb50-7d22-4c0a-9169-8acfb8baaa19,L1,Profile
916cbb50-7d22-4c0a-9169-8acfb8baaa19,L1,Profile
916cbb50-7d22-4c0a-9169-8acfb8baaa19,L1,Profile
916cbb50-7d22-4c0a-9169-8acfb8baaa19,L1,Profile
916cbb50-7d22-4c0a-9169-8acfb8baaa19,L1,Profile
916cbb50-7d22-4c0a-9169-8acfb8baaa19,L1,Profile
916cbb50-7d22-4c0a-9169-8acfb8baaa19,L1,Profile
916cbb50-7d22-4c0a-9169-8acfb8baaa19,L1,Profile
916cbb50-7d22-4c0a-9169-8acfb8baaa19,L1,Profile
916cbb50-7d22-4c0a-9169-8acfb8baaa19,L1,Profile
916cbb50-7d22-4c0a-9169-8acfb8baaa19,L1,Profile
916cbb50-7d22-4c0a-9169-8acfb8baaa19,L1,Profile
916cbb50-7d22-4c0a-9169-8acfb8baaa19,L1,Profile
916cbb50-7d22-4c0a-9169-8acfb8baaa19,L1,Profile
916cbb50-7d22-4c0a-9169-8acfb8baaa19,L1,Profile
916cbb50-7d22-4c0a-9169-8acfb8baaa19,L1,Profile
916cbb50-7d22-4c0a-9169-8acfb8baaa19,L1,Profile
916cbb50-7d22-4c0a-9169-8acfb8baaa19,L1,Profile
916cbb50-7d22-4c0a-9169-8acfb8baaa19,L1,Profile
916cbb50-7d22-4c0a-9169-8acfb8baaa19,L1,Profile
916cbb50-7d22-4c0a-9169-8acfb8baaa19,L1,Profile
916cbb50-7d22-4c0a-9169-8acfb8baaa19,L1,Profile
916cbb50-7d22-4c0a-9169-8acfb8baaa19,L1,Profile
916cbb50-7d22-4c0a-9169-8acfb8baaa19,L1,Profile
916cbb50-7d22-4c0a-9169-8acfb8baaa19,L1,Profile
916cbb50-7d22-4c0a-9169-8acfb8baaa19,L1,Profile
916cbb50-7d22-4c0a-9169-8acfb8baaa19,L1,Profile
916cbb50-7d22-4c0a-9169-8acfb8baaa19,L1,Profile
916cbb50-7d22-4c0a-9169-8acfb8baaa19,L1,Profile
916cbb50-7d22-4c0a-9169-8acfb8baaa19,L1,Profile
916cbb50-7d22-4c0a-9169-8acfb8baaa19,L1,Profile
916cbb50-7d22-4c0a-9169-8acfb8baaa19,L1,Profile
916cbb50-7d22-4c0a-9169-8acfb8baaa19,L1,Profile
916cbb50-7d22-4c0a-9169-8acfb8baaa19,L1,Profile
916cbb50-7d22-4c0a-9169-8acfb8baaa19,L1,Profile
916cbb50-7d22-4c0a-9169-8acfb8baaa19,L1,Profile
916cbb50-7d22-4c0a-9169-8acfb8baaa19,L1,Profile
916cbb50-7d22-4c0a-9169-8acfb8baaa19,L1,Profile
916cbb50-7d22-4c0a-9169-8acfb8baaa19,L1,Profile
916cbb50-7d22-4c0a-9169-8acfb8baaa19,L1,Profile
916cbb50-7d22-4c0a-9169-8acfb8baaa19,L1,Profile
916cbb50-7d22-4c0a-9169-8acfb8baaa19,L1,Profile
916cbb50-7d22-4c0a-9169-8acfb8baaa19,L1,Profile
916cbb50-7d22-4c0a-9169-8acfb8baaa19,L1,Profile
916cbb50-7d22-4c0a-9169-8acfb8baaa19,L1,Profile
916cbb50-7d22-4c0a-9169-8acfb8baaa19,L1,Profile
916cbb50-7d22-4c0a-9169-8acfb8baaa19,L1,Profile
916cbb50-7d22-4c0a-9169-8acfb8baaa19,L1,Profile
916cbb50-7d22-4c0a-9169-8acfb8baaa19,L1,Profile
916cbb50-7d22-4c0a-9169-8acfb8baaa19,L1,Profile
916cbb50-7d22-4c0a-9169-8acfb8baaa19,L1,Profile
916cbb50-7d22-4c0a-9169-8acfb8baaa19,L1,Profile
916cbb50-7d22-4c0a-9169-8acfb8baaa19,L1,Profile
916cbb50-7d22-4c0a-9169-8acfb8baaa19,L1,Profile
916cbb50-7d22-4c0a-9169-8acfb8baaa19,L1,Profile
916cbb50-7d22-4c0a-9169-8acfb8baaa19,L1,Profile
916cbb50-7d22-4c0a-9169-8acfb8baaa19,L1,Profile
916cbb50-7d22-4c0a-9169-8acfb8baaa19,L1,Profile
916cbb50-7d22-4c0a-9169-8acfb8baaa19,L1,Profile
916cbb50-7d22-4c0a-9169-8acfb8baaa19,L1,Profile
916cbb50-7d22-4c0a-9169-8acfb8baaa19,L1,Profile
916cbb50-7d22-4c0a-9169-8acfb8baaa19,L1,Profile
916cbb50-7d22-4c0a-9169-8acfb8baaa19,L1,Profile
916cbb50-7d22-4c0a-9169-8acfb8baaa19,L1,Profile
916cbb50-7d22-4c0a-9169-8acfb8baaa19,L1,Profile
916cbb50-7d22-4c0a-9169-8acfb8baaa19,L1,Profile
916cbb50-7d22-4c0a-9169-8acfb8baaa19,L1,Profile
916cbb50-7d22-4c0a-9169-8acfb8baaa19,L1,Profile
916cbb50-7d22-4c0a-9169-8acfb8baaa19,L1,Profile
916cbb50-7d22-4c0a-9169-8acfb8baaa19,L1,Profile
916cbb50-7d22-4c0a-9169-8acfb8baaa19,L1,Profile
916cbb50-7d22-4c0a-9169-8acfb8baaa19,L1,Profile
916cbb50-7d22-4c0a-9169-8acfb8baaa19,L1,Profile
916cbb50-7d22-4c0a-9169-8acfb8baaa19,L1,Profile
916cbb50-7d22-4c0a-9169-8acfb8baaa19,L1,Profile
916cbb50-7d22-4c0a-9169-8acfb8baaa19,L1,Profile
916cbb50-7d22-4c0a-9169-8acfb8baaa19,L1,Profile
916cbb50-7d22-4c0a-9169-8acfb8baaa19,L1,Profile
916cbb50-7d22-4c0a-9169-8acfb8baaa19,L1,Profile
916cbb50-7d22-4c0a-9169-8acfb8baaa19,L1,Profile
916cbb50-7d22-4c0a-9169-8acfb8baaa19,L1,Profile
916cbb50-7d22-4c0a-9169-8acfb8baaa19,L1,Profile
916cbb50-7d22-4c0a-9169-8acfb8baaa19,L1,Profile
916cbb50-7d22-4c0a-9169-8acfb8baaa19,L1,Profile
916cbb50-7d22-4c0a-9169-8acfb8baaa19,L1,Profile
916cbb50-7d22-4c0a-9169-8acfb8baaa19,L1,Profile
916cbb50-7d22-4c0a-9169-8acfb8baaa19,L1,Profile
916cbb50-7d22-4c0a-9169-8acfb8baaa19,L1,Profile
916cbb50-7d22-4c0a-9169-8acfb8baaa19,L1,Profile
916cbb50-7d22-4c0a-9169-8acfb8baaa19,L1,Profile
916cbb50-7d22-4c0a-9169-8acfb8baaa19,L1,Profile
916cbb50-7d22-4c0a-9169-8acfb8baaa19,L1,Profile
916cbb50-7d22-4c0a-9169-8acfb8baaa19,L1,Profile
916cbb50-7d22-4c0a-9169-8acfb8baaa19,L1,Profile
916cbb50-7d22-4c0a-9169-8acfb8baaa19,L1,Profile
916cbb50-7d22-4c0a-9169-8acfb8baaa19,L1,Profile
916cbb50-7d22-4c0a-9169-8acfb8baaa19,L1,Profile
916cbb50-7d22-4c0a-9169-8acfb8baaa19,L1,Profile
916cbb50-7d22-4c0a-9169-8acfb8baaa19,L1,Profile
916cbb50-7d22-4c0a-9169-8acfb8baaa19,L1,Profile
916cbb50-7d22-4c0a-9169-8acfb8baaa19,L1,Profile
916cbb50-7d22-4c0a-9169-8acfb8baaa19,L1,Profile
916cbb50-7d22-4c0a-9169-8acfb8baaa19,L1,Profile
916cbb50-7d22-4c0a-9169-8acfb8baaa19,L1,Profile
916cbb50-7d22-4c0a-9169-8acfb8baaa19,L1,Profile
916cbb50-7d22-4c0a-9169-8acfb8baaa19,L1,Profile
916cbb50-7d22-4c0a-9169-8acfb8baaa19,L1,Profile
916cbb50-7d22-4c0a-9169-8acfb8baaa19,L1,Profile
916cbb50-7d22-4c0a-9169-8acfb8baaa19,L1,Profile
916cbb50-7d22-4c0a-9169-8acfb8baaa19,L1,Profile
916cbb50-7d22-4c0a-9169-8acfb8baaa19,L1,Profile
916cbb50-7d22-4c0a-9169-8acfb8baaa19,L1,Profile
916cbb50-7d22-4c0a-9169-8acfb8baaa19,L1,Profile
916cbb50-7d22-4c0a-9169-8acfb8baaa19,L1,Profile
916cbb50-7d22-4c0a-9169-8acfb8baaa19,L1,Profile
916cbb50-7d22-4c0a-9169-8acfb8baaa19,L1,Profile
916cbb50-7d22-4c0a-9169-8acfb8baaa19,L1,Profile
916cbb50-7d22-4c0a-9169-8acfb8baaa19,L1,Profile
916cbb50-7d22-4c0a-9169-8acfb8baaa19,L1,Profile
916cbb50-7d22-4c0a-9169-8acfb8baaa19,L1,Profile
916cbb50-7d22-4c0a-9169-8acfb8baaa19,L1,Profile
916cbb50-7d22-4c0a-9169-8acfb8baaa19,L1,Profile
916cbb50-7d22-4c0a-9169-8acfb8baaa19,L1,Profile
916cbb50-7d22-4c0a-9169-8acfb8baaa19,L1,Profile
916cbb50-7d22-4c0a-9169-8acfb8baaa19,L1,Profile
916cbb50-7d22-4c0a-9169-8acfb8baaa19,L1,Profile
916cbb50-7d22-4c0a-9169-8acfb8baaa19,L1,Profile
916cbb50-7d22-4c0a-9169-8acfb8baaa19,L1,Profile
916cbb50-7d22-4c0a-9169-8acfb8baaa19,L1,Profile
916cbb50-7d22-4c0a-9169-8acfb8baaa19,L1,Profile
916cbb50-7d22-4c0a-9169-8acfb8baaa19,L1,Profile
916cbb50-7d22-4c0a-9169-8acfb8baaa19,L1,Profile
916cbb50-7d22-4c0a-9169-8acfb8baaa19,L1,Profile
916cbb50-7d22-4c0a-9169-8acfb8baaa19,L1,Profile
916cbb50-7d22-4c0a-9169-8acfb8baaa19,L1,Profile
916cbb50-7d22-4c0a-9169-8acfb8baaa19,L1,Profile
916cbb50-7d22-4c0a-9169-8acfb8baaa19,L1,Profile
916cbb50-7d22-4c0a-9169-8acfb8baaa19,L1,Profile
916cbb50-7d22-4c0a-9169-8acfb8baaa19,L1,Profile
916cbb50-7d22-4c0a-9169-8acfb8baaa19,L1,Profile
916cbb50-7d22-4c0a-9169-8acfb8baaa19,L1,Profile
916cbb50-7d22-4c0a-9169-8acfb8baaa19,L1,Profile
916cbb50-7d22-4c0a-9169-8acfb8baaa19,L1,Profile
916cbb50-7d22-4c0a-9169-8acfb8baaa19,L1,Profile
916cbb50-7d22-4c0a-9169-8acfb8baaa19,L1,Profile
916cbb50-7d22-4c0a-9169-8acfb8baaa19,L1,Profile
916cbb50-7d22-4c0a-9169-8acfb8baaa19,L1,Profile
916cbb50-7d22-4c0a-9169-8acfb8baaa19,L1,Profile
916cbb50-7d22-4c0a-9169-8acfb8baaa19,L1,Profile
916cbb50-7d22-4c0a-9169-8acfb8baaa19,L1,Profile
916cbb50-7d22-4c0a-9169-8acfb8baaa19,L1,Profile
916cbb50-7d22-4c0a-9169-8acfb8baaa19,L1,Profile
916cbb50-7d22-4c0a-9169-8acfb8baaa19,L1,Profile
916cbb50-7d22-4c0a-9169-8acfb8baaa19,L1,Profile
916cbb50-7d22-4c0a-9169-8acfb8baaa19,L1,Profile
916cbb50-7d22-4c0a-9169-8acfb8baaa19,L1,Profile
916cbb50-7d22-4c0a-9169-8acfb8baaa19,L1,Profile
916cbb50-7d22-4c0a-9169-8acfb8baaa19,L1,Profile
916cbb50-7d22-4c0a-9169-8acfb8baaa19,L1,Profile
916cbb50-7d22-4c0a-9169-8acfb8baaa19,L1,Profile
916cbb50-7d22-4c0a-9169-8acfb8baaa19,L1,Profile
916cbb50-7d22-4c0a-9169-8acfb8baaa19,L1,Profile
916cbb50-7d22-4c0a-9169-8acfb8baaa19,L1,Profile
916cbb50-7d22-4c0a-9169-8acfb8baaa19,L1,Profile
916cbb50-7d22-4c0a-9169-8acfb8baaa19,L1,Profile
916cbb50-7d22-4c0a-9169-8acfb8baaa19,L1,Profile
916cbb50-7d22-4c0a-9169-8acfb8baaa19,L1,Profile
916cbb50-7d22-4c0a-9169-8acfb8baaa19,L1,Profile
916cbb50-7d22-4c0a-9169-8acfb8baaa19,L1,Profile
916cbb50-7d22-4c0a-9169-8acfb8baaa19,L1,Profile
916cbb50-7d22-4c0a-9169-8acfb8baaa19,L1,Profile
916cbb50-7d22-4c0a-9169-8acfb8baaa19,L1,Profile
916cbb50-7d22-4c0a-9169-8acfb8baaa19,L1,Profile
916cbb50-7d22-4c0a-9169-8acfb8baaa19,L1,Profile
916cbb50-7d22-4c0a-9169-8acfb8baaa19,L1,Profile
916cbb50-7d22-4c0a-9169-8acfb8baaa19,L1,Profile
916cbb50-7d22-4c0a-9169-8acfb8baaa19,L1,Profile
916cbb50-7d22-4c0a-9169-8acfb8baaa19,L1,Profile
916cbb50-7d22-4c0a-9169-8acfb8baaa19,L1,Profile
916cbb50-7d22-4c0a-9169-8acfb8baaa19,L1,Profile
916cbb50-7d22-4c0a-9169-8acfb8baaa19,L1,Profile
916cbb50-7d22-4c0a-9169-8acfb8baaa19,L1,Profile
916cbb50-7d22-4c0a-9169-8acfb8baaa19,L1,Profile
916cbb50-7d22-4c0a-9169-8acfb8baaa19,L1,Profile
916cbb50-7d22-4c0a-9169-8acfb8baaa19,L1,Profile
916cbb50-7d22-4c0a-9169-8acfb8baaa19,L1,Profile
916cbb50-7d22-4c0a-9169-8acfb8baaa19,L1,Profile
916cbb50-7d22-4c0a-9169-8acfb8baaa19,L1,Profile
916cbb50-7d22-4c0a-9169-8acfb8baaa19,L1,Profile
916cbb50-7d22-4c0a-9169-8acfb8baaa19,L1,Profile
916cbb50-7d22-4c0a-9169-8acfb8baaa19,L1,Profile
916cbb50-7d22-4c0a-9169-8acfb8baaa19,L1,Profile
916cbb50-7d22-4c0a-9169-8acfb8baaa19,L1,Profile
916cbb50-7d22-4c0a-9169-8acfb8baaa19,L1,Profile
916cbb50-7d22-4c0a-9169-8acfb8baaa19,L1,Profile
916cbb50-7d22-4c0a-9169-8acfb8baaa19,L1,Profile
916cbb50-7d22-4c0a-9169-8acfb8baaa19,L1,Profile
916cbb50-7d22-4c0a-9169-8acfb8baaa19,L1,Profile
916cbb50-7d22-4c0a-9169-8acfb8baaa19,L1,Profile
916cbb50-7d22-4c0a-9169-8acfb8baaa19,L1,Profile
916cbb50-7d22-4c0a-9169-8acfb8baaa19,L1,Profile
916cbb50-7d22-4c0a-9169-8acfb8baaa19,L1,Profile
916cbb50-7d22-4c0a-9169-8acfb8baaa19,L1,Profile
916cbb50-7d22-4c0a-9169-8acfb8baaa19,L1,Profile
916cbb50-7d22-4c0a-9169-8acfb8baaa19,L1,Profile
916cbb50-7d22-4c0a-9169-8acfb8baaa19,L1,Profile
916cbb50-7d22-4c0a-9169-8acfb8baaa19,L1,Profile
916cbb50-7d22-4c0a-9169-8acfb8baaa19,L1,Profile
916cbb50-7d22-4c0a-9169-8acfb8baaa19,L1,Profile
916cbb50-7d22-4c0a-9169-8acfb8baaa19,L1,Profile
916cbb50-7d22-4c0a-9169-8acfb8baaa19,L1,Profile
916cbb50-7d22-4c0a-9169-8acfb8baaa19,L1,Profile
916cbb50-7d22-4c0a-9169-8acfb8baaa19,L1,Profile
916cbb50-7d22-4c0a-9169-8acfb8baaa19,L1,Profile
916cbb50-7d22-4c0a-9169-8acfb8baaa19,L1,Profile
916cbb50-7d22-4c0a-9169-8acfb8baaa19,L1,Profile
916cbb50-7d22-4c0a-9169-8acfb8baaa19,L1,Profile
916cbb50-7d22-4c0a-9169-8acfb8baaa19,L1,Profile
916cbb50-7d22-4c0a-9169-8acfb8baaa19,L1,Profile
916cbb50-7d22-4c0a-9169-8acfb8baaa19,L1,Profile
916cbb50-7d22-4c0a-9169-8acfb8baaa19,L1,Profile
916cbb50-7d22-4c0a-9169-8acfb8baaa19,L1,Profile
916cbb50-7d22-4c0a-9169-8acfb8baaa19,L1,Profile
916cbb50-7d22-4c0a-9169-8acfb8baaa19,L1,Profile
916cbb50-7d22-4c0a-9169-8acfb8baaa19,L1,Profile
916cbb50-7d22-4c0a-9169-8acfb8baaa19,L1,Profile
916cbb50-7d22-4c0a-9169-8acfb8baaa19,L1,Profile
916cbb50-7d22-4c0a-9169-8acfb8baaa19,L1,Profile
916cbb50-7d22-4c0a-9169-8acfb8baaa19,L1,Profile
916cbb50-7d22-4c0a-9169-8acfb8baaa19,L1,Profile
916cbb50-7d22-4c0a-9169-8acfb8baaa19,L1,Profile
916cbb50-7d22-4c0a-9169-8acfb8baaa19,L1,Profile
916cbb50-7d22-4c0a-9169-8acfb8baaa19,L1,Profile
916cbb50-7d22-4c0a-9169-8acfb8baaa19,L1,Profile
916cbb50-7d22-4c0a-9169-8acfb8baaa19,L1,Profile
916cbb50-7d22-4c0a-9169-8acfb8baaa19,L1,Profile
916cbb50-7d22-4c0a-9169-8acfb8baaa19,L1,Profile
916cbb50-7d22-4c0a-9169-8acfb8baaa19,L1,Profile
916cbb50-7d22-4c0a-9169-8acfb8baaa19,L1,Profile
916cbb50-7d22-4c0a-9169-8acfb8baaa19,L1,Profile
916cbb50-7d22-4c0a-9169-8acfb8baaa19,L1,Profile
916cbb50-7d22-4c0a-9169-8acfb8baaa19,L1,Profile
916cbb50-7d22-4c0a-9169-8acfb8baaa19,L1,Profile
916cbb50-7d22-4c0a-9169-8acfb8baaa19,L1,Profile
916cbb50-7d22-4c0a-9169-8acfb8baaa19,L1,Profile
916cbb50-7d22-4c0a-9169-8acfb8baaa19,L1,Profile
916cbb50-7d22-4c0a-9169-8acfb8baaa19,L1,Profile
916cbb50-7d22-4c0a-9169-8acfb8baaa19,L1,Profile
916cbb50-7d22-4c0a-9169-8acfb8baaa19,L1,Profile
916cbb50-7d22-4c0a-9169-8acfb8baaa19,L1,Profile
916cbb50-7d22-4c0a-9169-8acfb8baaa19,L1,Profile
916cbb50-7d22-4c0a-9169-8acfb8baaa19,L1,Profile
916cbb50-7d22-4c0a-9169-8acfb8baaa19,L1,Profile
916cbb50-7d22-4c0a-9169-8acfb8baaa19,L1,Profile
916cbb50-7d22-4c0a-9169-8acfb8baaa19,L1,Profile
916cbb50-7d22-4c0a-9169-8acfb8baaa19,L1,Profile
916cbb50-7d22-4c0a-9169-8acfb8baaa19,L1,Profile
916cbb50-7d22-4c0a-9169-8acfb8baaa19,L1,Profile
916cbb50-7d22-4c0a-9169-8acfb8baaa19,L1,Profile
916cbb50-7d22-4c0a-9169-8acfb8baaa19,L1,Profile
916cbb50-7d22-4c0a-9169-8acfb8baaa19,L1,Profile
916cbb50-7d22-4c0a-9169-8acfb8baaa19,L1,Profile
916cbb50-7d22-4c0a-9169-8acfb8baaa19,L1,Profile
916cbb50-7d22-4c0a-9169-8acfb8baaa19,L1,Profile
916cbb50-7d22-4c0a-9169-8acfb8baaa19,L1,Profile
916cbb50-7d22-4c0a-9169-8acfb8baaa19,L1,Profile
916cbb50-7d22-4c0a-9169-8acfb8baaa19,L1,Profile
916cbb50-7d22-4c0a-9169-8acfb8baaa19,L1,Profile
916cbb50-7d22-4c0a-9169-8acfb8baaa19,L1,Profile
916cbb50-7d22-4c0a-9169-8acfb8baaa19,L1,Profile
916cbb50-7d22-4c0a-9169-8acfb8baaa19,L1,Profile
916cbb50-7d22-4c0a-9169-8acfb8baaa19,L1,Profile
916cbb50-7d22-4c0a-9169-8acfb8baaa19,L1,Profile
916cbb50-7d22-4c0a-9169-8acfb8baaa19,L1,Profile
916cbb50-7d22-4c0a-9169-8acfb8baaa19,L1,Profile
916cbb50-7d22-4c0a-9169-8acfb8baaa19,L1,Profile
916cbb50-7d22-4c0a-9169-8acfb8baaa19,L1,Profile
916cbb50-7d22-4c0a-9169-8acfb8baaa19,L1,Profile
916cbb50-7d22-4c0a-9169-8acfb8baaa19,L1,Profile
916cbb50-7d22-4c0a-9169-8acfb8baaa19,L1,Profile
916cbb50-7d22-4c0a-9169-8acfb8baaa19,L1,Profile
916cbb50-7d22-4c0a-9169-8acfb8baaa19,L1,Profile
916cbb50-7d22-4c0a-9169-8acfb8baaa19,L1,Profile
916cbb50-7d22-4c0a-9169-8acfb8baaa19,L1,Profile
916cbb50-7d22-4c0a-9169-8acfb8baaa19,L1,Profile
916cbb50-7d22-4c0a-9169-8acfb8baaa19,L1,Profile
916cbb50-7d22-4c0a-9169-8acfb8baaa19,L1,Profile
916cbb50-7d22-4c0a-9169-8acfb8baaa19,L1,Profile
916cbb50-7d22-4c0a-9169-8acfb8baaa19,L1,Profile
916cbb50-7d22-4c0a-9169-8acfb8baaa19,L1,Profile
916cbb50-7d22-4c0a-9169-8acfb8baaa19,L1,Profile
916cbb50-7d22-4c0a-9169-8acfb8baaa19,L1,Profile
916cbb50-7d22-4c0a-9169-8acfb8baaa19,L1,Profile
916cbb50-7d22-4c0a-9169-8acfb8baaa19,L1,Profile
916cbb50-7d22-4c0a-9169-8acfb8baaa19,L1,Profile
916cbb50-7d22-4c0a-9169-8acfb8baaa19,L1,Profile
916cbb50-7d22-4c0a-9169-8acfb8baaa19,L1,Profile
916cbb50-7d22-4c0a-9169-8acfb8baaa19,L1,Profile
916cbb50-7d22-4c0a-9169-8acfb8baaa19,L1,Profile
916cbb50-7d22-4c0a-9169-8acfb8baaa19,L1,Profile
916cbb50-7d22-4c0a-9169-8acfb8baaa19,L1,Profile
916cbb50-7d22-4c0a-9169-8acfb8baaa19,L1,Profile
916cbb50-7d22-4c0a-9169-8acfb8baaa19,L1,Profile
916cbb50-7d22-4c0a-9169-8acfb8baaa19,L1,Profile
916cbb50-7d22-4c0a-9169-8acfb8baaa19,L1,Profile
916cbb50-7d22-4c0a-9169-8acfb8baaa19,L1,Profile
916cbb50-7d22-4c0a-9169-8acfb8baaa19,L1,Profile
916cbb50-7d22-4c0a-9169-8acfb8baaa19,L1,Profile
916cbb50-7d22-4c0a-9169-8acfb8baaa19,L1,Profile
916cbb50-7d22-4c0a-9169-8acfb8baaa19,L1,Profile
916cbb50-7d22-4c0a-9169-8acfb8baaa19,L1,Profile
916cbb50-7d22-4c0a-9169-8acfb8baaa19,L1,Profile
916cbb50-7d22-4c0a-9169-8acfb8baaa19,L1,Profile
916cbb50-7d22-4c0a-9169-8acfb8baaa19,L1,Profile
916cbb50-7d22-4c0a-9169-8acfb8baaa19,L1,Profile
916cbb50-7d22-4c0a-9169-8acfb8baaa19,L1,Profile
916cbb50-7d22-4c0a-9169-8acfb8baaa19,L1,Profile
916cbb50-7d22-4c0a-9169-8acfb8baaa19,L1,Profile
916cbb50-7d22-4c0a-9169-8acfb8baaa19,L1,Profile
916cbb50-7d22-4c0a-9169-8acfb8baaa19,L1,Profile
916cbb50-7d22-4c0a-9169-8acfb8baaa19,L1,Profile
916cbb50-7d22-4c0a-9169-8acfb8baaa19,L1,Profile
916cbb50-7d22-4c0a-9169-8acfb8baaa19,L1,Profile
916cbb50-7d22-4c0a-9169-8acfb8baaa19,L1,Profile
916cbb50-7d22-4c0a-9169-8acfb8baaa19,L1,Profile
916cbb50-7d22-4c0a-9169-8acfb8baaa19,L1,Profile
916cbb50-7d22-4c0a-9169-8acfb8baaa19,L1,Profile
916cbb50-7d22-4c0a-9169-8acfb8baaa19,L1,Profile
916cbb50-7d22-4c0a-9169-8acfb8baaa19,L1,Profile
916cbb50-7d22-4c0a-9169-8acfb8baaa19,L1,Profile
916cbb50-7d22-4c0a-9169-8acfb8baaa19,L1,Profile
916cbb50-7d22-4c0a-9169-8acfb8baaa19,L1,Profile
916cbb50-7d22-4c0a-9169-8acfb8baaa19,L1,Profile
916cbb50-7d22-4c0a-9169-8acfb8baaa19,L1,Profile
916cbb50-7d22-4c0a-9169-8acfb8baaa19,L1,Profile
916cbb50-7d22-4c0a-9169-8acfb8baaa19,L1,Profile
916cbb50-7d22-4c0a-9169-8acfb8baaa19,L1,Profile
916cbb50-7d22-4c0a-9169-8acfb8baaa19,L1,Profile
916cbb50-7d22-4c0a-9169-8acfb8baaa19,L1,Profile
916cbb50-7d22-4c0a-9169-8acfb8baaa19,L1,Profile
916cbb50-7d22-4c0a-9169-8acfb8baaa19,L1,Profile
916cbb50-7d22-4c0a-9169-8acfb8baaa19,L1,Profile
916cbb50-7d22-4c0a-9169-8acfb8baaa19,L1,Profile
916cbb50-7d22-4c0a-9169-8acfb8baaa19,L1,Profile
916cbb50-7d22-4c0a-9169-8acfb8baaa19,L1,Profile
916cbb50-7d22-4c0a-9169-8acfb8baaa19,L1,Profile
916cbb50-7d22-4c0a-9169-8acfb8baaa19,L1,Profile
916cbb50-7d22-4c0a-9169-8acfb8baaa19,L1,Profile
916cbb50-7d22-4c0a-9169-8acfb8baaa19,L1,Profile
916cbb50-7d22-4c0a-9169-8acfb8baaa19,L1,Profile
916cbb50-7d22-4c0a-9169-8acfb8baaa19,L1,Profile
916cbb50-7d22-4c0a-9169-8acfb8baaa19,L1,Profile
916cbb50-7d22-4c0a-9169-8acfb8baaa19,L1,Profile
916cbb50-7d22-4c0a-9169-8acfb8baaa19,L1,Profile
916cbb50-7d22-4c0a-9169-8acfb8baaa19,L1,Profile
916cbb50-7d22-4c0a-9169-8acfb8baaa19,L1,Profile
916cbb50-7d22-4c0a-9169-8acfb8baaa19,L1,Profile
916cbb50-7d22-4c0a-9169-8acfb8baaa19,L1,Profile
916cbb50-7d22-4c0a-9169-8acfb8baaa19,L1,Profile
916cbb50-7d22-4c0a-9169-8acfb8baaa19,L1,Profile
916cbb50-7d22-4c0a-9169-8acfb8baaa19,L1,Profile
916cbb50-7d22-4c0a-9169-8acfb8baaa19,L1,Profile
916cbb50-7d22-4c0a-9169-8acfb8baaa19,L1,Profile
916cbb50-7d22-4c0a-9169-8acfb8baaa19,L1,Profile
916cbb50-7d22-4c0a-9169-8acfb8baaa19,L1,Profile
916cbb50-7d22-4c0a-9169-8acfb8baaa19,L1,Profile
916cbb50-7d22-4c0a-9169-8acfb8baaa19,L1,Profile
916cbb50-7d22-4c0a-9169-8acfb8baaa19,L1,Profile
916cbb50-7d22-4c0a-9169-8acfb8baaa19,L1,Profile
916cbb50-7d22-4c0a-9169-8acfb8baaa19,L1,Profile
916cbb50-7d22-4c0a-9169-8acfb8baaa19,L1,Profile
916cbb50-7d22-4c0a-9169-8acfb8baaa19,L1,Profile
916cbb50-7d22-4c0a-9169-8acfb8baaa19,L1,Profile
916cbb50-7d22-4c0a-9169-8acfb8baaa19,L1,Profile
916cbb50-7d22-4c0a-9169-8acfb8baaa19,L1,Profile
916cbb50-7d22-4c0a-9169-8acfb8baaa19,L1,Profile
916cbb50-7d22-4c0a-9169-8acfb8baaa19,L1,Profile
916cbb50-7d22-4c0a-9169-8acfb8baaa19,L1,Profile
916cbb50-7d22-4c0a-9169-8acfb8baaa19,L1,Profile
916cbb50-7d22-4c0a-9169-8acfb8baaa19,L1,Profile
916cbb50-7d22-4c0a-9169-8acfb8baaa19,L1,Profile
916cbb50-7d22-4c0a-9169-8acfb8baaa19,L1,Profile
916cbb50-7d22-4c0a-9169-8acfb8baaa19,L1,Profile
916cbb50-7d22-4c0a-9169-8acfb8baaa19,L1,Profile
916cbb50-7d22-4c0a-9169-8acfb8baaa19,L1,Profile
916cbb50-7d22-4c0a-9169-8acfb8baaa19,L1,Profile
916cbb50-7d22-4c0a-9169-8acfb8baaa19,L1,Profile
916cbb50-7d22-4c0a-9169-8acfb8baaa19,L1,Profile
916cbb50-7d22-4c0a-9169-8acfb8baaa19,L1,Profile
916cbb50-7d22-4c0a-9169-8acfb8baaa19,L1,Profile
916cbb50-7d22-4c0a-9169-8acfb8baaa19,L1,Profile
916cbb50-7d22-4c0a-9169-8acfb8baaa19,L1,Profile
916cbb50-7d22-4c0a-9169-8acfb8baaa19,L1,Profile
916cbb50-7d22-4c0a-9169-8acfb8baaa19,L1,Profile
916cbb50-7d22-4c0a-9169-8acfb8baaa19,L1,Profile
916cbb50-7d22-4c0a-9169-8acfb8baaa19,L1,Profile
916cbb50-7d22-4c0a-9169-8acfb8baaa19,L1,Profile
916cbb50-7d22-4c0a-9169-8acfb8baaa19,L1,Profile
916cbb50-7d22-4c0a-9169-8acfb8baaa19,L1,Profile
916cbb50-7d22-4c0a-9169-8acfb8baaa19,L1,Profile
916cbb50-7d22-4c0a-9169-8acfb8baaa19,L1,Profile
916cbb50-7d22-4c0a-9169-8acfb8baaa19,L1,Profile
916cbb50-7d22-4c0a-9169-8acfb8baaa19,L1,Profile
916cbb50-7d22-4c0a-9169-8acfb8baaa19,L1,Profile
916cbb50-7d22-4c0a-9169-8acfb8baaa19,L1,Profile
916cbb50-7d22-4c0a-9169-8acfb8baaa19,L1,Profile
916cbb50-7d22-4c0a-9169-8acfb8baaa19,L1,Profile
916cbb50-7d22-4c0a-9169-8acfb8baaa19,L1,Profile
916cbb50-7d22-4c0a-9169-8acfb8baaa19,L1,Profile
916cbb50-7d22-4c0a-9169-8acfb8baaa19,L1,Profile
916cbb50-7d22-4c0a-9169-8acfb8baaa19,L1,Profile
916cbb50-7d22-4c0a-9169-8acfb8baaa19,L1,Profile
916cbb50-7d22-4c0a-9169-8acfb8baaa19,L1,Profile
916cbb50-7d22-4c0a-9169-8acfb8baaa19,L1,Profile
916cbb50-7d22-4c0a-9169-8acfb8baaa19,L1,Profile
916cbb50-7d22-4c0a-9169-8acfb8baaa19,L1,Profile
916cbb50-7d22-4c0a-9169-8acfb8baaa19,L1,Profile
916cbb50-7d22-4c0a-9169-8acfb8baaa19,L1,Profile
916cbb50-7d22-4c0a-9169-8acfb8baaa19,L1,Profile
916cbb50-7d22-4c0a-9169-8acfb8baaa19,L1,Profile
916cbb50-7d22-4c0a-9169-8acfb8baaa19,L1,Profile
916cbb50-7d22-4c0a-9169-8acfb8baaa19,L1,Profile
916cbb50-7d22-4c0a-9169-8acfb8baaa19,L1,Profile
916cbb50-7d22-4c0a-9169-8acfb8baaa19,L1,Profile
916cbb50-7d22-4c0a-9169-8acfb8baaa19,L1,Profile
916cbb50-7d22-4c0a-9169-8acfb8baaa19,L1,Profile
916cbb50-7d22-4c0a-9169-8acfb8baaa19,L1,Profile
916cbb50-7d22-4c0a-9169-8acfb8baaa19,L1,Profile
916cbb50-7d22-4c0a-9169-8acfb8baaa19,L1,Profile
916cbb50-7d22-4c0a-9169-8acfb8baaa19,L1,Profile
916cbb50-7d22-4c0a-9169-8acfb8baaa19,L1,Profile
916cbb50-7d22-4c0a-9169-8acfb8baaa19,L1,Profile
916cbb50-7d22-4c0a-9169-8acfb8baaa19,L1,Profile
916cbb50-7d22-4c0a-9169-8acfb8baaa19,L1,Profile
916cbb50-7d22-4c0a-9169-8acfb8baaa19,L1,Profile
916cbb50-7d22-4c0a-9169-8acfb8baaa19,L1,Profile
916cbb50-7d22-4c0a-9169-8acfb8baaa19,L1,Profile
916cbb50-7d22-4c0a-9169-8acfb8baaa19,L1,Profile
916cbb50-7d22-4c0a-9169-8acfb8baaa19,L1,Profile
916cbb50-7d22-4c0a-9169-8acfb8baaa19,L1,Profile
916cbb50-7d22-4c0a-9169-8acfb8baaa19,L1,Profile
916cbb50-7d22-4c0a-9169-8acfb8baaa19,L1,Profile
916cbb50-7d22-4c0a-9169-8acfb8baaa19,L1,Profile
916cbb50-7d22-4c0a-9169-8acfb8baaa19,L1,Profile
916cbb50-7d22-4c0a-9169-8acfb8baaa19,L1,Profile
916cbb50-7d22-4c0a-9169-8acfb8baaa19,L1,Profile
916cbb50-7d22-4c0a-9169-8acfb8baaa19,L1,Profile
916cbb50-7d22-4c0a-9169-8acfb8baaa19,L1,Profile
916cbb50-7d22-4c0a-9169-8acfb8baaa19,L1,Profile
916cbb50-7d22-4c0a-9169-8acfb8baaa19,L1,Profile
916cbb50-7d22-4c0a-9169-8acfb8baaa19,L1,Profile
916cbb50-7d22-4c0a-9169-8acfb8baaa19,L1,Profile
916cbb50-7d22-4c0a-9169-8acfb8baaa19,L1,Profile
916cbb50-7d22-4c0a-9169-8acfb8baaa19,L1,Profile
916cbb50-7d22-4c0a-9169-8acfb8baaa19,L1,Profile
916cbb50-7d22-4c0a-9169-8acfb8baaa19,L1,Profile
916cbb50-7d22-4c0a-9169-8acfb8baaa19,L1,Profile
916cbb50-7d22-4c0a-9169-8acfb8baaa19,L1,Profile
916cbb50-7d22-4c0a-9169-8acfb8baaa19,L1,Profile
916cbb50-7d22-4c0a-9169-8acfb8baaa19,L1,Profile
916cbb50-7d22-4c0a-9169-8acfb8baaa19,L1,Profile
916cbb50-7d22-4c0a-9169-8acfb8baaa19,L1,Profile
916cbb50-7d22-4c0a-9169-8acfb8baaa19,L1,Profile
916cbb50-7d22-4c0a-9169-8acfb8baaa19,L1,Profile
916cbb50-7d22-4c0a-9169-8acfb8baaa19,L1,Profile
916cbb50-7d22-4c0a-9169-8acfb8baaa19,L1,Profile
916cbb50-7d22-4c0a-9169-8acfb8baaa19,L1,Profile
916cbb50-7d22-4c0a-9169-8acfb8baaa19,L1,Profile
916cbb50-7d22-4c0a-9169-8acfb8baaa19,L1,Profile
916cbb50-7d22-4c0a-9169-8acfb8baaa19,L1,Profile
916cbb50-7d22-4c0a-9169-8acfb8baaa19,L1,Profile
916cbb50-7d22-4c0a-9169-8acfb8baaa19,L1,Profile
916cbb50-7d22-4c0a-9169-8acfb8baaa19,L1,Profile
916cbb50-7d22-4c0a-9169-8acfb8baaa19,L1,Profile
916cbb50-7d22-4c0a-9169-8acfb8baaa19,L1,Profile
916cbb50-7d22-4c0a-9169-8acfb8baaa19,L1,Profile
916cbb50-7d22-4c0a-9169-8acfb8baaa19,L1,Profile
916cbb50-7d22-4c0a-9169-8acfb8baaa19,L1,Profile
916cbb50-7d22-4c0a-9169-8acfb8baaa19,L1,Profile
916cbb50-7d22-4c0a-9169-8acfb8baaa19,L1,Profile
916cbb50-7d22-4c0a-9169-8acfb8baaa19,L1,Profile
916cbb50-7d22-4c0a-9169-8acfb8baaa19,L1,Profile
916cbb50-7d22-4c0a-9169-8acfb8baaa19,L1,Profile
916cbb50-7d22-4c0a-9169-8acfb8baaa19,L1,Profile
916cbb50-7d22-4c0a-9169-8acfb8baaa19,L1,Profile
916cbb50-7d22-4c0a-9169-8acfb8baaa19,L1,Profile
916cbb50-7d22-4c0a-9169-8acfb8baaa19,L1,Profile
916cbb50-7d22-4c0a-9169-8acfb8baaa19,L1,Profile
916cbb50-7d22-4c0a-9169-8acfb8baaa19,L1,Profile
916cbb50-7d22-4c0a-9169-8acfb8baaa19,L1,Profile
916cbb50-7d22-4c0a-9169-8acfb8baaa19,L1,Profile
916cbb50-7d22-4c0a-9169-8acfb8baaa19,L1,Profile
916cbb50-7d22-4c0a-9169-8acfb8baaa19,L1,Profile
916cbb50-7d22-4c0a-9169-8acfb8baaa19,L1,Profile
916cbb50-7d22-4c0a-9169-8acfb8baaa19,L1,Profile
916cbb50-7d22-4c0a-9169-8acfb8baaa19,L1,Profile
916cbb50-7d22-4c0a-9169-8acfb8baaa19,L1,Profile
916cbb50-7d22-4c0a-9169-8acfb8baaa19,L1,Profile
916cbb50-7d22-4c0a-9169-8acfb8baaa19,L1,Profile
916cbb50-7d22-4c0a-9169-8acfb8baaa19,L1,Profile
916cbb50-7d22-4c0a-9169-8acfb8baaa19,L1,Profile
916cbb50-7d22-4c0a-9169-8acfb8baaa19,L1,Profile
916cbb50-7d22-4c0a-9169-8acfb8baaa19,L1,Profile
916cbb50-7d22-4c0a-9169-8acfb8baaa19,L1,Profile
916cbb50-7d22-4c0a-9169-8acfb8baaa19,L1,Profile
916cbb50-7d22-4c0a-9169-8acfb8baaa19,L1,Profile
916cbb50-7d22-4c0a-9169-8acfb8baaa19,L1,Profile
916cbb50-7d22-4c0a-9169-8acfb8baaa19,L1,Profile
916cbb50-7d22-4c0a-9169-8acfb8baaa19,L1,Profile
916cbb50-7d22-4c0a-9169-8acfb8baaa19,L1,Profile
916cbb50-7d22-4c0a-9169-8acfb8baaa19,L1,Profile
916cbb50-7d22-4c0a-9169-8acfb8baaa19,L1,Profile
916cbb50-7d22-4c0a-9169-8acfb8baaa19,L1,Profile
916cbb50-7d22-4c0a-9169-8acfb8baaa19,L1,Profile
916cbb50-7d22-4c0a-9169-8acfb8baaa19,L1,Profile
916cbb50-7d22-4c0a-9169-8acfb8baaa19,L1,Profile
916cbb50-7d22-4c0a-9169-8acfb8baaa19,L1,Profile
916cbb50-7d22-4c0a-9169-8acfb8baaa19,L1,Profile
916cbb50-7d22-4c0a-9169-8acfb8baaa19,L1,Profile
916cbb50-7d22-4c0a-9169-8acfb8baaa19,L1,Profile
916cbb50-7d22-4c0a-9169-8acfb8baaa19,L1,Profile
916cbb50-7d22-4c0a-9169-8acfb8baaa19,L1,Profile
916cbb50-7d22-4c0a-9169-8acfb8baaa19,L1,Profile
916cbb50-7d22-4c0a-9169-8acfb8baaa19,L1,Profile
916cbb50-7d22-4c0a-9169-8acfb8baaa19,L1,Profile
916cbb50-7d22-4c0a-9169-8acfb8baaa19,L1,Profile
916cbb50-7d22-4c0a-9169-8acfb8baaa19,L1,Profile
916cbb50-7d22-4c0a-9169-8acfb8baaa19,L1,Profile
916cbb50-7d22-4c0a-9169-8acfb8baaa19,L1,Profile
916cbb50-7d22-4c0a-9169-8acfb8baaa19,L1,Profile
916cbb50-7d22-4c0a-9169-8acfb8baaa19,L1,Profile
916cbb50-7d22-4c0a-9169-8acfb8baaa19,L1,Profile
916cbb50-7d22-4c0a-9169-8acfb8baaa19,L1,Profile
916cbb50-7d22-4c0a-9169-8acfb8baaa19,L1,Profile
916cbb50-7d22-4c0a-9169-8acfb8baaa19,L1,Profile
916cbb50-7d22-4c0a-9169-8acfb8baaa19,L1,Profile
916cbb50-7d22-4c0a-9169-8acfb8baaa19,L1,Profile
916cbb50-7d22-4c0a-9169-8acfb8baaa19,L1,Profile
916cbb50-7d22-4c0a-9169-8acfb8baaa19,L1,Profile
916cbb50-7d22-4c0a-9169-8acfb8baaa19,L1,Profile
916cbb50-7d22-4c0a-9169-8acfb8baaa19,L1,Profile
916cbb50-7d22-4c0a-9169-8acfb8baaa19,L1,Profile
916cbb50-7d22-4c0a-9169-8acfb8baaa19,L1,Profile
916cbb50-7d22-4c0a-9169-8acfb8baaa19,L1,Profile
916cbb50-7d22-4c0a-9169-8acfb8baaa19,L1,Profile
916cbb50-7d22-4c0a-9169-8acfb8baaa19,L1,Profile
916cbb50-7d22-4c0a-9169-8acfb8baaa19,L1,Profile
916cbb50-7d22-4c0a-9169-8acfb8baaa19,L1,Profile
916cbb50-7d22-4c0a-9169-8acfb8baaa19,L1,Profile
916cbb50-7d22-4c0a-9169-8acfb8baaa19,L1,Profile
916cbb50-7d22-4c0a-9169-8acfb8baaa19,L1,Profile
916cbb50-7d22-4c0a-9169-8acfb8baaa19,L1,Profile
916cbb50-7d22-4c0a-9169-8acfb8baaa19,L1,Profile
916cbb50-7d22-4c0a-9169-8acfb8baaa19,L1,Profile
916cbb50-7d22-4c0a-9169-8acfb8baaa19,L1,Profile
916cbb50-7d22-4c0a-9169-8acfb8baaa19,L1,Profile
916cbb50-7d22-4c0a-9169-8acfb8baaa19,L1,Profile
916cbb50-7d22-4c0a-9169-8acfb8baaa19,L1,Profile
916cbb50-7d22-4c0a-9169-8acfb8baaa19,L1,Profile
916cbb50-7d22-4c0a-9169-8acfb8baaa19,L1,Profile
916cbb50-7d22-4c0a-9169-8acfb8baaa19,L1,Profile
916cbb50-7d22-4c0a-9169-8acfb8baaa19,L1,Profile
916cbb50-7d22-4c0a-9169-8acfb8baaa19,L1,Profile
916cbb50-7d22-4c0a-9169-8acfb8baaa19,L1,Profile
916cbb50-7d22-4c0a-9169-8acfb8baaa19,L1,Profile
916cbb50-7d22-4c0a-9169-8acfb8baaa19,L1,Profile
916cbb50-7d22-4c0a-9169-8acfb8baaa19,L1,Profile
916cbb50-7d22-4c0a-9169-8acfb8baaa19,L1,Profile
916cbb50-7d22-4c0a-9169-8acfb8baaa19,L1,Profile
916cbb50-7d22-4c0a-9169-8acfb8baaa19,L1,Profile
916cbb50-7d22-4c0a-9169-8acfb8baaa19,L1,Profile
916cbb50-7d22-4c0a-9169-8acfb8baaa19,L1,Profile
916cbb50-7d22-4c0a-9169-8acfb8baaa19,L1,Profile
916cbb50-7d22-4c0a-9169-8acfb8baaa19,L1,Profile
916cbb50-7d22-4c0a-9169-8acfb8baaa19,L1,Profile
916cbb50-7d22-4c0a-9169-8acfb8baaa19,L1,Profile
916cbb50-7d22-4c0a-9169-8acfb8baaa19,L1,Profile
916cbb50-7d22-4c0a-9169-8acfb8baaa19,L1,Profile
916cbb50-7d22-4c0a-9169-8acfb8baaa19,L1,Profile
916cbb50-7d22-4c0a-9169-8acfb8baaa19,L1,Profile
916cbb50-7d22-4c0a-9169-8acfb8baaa19,L1,Profile
916cbb50-7d22-4c0a-9169-8acfb8baaa19,L1,Profile
916cbb50-7d22-4c0a-9169-8acfb8baaa19,L1,Profile
916cbb50-7d22-4c0a-9169-8acfb8baaa19,L1,Profile
916cbb50-7d22-4c0a-9169-8acfb8baaa19,L1,Profile
916cbb50-7d22-4c0a-9169-8acfb8baaa19,L1,Profile
916cbb50-7d22-4c0a-9169-8acfb8baaa19,L1,Profile
916cbb50-7d22-4c0a-9169-8acfb8baaa19,L1,Profile
916cbb50-7d22-4c0a-9169-8acfb8baaa19,L1,Profile
916cbb50-7d22-4c0a-9169-8acfb8baaa19,L1,Profile
916cbb50-7d22-4c0a-9169-8acfb8baaa19,L1,Profile
916cbb50-7d22-4c0a-9169-8acfb8baaa19,L1,Profile
916cbb50-7d22-4c0a-9169-8acfb8baaa19,L1,Profile
916cbb50-7d22-4c0a-9169-8acfb8baaa19,L1,Profile
916cbb50-7d22-4c0a-9169-8acfb8baaa19,L1,Profile
916cbb50-7d22-4c0a-9169-8acfb8baaa19,L1,Profile
916cbb50-7d22-4c0a-9169-8acfb8baaa19,L1,Profile
916cbb50-7d22-4c0a-9169-8acfb8baaa19,L1,Profile
916cbb50-7d22-4c0a-9169-8acfb8baaa19,L1,Profile
916cbb50-7d22-4c0a-9169-8acfb8baaa19,L1,Profile
916cbb50-7d22-4c0a-9169-8acfb8baaa19,L1,Profile
916cbb50-7d22-4c0a-9169-8acfb8baaa19,L1,Profile
916cbb50-7d22-4c0a-9169-8acfb8baaa19,L1,Profile
916cbb50-7d22-4c0a-9169-8acfb8baaa19,L1,Profile
916cbb50-7d22-4c0a-9169-8acfb8baaa19,L1,Profile
916cbb50-7d22-4c0a-9169-8acfb8baaa19,L1,Profile
916cbb50-7d22-4c0a-9169-8acfb8baaa19,L1,Profile
916cbb50-7d22-4c0a-9169-8acfb8baaa19,L1,Profile
916cbb50-7d22-4c0a-9169-8acfb8baaa19,L1,Profile
916cbb50-7d22-4c0a-9169-8acfb8baaa19,L1,Profile
916cbb50-7d22-4c0a-9169-8acfb8baaa19,L1,Profile
916cbb50-7d22-4c0a-9169-8acfb8baaa19,L1,Profile
916cbb50-7d22-4c0a-9169-8acfb8baaa19,L1,Profile
916cbb50-7d22-4c0a-9169-8acfb8baaa19,L1,Profile
916cbb50-7d22-4c0a-9169-8acfb8baaa19,L1,Profile
916cbb50-7d22-4c0a-9169-8acfb8baaa19,L1,Profile
916cbb50-7d22-4c0a-9169-8acfb8baaa19,L1,Profile
916cbb50-7d22-4c0a-9169-8acfb8baaa19,L1,Profile
916cbb50-7d22-4c0a-9169-8acfb8baaa19,L1,Profile
916cbb50-7d22-4c0a-9169-8acfb8baaa19,L1,Profile
916cbb50-7d22-4c0a-9169-8acfb8baaa19,L1,Profile
916cbb50-7d22-4c0a-9169-8acfb8baaa19,L1,Profile
916cbb50-7d22-4c0a-9169-8acfb8baaa19,L1,Profile
916cbb50-7d22-4c0a-9169-8acfb8baaa19,L1,Profile
916cbb50-7d22-4c0a-9169-8acfb8baaa19,L1,Profile
916cbb50-7d22-4c0a-9169-8acfb8baaa19,L1,Profile
916cbb50-7d22-4c0a-9169-8acfb8baaa19,L1,Profile
916cbb50-7d22-4c0a-9169-8acfb8baaa19,L1,Profile
916cbb50-7d22-4c0a-9169-8acfb8baaa19,L1,Profile
916cbb50-7d22-4c0a-9169-8acfb8baaa19,L1,Profile
916cbb50-7d22-4c0a-9169-8acfb8baaa19,L1,Profile
916cbb50-7d22-4c0a-9169-8acfb8baaa19,L1,Profile
916cbb50-7d22-4c0a-9169-8acfb8baaa19,L1,Profile
916cbb50-7d22-4c0a-9169-8acfb8baaa19,L1,Profile
916cbb50-7d22-4c0a-9169-8acfb8baaa19,L1,Profile
916cbb50-7d22-4c0a-9169-8acfb8baaa19,L1,Profile
916cbb50-7d22-4c0a-9169-8acfb8baaa19,L1,Profile
916cbb50-7d22-4c0a-9169-8acfb8baaa19,L1,Profile
916cbb50-7d22-4c0a-9169-8acfb8baaa19,L1,Profile
916cbb50-7d22-4c0a-9169-8acfb8baaa19,L1,Profile
916cbb50-7d22-4c0a-9169-8acfb8baaa19,L1,Profile
916cbb50-7d22-4c0a-9169-8acfb8baaa19,L1,Profile
916cbb50-7d22-4c0a-9169-8acfb8baaa19,L1,Profile
916cbb50-7d22-4c0a-9169-8acfb8baaa19,L1,Profile
916cbb50-7d22-4c0a-9169-8acfb8baaa19,L1,Profile
916cbb50-7d22-4c0a-9169-8acfb8baaa19,L1,Profile
916cbb50-7d22-4c0a-9169-8acfb8baaa19,L1,Profile
916cbb50-7d22-4c0a-9169-8acfb8baaa19,L1,Profile
916cbb50-7d22-4c0a-9169-8acfb8baaa19,L1,Profile
916cbb50-7d22-4c0a-9169-8acfb8baaa19,L1,Profile
916cbb50-7d22-4c0a-9169-8acfb8baaa19,L1,Profile
916cbb50-7d22-4c0a-9169-8acfb8baaa19,L1,Profile
916cbb50-7d22-4c0a-9169-8acfb8baaa19,L1,Profile
916cbb50-7d22-4c0a-9169-8acfb8baaa19,L1,Profile
916cbb50-7d22-4c0a-9169-8acfb8baaa19,L1,Profile
916cbb50-7d22-4c0a-9169-8acfb8baaa19,L1,Profile
916cbb50-7d22-4c0a-9169-8acfb8baaa19,L1,Profile
916cbb50-7d22-4c0a-9169-8acfb8baaa19,L1,Profile
916cbb50-7d22-4c0a-9169-8acfb8baaa19,L1,Profile
916cbb50-7d22-4c0a-9169-8acfb8baaa19,L1,Profile
916cbb50-7d22-4c0a-9169-8acfb8baaa19,L1,Profile
916cbb50-7d22-4c0a-9169-8acfb8baaa19,L1,Profile
916cbb50-7d22-4c0a-9169-8acfb8baaa19,L1,Profile
916cbb50-7d22-4c0a-9169-8acfb8baaa19,L1,Profile
916cbb50-7d22-4c0a-9169-8acfb8baaa19,L1,Profile
916cbb50-7d22-4c0a-9169-8acfb8baaa19,L1,Profile
916cbb50-7d22-4c0a-9169-8acfb8baaa19,L1,Profile
916cbb50-7d22-4c0a-9169-8acfb8baaa19,L1,Profile
916cbb50-7d22-4c0a-9169-8acfb8baaa19,L1,Profile
916cbb50-7d22-4c0a-9169-8acfb8baaa19,L1,Profile
916cbb50-7d22-4c0a-9169-8acfb8baaa19,L1,Profile
916cbb50-7d22-4c0a-9169-8acfb8baaa19,L1,Profile
916cbb50-7d22-4c0a-9169-8acfb8baaa19,L1,Profile
916cbb50-7d22-4c0a-9169-8acfb8baaa19,L1,Profile
916cbb50-7d22-4c0a-9169-8acfb8baaa19,L1,Profile
916cbb50-7d22-4c0a-9169-8acfb8baaa19,L1,Profile
916cbb50-7d22-4c0a-9169-8acfb8baaa19,L1,Profile
916cbb50-7d22-4c0a-9169-8acfb8baaa19,L1,Profile
916cbb50-7d22-4c0a-9169-8acfb8baaa19,L1,Profile
916cbb50-7d22-4c0a-9169-8acfb8baaa19,L1,Profile
916cbb50-7d22-4c0a-9169-8acfb8baaa19,L1,Profile
916cbb50-7d22-4c0a-9169-8acfb8baaa19,L1,Profile
916cbb50-7d22-4c0a-9169-8acfb8baaa19,L1,Profile
916cbb50-7d22-4c0a-9169-8acfb8baaa19,L1,Profile
916cbb50-7d22-4c0a-9169-8acfb8baaa19,L1,Profile
916cbb50-7d22-4c0a-9169-8acfb8baaa19,L1,Profile
916cbb50-7d22-4c0a-9169-8acfb8baaa19,L1,Profile
916cbb50-7d22-4c0a-9169-8acfb8baaa19,L1,Profile
916cbb50-7d22-4c0a-9169-8acfb8baaa19,L1,Profile
916cbb50-7d22-4c0a-9169-8acfb8baaa19,L1,Profile
916cbb50-7d22-4c0a-9169-8acfb8baaa19,L1,Profile
916cbb50-7d22-4c0a-9169-8acfb8baaa19,L1,Profile
916cbb50-7d22-4c0a-9169-8acfb8baaa19,L1,Profile
916cbb50-7d22-4c0a-9169-8acfb8baaa19,L1,Profile
916cbb50-7d22-4c0a-9169-8acfb8baaa19,L1,Profile
916cbb50-7d22-4c0a-9169-8acfb8baaa19,L1,Profile
916cbb50-7d22-4c0a-9169-8acfb8baaa19,L1,Profile
916cbb50-7d22-4c0a-9169-8acfb8baaa19,L1,Profile
916cbb50-7d22-4c0a-9169-8acfb8baaa19,L1,Profile
916cbb50-7d22-4c0a-9169-8acfb8baaa19,L1,Profile
916cbb50-7d22-4c0a-9169-8acfb8baaa19,L1,Profile
916cbb50-7d22-4c0a-9169-8acfb8baaa19,L1,Profile
916cbb50-7d22-4c0a-9169-8acfb8baaa19,L1,Profile
916cbb50-7d22-4c0a-9169-8acfb8baaa19,L1,Profile
916cbb50-7d22-4c0a-9169-8acfb8baaa19,L1,Profile
916cbb50-7d22-4c0a-9169-8acfb8baaa19,L1,Profile
916cbb50-7d22-4c0a-9169-8acfb8baaa19,L1,Profile
916cbb50-7d22-4c0a-9169-8acfb8baaa19,L1,Profile
916cbb50-7d22-4c0a-9169-8acfb8baaa19,L1,Profile
916cbb50-7d22-4c0a-9169-8acfb8baaa19,L1,Profile
916cbb50-7d22-4c0a-9169-8acfb8baaa19,L1,Profile
916cbb50-7d22-4c0a-9169-8acfb8baaa19,L1,Profile
916cbb50-7d22-4c0a-9169-8acfb8baaa19,L1,Profile
916cbb50-7d22-4c0a-9169-8acfb8baaa19,L1,Profile
916cbb50-7d22-4c0a-9169-8acfb8baaa19,L1,Profile
916cbb50-7d22-4c0a-9169-8acfb8baaa19,L1,Profile
916cbb50-7d22-4c0a-9169-8acfb8baaa19,L1,Profile
916cbb50-7d22-4c0a-9169-8acfb8baaa19,L1,Profile
916cbb50-7d22-4c0a-9169-8acfb8baaa19,L1,Profile
916cbb50-7d22-4c0a-9169-8acfb8baaa19,L1,Profile
916cbb50-7d22-4c0a-9169-8acfb8baaa19,L1,Profile
916cbb50-7d22-4c0a-9169-8acfb8baaa19,L1,Profile
916cbb50-7d22-4c0a-9169-8acfb8baaa19,L1,Profile
916cbb50-7d22-4c0a-9169-8acfb8baaa19,L1,Profile
916cbb50-7d22-4c0a-9169-8acfb8baaa19,L1,Profile
916cbb50-7d22-4c0a-9169-8acfb8baaa19,L1,Profile
916cbb50-7d22-4c0a-9169-8acfb8baaa19,L1,Profile
916cbb50-7d22-4c0a-9169-8acfb8baaa19,L1,Profile
916cbb50-7d22-4c0a-9169-8acfb8baaa19,L1,Profile
916cbb50-7d22-4c0a-9169-8acfb8baaa19,L1,Profile
916cbb50-7d22-4c0a-9169-8acfb8baaa19,L1,Profile
916cbb50-7d22-4c0a-9169-8acfb8baaa19,L1,Profile
916cbb50-7d22-4c0a-9169-8acfb8baaa19,L1,Profile
916cbb50-7d22-4c0a-9169-8acfb8baaa19,L1,Profile
916cbb50-7d22-4c0a-9169-8acfb8baaa19,L1,Profile
916cbb50-7d22-4c0a-9169-8acfb8baaa19,L1,Profile
916cbb50-7d22-4c0a-9169-8acfb8baaa19,L1,Profile
916cbb50-7d22-4c0a-9169-8acfb8baaa19,L1,Profile
916cbb50-7d22-4c0a-9169-8acfb8baaa19,L1,Profile
916cbb50-7d22-4c0a-9169-8acfb8baaa19,L1,Profile
916cbb50-7d22-4c0a-9169-8acfb8baaa19,L1,Profile
916cbb50-7d22-4c0a-9169-8acfb8baaa19,L1,Profile
916cbb50-7d22-4c0a-9169-8acfb8baaa19,L1,Profile
916cbb50-7d22-4c0a-9169-8acfb8baaa19,L1,Profile
916cbb50-7d22-4c0a-9169-8acfb8baaa19,L1,Profile
916cbb50-7d22-4c0a-9169-8acfb8baaa19,L1,Profile
916cbb50-7d22-4c0a-9169-8acfb8baaa19,L1,Profile
916cbb50-7d22-4c0a-9169-8acfb8baaa19,L1,Profile
916cbb50-7d22-4c0a-9169-8acfb8baaa19,L1,Profile
916cbb50-7d22-4c0a-9169-8acfb8baaa19,L1,Profile
916cbb50-7d22-4c0a-9169-8acfb8baaa19,L1,Profile
916cbb50-7d22-4c0a-9169-8acfb8baaa19,L1,Profile
916cbb50-7d22-4c0a-9169-8acfb8baaa19,L1,Profile
916cbb50-7d22-4c0a-9169-8acfb8baaa19,L1,Profile
916cbb50-7d22-4c0a-9169-8acfb8baaa19,L1,Profile
916cbb50-7d22-4c0a-9169-8acfb8baaa19,L1,Profile
916cbb50-7d22-4c0a-9169-8acfb8baaa19,L1,Profile
916cbb50-7d22-4c0a-9169-8acfb8baaa19,L1,Profile
916cbb50-7d22-4c0a-9169-8acfb8baaa19,L1,Profile
916cbb50-7d22-4c0a-9169-8acfb8baaa19,L1,Profile
916cbb50-7d22-4c0a-9169-8acfb8baaa19,L1,Profile
916cbb50-7d22-4c0a-9169-8acfb8baaa19,L1,Profile
916cbb50-7d22-4c0a-9169-8acfb8baaa19,L1,Profile
916cbb50-7d22-4c0a-9169-8acfb8baaa19,L1,Profile
916cbb50-7d22-4c0a-9169-8acfb8baaa19,L1,Profile
916cbb50-7d22-4c0a-9169-8acfb8baaa19,L1,Profile
916cbb50-7d22-4c0a-9169-8acfb8baaa19,L1,Profile
916cbb50-7d22-4c0a-9169-8acfb8baaa19,L1,Profile
916cbb50-7d22-4c0a-9169-8acfb8baaa19,L1,Profile
916cbb50-7d22-4c0a-9169-8acfb8baaa19,L1,Profile
916cbb50-7d22-4c0a-9169-8acfb8baaa19,L1,Profile
916cbb50-7d22-4c0a-9169-8acfb8baaa19,L1,Profile
916cbb50-7d22-4c0a-9169-8acfb8baaa19,L1,Profile
916cbb50-7d22-4c0a-9169-8acfb8baaa19,L1,Profile
916cbb50-7d22-4c0a-9169-8acfb8baaa19,L1,Profile
916cbb50-7d22-4c0a-9169-8acfb8baaa19,L1,Profile
916cbb50-7d22-4c0a-9169-8acfb8baaa19,L1,Profile
916cbb50-7d22-4c0a-9169-8acfb8baaa19,L1,Profile
916cbb50-7d22-4c0a-9169-8acfb8baaa19,L1,Profile
916cbb50-7d22-4c0a-9169-8acfb8baaa19,L1,Profile
916cbb50-7d22-4c0a-9169-8acfb8baaa19,L1,Profile
916cbb50-7d22-4c0a-9169-8acfb8baaa19,L1,Profile
916cbb50-7d22-4c0a-9169-8acfb8baaa19,L1,Profile
916cbb50-7d22-4c0a-9169-8acfb8baaa19,L1,Profile
916cbb50-7d22-4c0a-9169-8acfb8baaa19,L1,Profile
916cbb50-7d22-4c0a-9169-8acfb8baaa19,L1,Profile
916cbb50-7d22-4c0a-9169-8acfb8baaa19,L1,Profile
916cbb50-7d22-4c0a-9169-8acfb8baaa19,L1,Profile
916cbb50-7d22-4c0a-9169-8acfb8baaa19,L1,Profile
916cbb50-7d22-4c0a-9169-8acfb8baaa19,L1,Profile
916cbb50-7d22-4c0a-9169-8acfb8baaa19,L1,Profile
916cbb50-7d22-4c0a-9169-8acfb8baaa19,L1,Profile
916cbb50-7d22-4c0a-9169-8acfb8baaa19,L1,Profile
916cbb50-7d22-4c0a-9169-8acfb8baaa19,L1,Profile
916cbb50-7d22-4c0a-9169-8acfb8baaa19,L1,Profile
916cbb50-7d22-4c0a-9169-8acfb8baaa19,L1,Profile
916cbb50-7d22-4c0a-9169-8acfb8baaa19,L1,Profile
916cbb50-7d22-4c0a-9169-8acfb8baaa19,L1,Profile
916cbb50-7d22-4c0a-9169-8acfb8baaa19,L1,Profile
916cbb50-7d22-4c0a-9169-8acfb8baaa19,L1,Profile
916cbb50-7d22-4c0a-9169-8acfb8baaa19,L1,Profile
916cbb50-7d22-4c0a-9169-8acfb8baaa19,L1,Profile
916cbb50-7d22-4c0a-9169-8acfb8baaa19,L1,Profile
916cbb50-7d22-4c0a-9169-8acfb8baaa19,L1,Profile
916cbb50-7d22-4c0a-9169-8acfb8baaa19,L1,Profile
916cbb50-7d22-4c0a-9169-8acfb8baaa19,L1,Profile
916cbb50-7d22-4c0a-9169-8acfb8baaa19,L1,Profile
916cbb50-7d22-4c0a-9169-8acfb8baaa19,L1,Profile
916cbb50-7d22-4c0a-9169-8acfb8baaa19,L1,Profile
916cbb50-7d22-4c0a-9169-8acfb8baaa19,L1,Profile
916cbb50-7d22-4c0a-9169-8acfb8baaa19,L1,Profile
916cbb50-7d22-4c0a-9169-8acfb8baaa19,L1,Profile
916cbb50-7d22-4c0a-9169-8acfb8baaa19,L1,Profile
916cbb50-7d22-4c0a-9169-8acfb8baaa19,L1,Profile
916cbb50-7d22-4c0a-9169-8acfb8baaa19,L1,Profile
916cbb50-7d22-4c0a-9169-8acfb8baaa19,L1,Profile
916cbb50-7d22-4c0a-9169-8acfb8baaa19,L1,Profile
916cbb50-7d22-4c0a-9169-8acfb8baaa19,L1,Profile
916cbb50-7d22-4c0a-9169-8acfb8baaa19,L1,Profile
916cbb50-7d22-4c0a-9169-8acfb8baaa19,L1,Profile
916cbb50-7d22-4c0a-9169-8acfb8baaa19,L1,Profile
916cbb50-7d22-4c0a-9169-8acfb8baaa19,L1,Profile
916cbb50-7d22-4c0a-9169-8acfb8baaa19,L1,Profile
916cbb50-7d22-4c0a-9169-8acfb8baaa19,L1,Profile
916cbb50-7d22-4c0a-9169-8acfb8baaa19,L1,Profile
916cbb50-7d22-4c0a-9169-8acfb8baaa19,L1,Profile
916cbb50-7d22-4c0a-9169-8acfb8baaa19,L1,Profile
916cbb50-7d22-4c0a-9169-8acfb8baaa19,L1,Profile
916cbb50-7d22-4c0a-9169-8acfb8baaa19,L1,Profile
916cbb50-7d22-4c0a-9169-8acfb8baaa19,L1,Profile
916cbb50-7d22-4c0a-9169-8acfb8baaa19,L1,Profile
916cbb50-7d22-4c0a-9169-8acfb8baaa19,L1,Profile
916cbb50-7d22-4c0a-9169-8acfb8baaa19,L1,Profile
916cbb50-7d22-4c0a-9169-8acfb8baaa19,L1,Profile
916cbb50-7d22-4c0a-9169-8acfb8baaa19,L1,Profile
916cbb50-7d22-4c0a-9169-8acfb8baaa19,L1,Profile
916cbb50-7d22-4c0a-9169-8acfb8baaa19,L1,Profile
916cbb50-7d22-4c0a-9169-8acfb8baaa19,L1,Profile
916cbb50-7d22-4c0a-9169-8acfb8baaa19,L1,Profile
916cbb50-7d22-4c0a-9169-8acfb8baaa19,L1,Profile
916cbb50-7d22-4c0a-9169-8acfb8baaa19,L1,Profile
916cbb50-7d22-4c0a-9169-8acfb8baaa19,L1,Profile
916cbb50-7d22-4c0a-9169-8acfb8baaa19,L1,Profile
916cbb50-7d22-4c0a-9169-8acfb8baaa19,L1,Profile
916cbb50-7d22-4c0a-9169-8acfb8baaa19,L1,Profile
916cbb50-7d22-4c0a-9169-8acfb8baaa19,L1,Profile
916cbb50-7d22-4c0a-9169-8acfb8baaa19,L1,Profile
916cbb50-7d22-4c0a-9169-8acfb8baaa19,L1,Profile
916cbb50-7d22-4c0a-9169-8acfb8baaa19,L1,Profile
916cbb50-7d22-4c0a-9169-8acfb8baaa19,L1,Profile
916cbb50-7d22-4c0a-9169-8acfb8baaa19,L1,Profile
916cbb50-7d22-4c0a-9169-8acfb8baaa19,L1,Profile
916cbb50-7d22-4c0a-9169-8acfb8baaa19,L1,Profile
916cbb50-7d22-4c0a-9169-8acfb8baaa19,L1,Profile
916cbb50-7d22-4c0a-9169-8acfb8baaa19,L1,Profile
916cbb50-7d22-4c0a-9169-8acfb8baaa19,L1,Profile
916cbb50-7d22-4c0a-9169-8acfb8baaa19,L1,Profile
916cbb50-7d22-4c0a-9169-8acfb8baaa19,L1,Profile
916cbb50-7d22-4c0a-9169-8acfb8baaa19,L1,Profile
916cbb50-7d22-4c0a-9169-8acfb8baaa19,L1,Profile
916cbb50-7d22-4c0a-9169-8acfb8baaa19,L1,Profile
916cbb50-7d22-4c0a-9169-8acfb8baaa19,L1,Profile
916cbb50-7d22-4c0a-9169-8acfb8baaa19,L1,Profile
916cbb50-7d22-4c0a-9169-8acfb8baaa19,L1,Profile
916cbb50-7d22-4c0a-9169-8acfb8baaa19,L1,Profile
916cbb50-7d22-4c0a-9169-8acfb8baaa19,L1,Profile
916cbb50-7d22-4c0a-9169-8acfb8baaa19,L1,Profile
916cbb50-7d22-4c0a-9169-8acfb8baaa19,L1,Profile
916cbb50-7d22-4c0a-9169-8acfb8baaa19,L1,Profile
916cbb50-7d22-4c0a-9169-8acfb8baaa19,L1,Profile
916cbb50-7d22-4c0a-9169-8acfb8baaa19,L1,Profile
916cbb50-7d22-4c0a-9169-8acfb8baaa19,L1,Profile
916cbb50-7d22-4c0a-9169-8acfb8baaa19,L1,Profile
916cbb50-7d22-4c0a-9169-8acfb8baaa19,L1,Profile
916cbb50-7d22-4c0a-9169-8acfb8baaa19,L1,Profile
916cbb50-7d22-4c0a-9169-8acfb8baaa19,L1,Profile
916cbb50-7d22-4c0a-9169-8acfb8baaa19,L1,Profile
916cbb50-7d22-4c0a-9169-8acfb8baaa19,L1,Profile
916cbb50-7d22-4c0a-9169-8acfb8baaa19,L1,Profile
916cbb50-7d22-4c0a-9169-8acfb8baaa19,L1,Profile
916cbb50-7d22-4c0a-9169-8acfb8baaa19,L1,Profile
916cbb50-7d22-4c0a-9169-8acfb8baaa19,L1,Profile
916cbb50-7d22-4c0a-9169-8acfb8baaa19,L1,Profile
916cbb50-7d22-4c0a-9169-8acfb8baaa19,L1,Profile
916cbb50-7d22-4c0a-9169-8acfb8baaa19,L1,Profile
916cbb50-7d22-4c0a-9169-8acfb8baaa19,L1,Profile
916cbb50-7d22-4c0a-9169-8acfb8baaa19,L1,Profile
916cbb50-7d22-4c0a-9169-8acfb8baaa19,L1,Profile
916cbb50-7d22-4c0a-9169-8acfb8baaa19,L1,Profile
916cbb50-7d22-4c0a-9169-8acfb8baaa19,L1,Profile
916cbb50-7d22-4c0a-9169-8acfb8baaa19,L1,Profile
916cbb50-7d22-4c0a-9169-8acfb8baaa19,L1,Profile
916cbb50-7d22-4c0a-9169-8acfb8baaa19,L1,Profile
916cbb50-7d22-4c0a-9169-8acfb8baaa19,L1,Profile
916cbb50-7d22-4c0a-9169-8acfb8baaa19,L1,Profile
916cbb50-7d22-4c0a-9169-8acfb8baaa19,L1,Profile
916cbb50-7d22-4c0a-9169-8acfb8baaa19,L1,Profile
916cbb50-7d22-4c0a-9169-8acfb8baaa19,L1,Profile
916cbb50-7d22-4c0a-9169-8acfb8baaa19,L1,Profile
916cbb50-7d22-4c0a-9169-8acfb8baaa19,L1,Profile
916cbb50-7d22-4c0a-9169-8acfb8baaa19,L1,Profile
916cbb50-7d22-4c0a-9169-8acfb8baaa19,L1,Profile
916cbb50-7d22-4c0a-9169-8acfb8baaa19,L1,Profile
916cbb50-7d22-4c0a-9169-8acfb8baaa19,L1,Profile
916cbb50-7d22-4c0a-9169-8acfb8baaa19,L1,Profile
916cbb50-7d22-4c0a-9169-8acfb8baaa19,L1,Profile
916cbb50-7d22-4c0a-9169-8acfb8baaa19,L1,Profile
916cbb50-7d22-4c0a-9169-8acfb8baaa19,L1,Profile
916cbb50-7d22-4c0a-9169-8acfb8baaa19,L1,Profile
916cbb50-7d22-4c0a-9169-8acfb8baaa19,L1,Profile
916cbb50-7d22-4c0a-9169-8acfb8baaa19,L1,Profile
916cbb50-7d22-4c0a-9169-8acfb8baaa19,L1,Profile
916cbb50-7d22-4c0a-9169-8acfb8baaa19,L1,Profile
916cbb50-7d22-4c0a-9169-8acfb8baaa19,L1,Profile
916cbb50-7d22-4c0a-9169-8acfb8baaa19,L1,Profile
916cbb50-7d22-4c0a-9169-8acfb8baaa19,L1,Profile
916cbb50-7d22-4c0a-9169-8acfb8baaa19,L1,Profile
916cbb50-7d22-4c0a-9169-8acfb8baaa19,L1,Profile
916cbb50-7d22-4c0a-9169-8acfb8baaa19,L1,Profile
916cbb50-7d22-4c0a-9169-8acfb8baaa19,L1,Profile
916cbb50-7d22-4c0a-9169-8acfb8baaa19,L1,Profile
916cbb50-7d22-4c0a-9169-8acfb8baaa19,L1,Profile
916cbb50-7d22-4c0a-9169-8acfb8baaa19,L1,Profile
916cbb50-7d22-4c0a-9169-8acfb8baaa19,L1,Profile
916cbb50-7d22-4c0a-9169-8acfb8baaa19,L1,Profile
916cbb50-7d22-4c0a-9169-8acfb8baaa19,L1,Profile
916cbb50-7d22-4c0a-9169-8acfb8baaa19,L1,Profile
916cbb50-7d22-4c0a-9169-8acfb8baaa19,L1,Profile
916cbb50-7d22-4c0a-9169-8acfb8baaa19,L1,Profile
916cbb50-7d22-4c0a-9169-8acfb8baaa19,L1,Profile
916cbb50-7d22-4c0a-9169-8acfb8baaa19,L1,Profile
916cbb50-7d22-4c0a-9169-8acfb8baaa19,L1,Profile
916cbb50-7d22-4c0a-9169-8acfb8baaa19,L1,Profile
916cbb50-7d22-4c0a-9169-8acfb8baaa19,L1,Profile
916cbb50-7d22-4c0a-9169-8acfb8baaa19,L1,Profile
916cbb50-7d22-4c0a-9169-8acfb8baaa19,L1,Profile
916cbb50-7d22-4c0a-9169-8acfb8baaa19,L1,Profile
916cbb50-7d22-4c0a-9169-8acfb8baaa19,L1,Profile
916cbb50-7d22-4c0a-9169-8acfb8baaa19,L1,Profile
916cbb50-7d22-4c0a-9169-8acfb8baaa19,L1,Profile
916cbb50-7d22-4c0a-9169-8acfb8baaa19,L1,Profile
916cbb50-7d22-4c0a-9169-8acfb8baaa19,L1,Profile
916cbb50-7d22-4c0a-9169-8acfb8baaa19,L1,Profile
916cbb50-7d22-4c0a-9169-8acfb8baaa19,L1,Profile
916cbb50-7d22-4c0a-9169-8acfb8baaa19,L1,Profile
916cbb50-7d22-4c0a-9169-8acfb8baaa19,L1,Profile
916cbb50-7d22-4c0a-9169-8acfb8baaa19,L1,Profile
916cbb50-7d22-4c0a-9169-8acfb8baaa19,L1,Profile
916cbb50-7d22-4c0a-9169-8acfb8baaa19,L1,Profile
916cbb50-7d22-4c0a-9169-8acfb8baaa19,L1,Profile
916cbb50-7d22-4c0a-9169-8acfb8baaa19,L1,Profile
916cbb50-7d22-4c0a-9169-8acfb8baaa19,L1,Profile
916cbb50-7d22-4c0a-9169-8acfb8baaa19,L1,Profile
916cbb50-7d22-4c0a-9169-8acfb8baaa19,L1,Profile
916cbb50-7d22-4c0a-9169-8acfb8baaa19,L1,Profile
916cbb50-7d22-4c0a-9169-8acfb8baaa19,L1,Profile
916cbb50-7d22-4c0a-9169-8acfb8baaa19,L1,Profile
916cbb50-7d22-4c0a-9169-8acfb8baaa19,L1,Profile
916cbb50-7d22-4c0a-9169-8acfb8baaa19,L1,Profile
916cbb50-7d22-4c0a-9169-8acfb8baaa19,L1,Profile
916cbb50-7d22-4c0a-9169-8acfb8baaa19,L1,Profile
916cbb50-7d22-4c0a-9169-8acfb8baaa19,L1,Profile
916cbb50-7d22-4c0a-9169-8acfb8baaa19,L1,Profile
916cbb50-7d22-4c0a-9169-8acfb8baaa19,L1,Profile
916cbb50-7d22-4c0a-9169-8acfb8baaa19,L1,Profile
916cbb50-7d22-4c0a-9169-8acfb8baaa19,L1,Profile
916cbb50-7d22-4c0a-9169-8acfb8baaa19,L1,Profile
916cbb50-7d22-4c0a-9169-8acfb8baaa19,L1,Profile
916cbb50-7d22-4c0a-9169-8acfb8baaa19,L1,Profile
916cbb50-7d22-4c0a-9169-8acfb8baaa19,L1,Profile
916cbb50-7d22-4c0a-9169-8acfb8baaa19,L1,Profile
916cbb50-7d22-4c0a-9169-8acfb8baaa19,L1,Profile
916cbb50-7d22-4c0a-9169-8acfb8baaa19,L1,Profile
916cbb50-7d22-4c0a-9169-8acfb8baaa19,L1,Profile
916cbb50-7d22-4c0a-9169-8acfb8baaa19,L1,Profile
916cbb50-7d22-4c0a-9169-8acfb8baaa19,L1,Profile
916cbb50-7d22-4c0a-9169-8acfb8baaa19,L1,Profile
916cbb50-7d22-4c0a-9169-8acfb8baaa19,L1,Profile
916cbb50-7d22-4c0a-9169-8acfb8baaa19,L1,Profile
916cbb50-7d22-4c0a-9169-8acfb8baaa19,L1,Profile
916cbb50-7d22-4c0a-9169-8acfb8baaa19,L1,Profile
916cbb50-7d22-4c0a-9169-8acfb8baaa19,L1,Profile
916cbb50-7d22-4c0a-9169-8acfb8baaa19,L1,Profile
916cbb50-7d22-4c0a-9169-8acfb8baaa19,L1,Profile
916cbb50-7d22-4c0a-9169-8acfb8baaa19,L1,Profile
916cbb50-7d22-4c0a-9169-8acfb8baaa19,L1,Profile
916cbb50-7d22-4c0a-9169-8acfb8baaa19,L1,Profile
916cbb50-7d22-4c0a-9169-8acfb8baaa19,L1,Profile
916cbb50-7d22-4c0a-9169-8acfb8baaa19,L1,Profile
916cbb50-7d22-4c0a-9169-8acfb8baaa19,L1,Profile
916cbb50-7d22-4c0a-9169-8acfb8baaa19,L1,Profile
916cbb50-7d22-4c0a-9169-8acfb8baaa19,L1,Profile
916cbb50-7d22-4c0a-9169-8acfb8baaa19,L1,Profile
916cbb50-7d22-4c0a-9169-8acfb8baaa19,L1,Profile
916cbb50-7d22-4c0a-9169-8acfb8baaa19,L1,Profile
916cbb50-7d22-4c0a-9169-8acfb8baaa19,L1,Profile
916cbb50-7d22-4c0a-9169-8acfb8baaa19,L1,Profile
916cbb50-7d22-4c0a-9169-8acfb8baaa19,L1,Profile
916cbb50-7d22-4c0a-9169-8acfb8baaa19,L1,Profile
916cbb50-7d22-4c0a-9169-8acfb8baaa19,L1,Profile
916cbb50-7d22-4c0a-9169-8acfb8baaa19,L1,Profile
916cbb50-7d22-4c0a-9169-8acfb8baaa19,L1,Profile
916cbb50-7d22-4c0a-9169-8acfb8baaa19,L1,Profile
916cbb50-7d22-4c0a-9169-8acfb8baaa19,L1,Profile
916cbb50-7d22-4c0a-9169-8acfb8baaa19,L1,Profile
916cbb50-7d22-4c0a-9169-8acfb8baaa19,L1,Profile
916cbb50-7d22-4c0a-9169-8acfb8baaa19,L1,Profile
916cbb50-7d22-4c0a-9169-8acfb8baaa19,L1,Profile
916cbb50-7d22-4c0a-9169-8acfb8baaa19,L1,Profile
916cbb50-7d22-4c0a-9169-8acfb8baaa19,L1,Profile
916cbb50-7d22-4c0a-9169-8acfb8baaa19,L1,Profile
916cbb50-7d22-4c0a-9169-8acfb8baaa19,L1,Profile
916cbb50-7d22-4c0a-9169-8acfb8baaa19,L1,Profile
916cbb50-7d22-4c0a-9169-8acfb8baaa19,L1,Profile
916cbb50-7d22-4c0a-9169-8acfb8baaa19,L1,Profile
916cbb50-7d22-4c0a-9169-8acfb8baaa19,L1,Profile
916cbb50-7d22-4c0a-9169-8acfb8baaa19,L1,Profile
916cbb50-7d22-4c0a-9169-8acfb8baaa19,L1,Profile
916cbb50-7d22-4c0a-9169-8acfb8baaa19,L1,Profile
916cbb50-7d22-4c0a-9169-8acfb8baaa19,L1,Profile
916cbb50-7d22-4c0a-9169-8acfb8baaa19,L1,Profile
916cbb50-7d22-4c0a-9169-8acfb8baaa19,L1,Profile
916cbb50-7d22-4c0a-9169-8acfb8baaa19,L1,Profile
916cbb50-7d22-4c0a-9169-8acfb8baaa19,L1,Profile
916cbb50-7d22-4c0a-9169-8acfb8baaa19,L1,Profile
916cbb50-7d22-4c0a-9169-8acfb8baaa19,L1,Profile
916cbb50-7d22-4c0a-9169-8acfb8baaa19,L1,Profile
916cbb50-7d22-4c0a-9169-8acfb8baaa19,L1,Profile
916cbb50-7d22-4c0a-9169-8acfb8baaa19,L1,Profile
916cbb50-7d22-4c0a-9169-8acfb8baaa19,L1,Profile
916cbb50-7d22-4c0a-9169-8acfb8baaa19,L1,Profile
916cbb50-7d22-4c0a-9169-8acfb8baaa19,L1,Profile
916cbb50-7d22-4c0a-9169-8acfb8baaa19,L1,Profile
916cbb50-7d22-4c0a-9169-8acfb8baaa19,L1,Profile
916cbb50-7d22-4c0a-9169-8acfb8baaa19,L1,Profile
916cbb50-7d22-4c0a-9169-8acfb8baaa19,L1,Profile
916cbb50-7d22-4c0a-9169-8acfb8baaa19,L1,Profile
916cbb50-7d22-4c0a-9169-8acfb8baaa19,L1,Profile
916cbb50-7d22-4c0a-9169-8acfb8baaa19,L1,Profile
916cbb50-7d22-4c0a-9169-8acfb8baaa19,L1,Profile
916cbb50-7d22-4c0a-9169-8acfb8baaa19,L1,Profile
916cbb50-7d22-4c0a-9169-8acfb8baaa19,L1,Profile
916cbb50-7d22-4c0a-9169-8acfb8baaa19,L1,Profile
916cbb50-7d22-4c0a-9169-8acfb8baaa19,L1,Profile
916cbb50-7d22-4c0a-9169-8acfb8baaa19,L1,Profile
916cbb50-7d22-4c0a-9169-8acfb8baaa19,L1,Profile
916cbb50-7d22-4c0a-9169-8acfb8baaa19,L1,Profile
916cbb50-7d22-4c0a-9169-8acfb8baaa19,L1,Profile
916cbb50-7d22-4c0a-9169-8acfb8baaa19,L1,Profile
916cbb50-7d22-4c0a-9169-8acfb8baaa19,L1,Profile
916cbb50-7d22-4c0a-9169-8acfb8baaa19,L1,Profile
916cbb50-7d22-4c0a-9169-8acfb8baaa19,L1,Profile
916cbb50-7d22-4c0a-9169-8acfb8baaa19,L1,Profile
916cbb50-7d22-4c0a-9169-8acfb8baaa19,L1,Profile
916cbb50-7d22-4c0a-9169-8acfb8baaa19,L1,Profile
916cbb50-7d22-4c0a-9169-8acfb8baaa19,L1,Profile
916cbb50-7d22-4c0a-9169-8acfb8baaa19,L1,Profile
916cbb50-7d22-4c0a-9169-8acfb8baaa19,L1,Profile
916cbb50-7d22-4c0a-9169-8acfb8baaa19,L1,Profile
916cbb50-7d22-4c0a-9169-8acfb8baaa19,L1,Profile
916cbb50-7d22-4c0a-9169-8acfb8baaa19,L1,Profile
916cbb50-7d22-4c0a-9169-8acfb8baaa19,L1,Profile
916cbb50-7d22-4c0a-9169-8acfb8baaa19,L1,Profile
916cbb50-7d22-4c0a-9169-8acfb8baaa19,L1,Profile
916cbb50-7d22-4c0a-9169-8acfb8baaa19,L1,Profile
916cbb50-7d22-4c0a-9169-8acfb8baaa19,L1,Profile
916cbb50-7d22-4c0a-9169-8acfb8baaa19,L1,Profile
916cbb50-7d22-4c0a-9169-8acfb8baaa19,L1,Profile
916cbb50-7d22-4c0a-9169-8acfb8baaa19,L1,Profile
916cbb50-7d22-4c0a-9169-8acfb8baaa19,L1,Profile
916cbb50-7d22-4c0a-9169-8acfb8baaa19,L1,Profile
916cbb50-7d22-4c0a-9169-8acfb8baaa19,L1,Profile
916cbb50-7d22-4c0a-9169-8acfb8baaa19,L1,Profile
916cbb50-7d22-4c0a-9169-8acfb8baaa19,L1,Profile
916cbb50-7d22-4c0a-9169-8acfb8baaa19,L1,Profile
916cbb50-7d22-4c0a-9169-8acfb8baaa19,L1,Profile
916cbb50-7d22-4c0a-9169-8acfb8baaa19,L1,Profile
916cbb50-7d22-4c0a-9169-8acfb8baaa19,L1,Profile
916cbb50-7d22-4c0a-9169-8acfb8baaa19,L1,Profile
916cbb50-7d22-4c0a-9169-8acfb8baaa19,L1,Profile
916cbb50-7d22-4c0a-9169-8acfb8baaa19,L1,Profile
916cbb50-7d22-4c0a-9169-8acfb8baaa19,L1,Profile
916cbb50-7d22-4c0a-9169-8acfb8baaa19,L1,Profile
916cbb50-7d22-4c0a-9169-8acfb8baaa19,L1,Profile
916cbb50-7d22-4c0a-9169-8acfb8baaa19,L1,Profile
916cbb50-7d22-4c0a-9169-8acfb8baaa19,L1,Profile
916cbb50-7d22-4c0a-9169-8acfb8baaa19,L1,Profile
916cbb50-7d22-4c0a-9169-8acfb8baaa19,L1,Profile
916cbb50-7d22-4c0a-9169-8acfb8baaa19,L1,Profile
916cbb50-7d22-4c0a-9169-8acfb8baaa19,L1,Profile
916cbb50-7d22-4c0a-9169-8acfb8baaa19,L1,Profile
916cbb50-7d22-4c0a-9169-8acfb8baaa19,L1,Profile
916cbb50-7d22-4c0a-9169-8acfb8baaa19,L1,Profile
916cbb50-7d22-4c0a-9169-8acfb8baaa19,L1,Profile
916cbb50-7d22-4c0a-9169-8acfb8baaa19,L1,Profile
916cbb50-7d22-4c0a-9169-8acfb8baaa19,L1,Profile
916cbb50-7d22-4c0a-9169-8acfb8baaa19,L1,Profile
916cbb50-7d22-4c0a-9169-8acfb8baaa19,L1,Profile
916cbb50-7d22-4c0a-9169-8acfb8baaa19,L1,Profile
916cbb50-7d22-4c0a-9169-8acfb8baaa19,L1,Profile
916cbb50-7d22-4c0a-9169-8acfb8baaa19,L1,Profile
916cbb50-7d22-4c0a-9169-8acfb8baaa19,L1,Profile
916cbb50-7d22-4c0a-9169-8acfb8baaa19,L1,Profile
916cbb50-7d22-4c0a-9169-8acfb8baaa19,L1,Profile
916cbb50-7d22-4c0a-9169-8acfb8baaa19,L1,Profile
916cbb50-7d22-4c0a-9169-8acfb8baaa19,L1,Profile
916cbb50-7d22-4c0a-9169-8acfb8baaa19,L1,Profile
916cbb50-7d22-4c0a-9169-8acfb8baaa19,L1,Profile
916cbb50-7d22-4c0a-9169-8acfb8baaa19,L1,Profile
916cbb50-7d22-4c0a-9169-8acfb8baaa19,L1,Profile
916cbb50-7d22-4c0a-9169-8acfb8baaa19,L1,Profile
916cbb50-7d22-4c0a-9169-8acfb8baaa19,L1,Profile
916cbb50-7d22-4c0a-9169-8acfb8baaa19,L1,Profile
916cbb50-7d22-4c0a-9169-8acfb8baaa19,L1,Profile
916cbb50-7d22-4c0a-9169-8acfb8baaa19,L1,Profile
916cbb50-7d22-4c0a-9169-8acfb8baaa19,L1,Profile
916cbb50-7d22-4c0a-9169-8acfb8baaa19,L1,Profile
916cbb50-7d22-4c0a-9169-8acfb8baaa19,L1,Profile
916cbb50-7d22-4c0a-9169-8acfb8baaa19,L1,Profile
916cbb50-7d22-4c0a-9169-8acfb8baaa19,L1,Profile
916cbb50-7d22-4c0a-9169-8acfb8baaa19,L1,Profile
916cbb50-7d22-4c0a-9169-8acfb8baaa19,L1,Profile
916cbb50-7d22-4c0a-9169-8acfb8baaa19,L1,Profile
916cbb50-7d22-4c0a-9169-8acfb8baaa19,L1,Profile
916cbb50-7d22-4c0a-9169-8acfb8baaa19,L1,Profile
916cbb50-7d22-4c0a-9169-8acfb8baaa19,L1,Profile
916cbb50-7d22-4c0a-9169-8acfb8baaa19,L1,Profile
916cbb50-7d22-4c0a-9169-8acfb8baaa19,L1,Profile
916cbb50-7d22-4c0a-9169-8acfb8baaa19,L1,Profile
916cbb50-7d22-4c0a-9169-8acfb8baaa19,L1,Profile
916cbb50-7d22-4c0a-9169-8acfb8baaa19,L1,Profile
916cbb50-7d22-4c0a-9169-8acfb8baaa19,L1,Profile
916cbb50-7d22-4c0a-9169-8acfb8baaa19,L1,Profile
916cbb50-7d22-4c0a-9169-8acfb8baaa19,L1,Profile
916cbb50-7d22-4c0a-9169-8acfb8baaa19,L1,Profile
916cbb50-7d22-4c0a-9169-8acfb8baaa19,L1,Profile
916cbb50-7d22-4c0a-9169-8acfb8baaa19,L1,Profile
916cbb50-7d22-4c0a-9169-8acfb8baaa19,L1,Profile
916cbb50-7d22-4c0a-9169-8acfb8baaa19,L1,Profile
916cbb50-7d22-4c0a-9169-8acfb8baaa19,L1,Profile
916cbb50-7d22-4c0a-9169-8acfb8baaa19,L1,Profile
916cbb50-7d22-4c0a-9169-8acfb8baaa19,L1,Profile
916cbb50-7d22-4c0a-9169-8acfb8baaa19,L1,Profile
916cbb50-7d22-4c0a-9169-8acfb8baaa19,L1,Profile
916cbb50-7d22-4c0a-9169-8acfb8baaa19,L1,Profile
916cbb50-7d22-4c0a-9169-8acfb8baaa19,L1,Profile
916cbb50-7d22-4c0a-9169-8acfb8baaa19,L1,Profile
916cbb50-7d22-4c0a-9169-8acfb8baaa19,L1,Profile
916cbb50-7d22-4c0a-9169-8acfb8baaa19,L1,Profile
916cbb50-7d22-4c0a-9169-8acfb8baaa19,L1,Profile
916cbb50-7d22-4c0a-9169-8acfb8baaa19,L1,Profile
916cbb50-7d22-4c0a-9169-8acfb8baaa19,L1,Profile
916cbb50-7d22-4c0a-9169-8acfb8baaa19,L1,Profile
916cbb50-7d22-4c0a-9169-8acfb8baaa19,L1,Profile
916cbb50-7d22-4c0a-9169-8acfb8baaa19,L1,Profile
916cbb50-7d22-4c0a-9169-8acfb8baaa19,L1,Profile
916cbb50-7d22-4c0a-9169-8acfb8baaa19,L1,Profile
916cbb50-7d22-4c0a-9169-8acfb8baaa19,L1,Profile
916cbb50-7d22-4c0a-9169-8acfb8baaa19,L1,Profile
916cbb50-7d22-4c0a-9169-8acfb8baaa19,L1,Profile
916cbb50-7d22-4c0a-9169-8acfb8baaa19,L1,Profile
916cbb50-7d22-4c0a-9169-8acfb8baaa19,L1,Profile
916cbb50-7d22-4c0a-9169-8acfb8baaa19,L1,Profile
916cbb50-7d22-4c0a-9169-8acfb8baaa19,L1,Profile
916cbb50-7d22-4c0a-9169-8acfb8baaa19,L1,Profile
916cbb50-7d22-4c0a-9169-8acfb8baaa19,L1,Profile
916cbb50-7d22-4c0a-9169-8acfb8baaa19,L1,Profile
916cbb50-7d22-4c0a-9169-8acfb8baaa19,L1,Profile
916cbb50-7d22-4c0a-9169-8acfb8baaa19,L1,Profile
916cbb50-7d22-4c0a-9169-8acfb8baaa19,L1,Profile
916cbb50-7d22-4c0a-9169-8acfb8baaa19,L1,Profile
916cbb50-7d22-4c0a-9169-8acfb8baaa19,L1,Profile
916cbb50-7d22-4c0a-9169-8acfb8baaa19,L1,Profile
916cbb50-7d22-4c0a-9169-8acfb8baaa19,L1,Profile
916cbb50-7d22-4c0a-9169-8acfb8baaa19,L1,Profile
916cbb50-7d22-4c0a-9169-8acfb8baaa19,L1,Profile
916cbb50-7d22-4c0a-9169-8acfb8baaa19,L1,Profile
916cbb50-7d22-4c0a-9169-8acfb8baaa19,L1,Profile
916cbb50-7d22-4c0a-9169-8acfb8baaa19,L1,Profile
916cbb50-7d22-4c0a-9169-8acfb8baaa19,L1,Profile
916cbb50-7d22-4c0a-9169-8acfb8baaa19,L1,Profile
916cbb50-7d22-4c0a-9169-8acfb8baaa19,L1,Profile
916cbb50-7d22-4c0a-9169-8acfb8baaa19,L1,Profile
916cbb50-7d22-4c0a-9169-8acfb8baaa19,L1,Profile
916cbb50-7d22-4c0a-9169-8acfb8baaa19,L1,Profile
916cbb50-7d22-4c0a-9169-8acfb8baaa19,L1,Profile
916cbb50-7d22-4c0a-9169-8acfb8baaa19,L1,Profile
916cbb50-7d22-4c0a-9169-8acfb8baaa19,L1,Profile
916cbb50-7d22-4c0a-9169-8acfb8baaa19,L1,Profile
916cbb50-7d22-4c0a-9169-8acfb8baaa19,L1,Profile
916cbb50-7d22-4c0a-9169-8acfb8baaa19,L1,Profile
916cbb50-7d22-4c0a-9169-8acfb8baaa19,L1,Profile
916cbb50-7d22-4c0a-9169-8acfb8baaa19,L1,Profile
916cbb50-7d22-4c0a-9169-8acfb8baaa19,L1,Profile
916cbb50-7d22-4c0a-9169-8acfb8baaa19,L1,Profile
916cbb50-7d22-4c0a-9169-8acfb8baaa19,L1,Profile
916cbb50-7d22-4c0a-9169-8acfb8baaa19,L1,Profile
916cbb50-7d22-4c0a-9169-8acfb8baaa19,L1,Profile
916cbb50-7d22-4c0a-9169-8acfb8baaa19,L1,Profile
916cbb50-7d22-4c0a-9169-8acfb8baaa19,L1,Profile
916cbb50-7d22-4c0a-9169-8acfb8baaa19,L1,Profile
916cbb50-7d22-4c0a-9169-8acfb8baaa19,L1,Profile
916cbb50-7d22-4c0a-9169-8acfb8baaa19,L1,Profile
916cbb50-7d22-4c0a-9169-8acfb8baaa19,L1,Profile
916cbb50-7d22-4c0a-9169-8acfb8baaa19,L1,Profile
916cbb50-7d22-4c0a-9169-8acfb8baaa19,L1,Profile
916cbb50-7d22-4c0a-9169-8acfb8baaa19,L1,Profile
916cbb50-7d22-4c0a-9169-8acfb8baaa19,L1,Profile
916cbb50-7d22-4c0a-9169-8acfb8baaa19,L1,Profile
916cbb50-7d22-4c0a-9169-8acfb8baaa19,L1,Profile
916cbb50-7d22-4c0a-9169-8acfb8baaa19,L1,Profile
916cbb50-7d22-4c0a-9169-8acfb8baaa19,L1,Profile
916cbb50-7d22-4c0a-9169-8acfb8baaa19,L1,Profile
916cbb50-7d22-4c0a-9169-8acfb8baaa19,L1,Profile
916cbb50-7d22-4c0a-9169-8acfb8baaa19,L1,Profile
916cbb50-7d22-4c0a-9169-8acfb8baaa19,L1,Profile
916cbb50-7d22-4c0a-9169-8acfb8baaa19,L1,Profile
916cbb50-7d22-4c0a-9169-8acfb8baaa19,L1,Profile
916cbb50-7d22-4c0a-9169-8acfb8baaa19,L1,Profile
916cbb50-7d22-4c0a-9169-8acfb8baaa19,L1,Profile
916cbb50-7d22-4c0a-9169-8acfb8baaa19,L1,Profile
916cbb50-7d22-4c0a-9169-8acfb8baaa19,L1,Profile
916cbb50-7d22-4c0a-9169-8acfb8baaa19,L1,Profile
916cbb50-7d22-4c0a-9169-8acfb8baaa19,L1,Profile
916cbb50-7d22-4c0a-9169-8acfb8baaa19,L1,Profile
916cbb50-7d22-4c0a-9169-8acfb8baaa19,L1,Profile
916cbb50-7d22-4c0a-9169-8acfb8baaa19,L1,Profile
916cbb50-7d22-4c0a-9169-8acfb8baaa19,L1,Profile
916cbb50-7d22-4c0a-9169-8acfb8baaa19,L1,Profile
916cbb50-7d22-4c0a-9169-8acfb8baaa19,L1,Profile
916cbb50-7d22-4c0a-9169-8acfb8baaa19,L1,Profile
916cbb50-7d22-4c0a-9169-8acfb8baaa19,L1,Profile
916cbb50-7d22-4c0a-9169-8acfb8baaa19,L1,Profile
916cbb50-7d22-4c0a-9169-8acfb8baaa19,L1,Profile
916cbb50-7d22-4c0a-9169-8acfb8baaa19,L1,Profile
916cbb50-7d22-4c0a-9169-8acfb8baaa19,L1,Profile
916cbb50-7d22-4c0a-9169-8acfb8baaa19,L1,Profile
916cbb50-7d22-4c0a-9169-8acfb8baaa19,L1,Profile
916cbb50-7d22-4c0a-9169-8acfb8baaa19,L1,Profile
916cbb50-7d22-4c0a-9169-8acfb8baaa19,L1,Profile
916cbb50-7d22-4c0a-9169-8acfb8baaa19,L1,Profile
916cbb50-7d22-4c0a-9169-8acfb8baaa19,L1,Profile
916cbb50-7d22-4c0a-9169-8acfb8baaa19,L1,Profile
916cbb50-7d22-4c0a-9169-8acfb8baaa19,L1,Profile
916cbb50-7d22-4c0a-9169-8acfb8baaa19,L1,Profile
916cbb50-7d22-4c0a-9169-8acfb8baaa19,L1,Profile
916cbb50-7d22-4c0a-9169-8acfb8baaa19,L1,Profile
916cbb50-7d22-4c0a-9169-8acfb8baaa19,L1,Profile
916cbb50-7d22-4c0a-9169-8acfb8baaa19,L1,Profile
916cbb50-7d22-4c0a-9169-8acfb8baaa19,L1,Profile
916cbb50-7d22-4c0a-9169-8acfb8baaa19,L1,Profile
916cbb50-7d22-4c0a-9169-8acfb8baaa19,L1,Profile
916cbb50-7d22-4c0a-9169-8acfb8baaa19,L1,Profile
916cbb50-7d22-4c0a-9169-8acfb8baaa19,L1,Profile
916cbb50-7d22-4c0a-9169-8acfb8baaa19,L1,Profile
916cbb50-7d22-4c0a-9169-8acfb8baaa19,L1,Profile
916cbb50-7d22-4c0a-9169-8acfb8baaa19,L1,Profile
916cbb50-7d22-4c0a-9169-8acfb8baaa19,L1,Profile
916cbb50-7d22-4c0a-9169-8acfb8baaa19,L1,Profile
916cbb50-7d22-4c0a-9169-8acfb8baaa19,L1,Profile
916cbb50-7d22-4c0a-9169-8acfb8baaa19,L1,Profile
916cbb50-7d22-4c0a-9169-8acfb8baaa19,L1,Profile
916cbb50-7d22-4c0a-9169-8acfb8baaa19,L1,Profile
916cbb50-7d22-4c0a-9169-8acfb8baaa19,L1,Profile
916cbb50-7d22-4c0a-9169-8acfb8baaa19,L1,Profile
916cbb50-7d22-4c0a-9169-8acfb8baaa19,L1,Profile
916cbb50-7d22-4c0a-9169-8acfb8baaa19,L1,Profile
916cbb50-7d22-4c0a-9169-8acfb8baaa19,L1,Profile
916cbb50-7d22-4c0a-9169-8acfb8baaa19,L1,Profile
916cbb50-7d22-4c0a-9169-8acfb8baaa19,L1,Profile
916cbb50-7d22-4c0a-9169-8acfb8baaa19,L1,Profile
916cbb50-7d22-4c0a-9169-8acfb8baaa19,L1,Profile
916cbb50-7d22-4c0a-9169-8acfb8baaa19,L1,Profile
916cbb50-7d22-4c0a-9169-8acfb8baaa19,L1,Profile
916cbb50-7d22-4c0a-9169-8acfb8baaa19,L1,Profile
916cbb50-7d22-4c0a-9169-8acfb8baaa19,L1,Profile
916cbb50-7d22-4c0a-9169-8acfb8baaa19,L1,Profile
916cbb50-7d22-4c0a-9169-8acfb8baaa19,L1,Profile
916cbb50-7d22-4c0a-9169-8acfb8baaa19,L1,Profile
916cbb50-7d22-4c0a-9169-8acfb8baaa19,L1,Profile
916cbb50-7d22-4c0a-9169-8acfb8baaa19,L1,Profile
916cbb50-7d22-4c0a-9169-8acfb8baaa19,L1,Profile
916cbb50-7d22-4c0a-9169-8acfb8baaa19,L1,Profile
916cbb50-7d22-4c0a-9169-8acfb8baaa19,L1,Profile
916cbb50-7d22-4c0a-9169-8acfb8baaa19,L1,Profile
916cbb50-7d22-4c0a-9169-8acfb8baaa19,L1,Profile
916cbb50-7d22-4c0a-9169-8acfb8baaa19,L1,Profile
916cbb50-7d22-4c0a-9169-8acfb8baaa19,L1,Profile
916cbb50-7d22-4c0a-9169-8acfb8baaa19,L1,Profile
916cbb50-7d22-4c0a-9169-8acfb8baaa19,L1,Profile
916cbb50-7d22-4c0a-9169-8acfb8baaa19,L1,Profile
916cbb50-7d22-4c0a-9169-8acfb8baaa19,L1,Profile
916cbb50-7d22-4c0a-9169-8acfb8baaa19,L1,Profile
916cbb50-7d22-4c0a-9169-8acfb8baaa19,L1,Profile
916cbb50-7d22-4c0a-9169-8acfb8baaa19,L1,Profile
916cbb50-7d22-4c0a-9169-8acfb8baaa19,L1,Profile
916cbb50-7d22-4c0a-9169-8acfb8baaa19,L1,Profile
916cbb50-7d22-4c0a-9169-8acfb8baaa19,L1,Profile
916cbb50-7d22-4c0a-9169-8acfb8baaa19,L1,Profile
916cbb50-7d22-4c0a-9169-8acfb8baaa19,L1,Profile
916cbb50-7d22-4c0a-9169-8acfb8baaa19,L1,Profile
916cbb50-7d22-4c0a-9169-8acfb8baaa19,L1,Profile
916cbb50-7d22-4c0a-9169-8acfb8baaa19,L1,Profile
916cbb50-7d22-4c0a-9169-8acfb8baaa19,L1,Profile
916cbb50-7d22-4c0a-9169-8acfb8baaa19,L1,Profile
916cbb50-7d22-4c0a-9169-8acfb8baaa19,L1,Profile
916cbb50-7d22-4c0a-9169-8acfb8baaa19,L1,Profile
916cbb50-7d22-4c0a-9169-8acfb8baaa19,L1,Profile
916cbb50-7d22-4c0a-9169-8acfb8baaa19,L1,Profile
916cbb50-7d22-4c0a-9169-8acfb8baaa19,L1,Profile
916cbb50-7d22-4c0a-9169-8acfb8baaa19,L1,Profile
916cbb50-7d22-4c0a-9169-8acfb8baaa19,L1,Profile
916cbb50-7d22-4c0a-9169-8acfb8baaa19,L1,Profile
916cbb50-7d22-4c0a-9169-8acfb8baaa19,L1,Profile
916cbb50-7d22-4c0a-9169-8acfb8baaa19,L1,Profile
916cbb50-7d22-4c0a-9169-8acfb8baaa19,L1,Profile
916cbb50-7d22-4c0a-9169-8acfb8baaa19,L1,Profile
916cbb50-7d22-4c0a-9169-8acfb8baaa19,L1,Profile
916cbb50-7d22-4c0a-9169-8acfb8baaa19,L1,Profile
916cbb50-7d22-4c0a-9169-8acfb8baaa19,L1,Profile
916cbb50-7d22-4c0a-9169-8acfb8baaa19,L1,Profile
916cbb50-7d22-4c0a-9169-8acfb8baaa19,L1,Profile
916cbb50-7d22-4c0a-9169-8acfb8baaa19,L1,Profile
916cbb50-7d22-4c0a-9169-8acfb8baaa19,L1,Profile
916cbb50-7d22-4c0a-9169-8acfb8baaa19,L1,Profile
916cbb50-7d22-4c0a-9169-8acfb8baaa19,L1,Profile
916cbb50-7d22-4c0a-9169-8acfb8baaa19,L1,Profile
916cbb50-7d22-4c0a-9169-8acfb8baaa19,L1,Profile
916cbb50-7d22-4c0a-9169-8acfb8baaa19,L1,Profile
916cbb50-7d22-4c0a-9169-8acfb8baaa19,L1,Profile
916cbb50-7d22-4c0a-9169-8acfb8baaa19,L1,Profile
916cbb50-7d22-4c0a-9169-8acfb8baaa19,L1,Profile
916cbb50-7d22-4c0a-9169-8acfb8baaa19,L1,Profile
916cbb50-7d22-4c0a-9169-8acfb8baaa19,L1,Profile
916cbb50-7d22-4c0a-9169-8acfb8baaa19,L1,Profile
916cbb50-7d22-4c0a-9169-8acfb8baaa19,L1,Profile
916cbb50-7d22-4c0a-9169-8acfb8baaa19,L1,Profile
916cbb50-7d22-4c0a-9169-8acfb8baaa19,L1,Profile
916cbb50-7d22-4c0a-9169-8acfb8baaa19,L1,Profile
916cbb50-7d22-4c0a-9169-8acfb8baaa19,L1,Profile
916cbb50-7d22-4c0a-9169-8acfb8baaa19,L1,Profile
916cbb50-7d22-4c0a-9169-8acfb8baaa19,L1,Profile
916cbb50-7d22-4c0a-9169-8acfb8baaa19,L1,Profile
916cbb50-7d22-4c0a-9169-8acfb8baaa19,L1,Profile
916cbb50-7d22-4c0a-9169-8acfb8baaa19,L1,Profile
916cbb50-7d22-4c0a-9169-8acfb8baaa19,L1,Profile
916cbb50-7d22-4c0a-9169-8acfb8baaa19,L1,Profile
916cbb50-7d22-4c0a-9169-8acfb8baaa19,L1,Profile
916cbb50-7d22-4c0a-9169-8acfb8baaa19,L1,Profile
916cbb50-7d22-4c0a-9169-8acfb8baaa19,L1,Profile
916cbb50-7d22-4c0a-9169-8acfb8baaa19,L1,Profile
916cbb50-7d22-4c0a-9169-8acfb8baaa19,L1,Profile
916cbb50-7d22-4c0a-9169-8acfb8baaa19,L1,Profile
916cbb50-7d22-4c0a-9169-8acfb8baaa19,L1,Profile
916cbb50-7d22-4c0a-9169-8acfb8baaa19,L1,Profile
916cbb50-7d22-4c0a-9169-8acfb8baaa19,L1,Profile
916cbb50-7d22-4c0a-9169-8acfb8baaa19,L1,Profile
916cbb50-7d22-4c0a-9169-8acfb8baaa19,L1,Profile
916cbb50-7d22-4c0a-9169-8acfb8baaa19,L1,Profile
916cbb50-7d22-4c0a-9169-8acfb8baaa19,L1,Profile
916cbb50-7d22-4c0a-9169-8acfb8baaa19,L1,Profile
916cbb50-7d22-4c0a-9169-8acfb8baaa19,L1,Profile
916cbb50-7d22-4c0a-9169-8acfb8baaa19,L1,Profile
916cbb50-7d22-4c0a-9169-8acfb8baaa19,L1,Profile
916cbb50-7d22-4c0a-9169-8acfb8baaa19,L1,Profile
916cbb50-7d22-4c0a-9169-8acfb8baaa19,L1,Profile
916cbb50-7d22-4c0a-9169-8acfb8baaa19,L1,Profile
916cbb50-7d22-4c0a-9169-8acfb8baaa19,L1,Profile
916cbb50-7d22-4c0a-9169-8acfb8baaa19,L1,Profile
916cbb50-7d22-4c0a-9169-8acfb8baaa19,L1,Profile
916cbb50-7d22-4c0a-9169-8acfb8baaa19,L1,Profile
916cbb50-7d22-4c0a-9169-8acfb8baaa19,L1,Profile
916cbb50-7d22-4c0a-9169-8acfb8baaa19,L1,Profile
916cbb50-7d22-4c0a-9169-8acfb8baaa19,L1,Profile
916cbb50-7d22-4c0a-9169-8acfb8baaa19,L1,Profile
916cbb50-7d22-4c0a-9169-8acfb8baaa19,L1,Profile
916cbb50-7d22-4c0a-9169-8acfb8baaa19,L1,Profile
916cbb50-7d22-4c0a-9169-8acfb8baaa19,L1,Profile
916cbb50-7d22-4c0a-9169-8acfb8baaa19,L1,Profile
916cbb50-7d22-4c0a-9169-8acfb8baaa19,L1,Profile
916cbb50-7d22-4c0a-9169-8acfb8baaa19,L1,Profile
916cbb50-7d22-4c0a-9169-8acfb8baaa19,L1,Profile
916cbb50-7d22-4c0a-9169-8acfb8baaa19,L1,Profile
916cbb50-7d22-4c0a-9169-8acfb8baaa19,L1,Profile
916cbb50-7d22-4c0a-9169-8acfb8baaa19,L1,Profile
916cbb50-7d22-4c0a-9169-8acfb8baaa19,L1,Profile
916cbb50-7d22-4c0a-9169-8acfb8baaa19,L1,Profile
916cbb50-7d22-4c0a-9169-8acfb8baaa19,L1,Profile
916cbb50-7d22-4c0a-9169-8acfb8baaa19,L1,Profile
916cbb50-7d22-4c0a-9169-8acfb8baaa19,L1,Profile
916cbb50-7d22-4c0a-9169-8acfb8baaa19,L1,Profile
916cbb50-7d22-4c0a-9169-8acfb8baaa19,L1,Profile
916cbb50-7d22-4c0a-9169-8acfb8baaa19,L1,Profile
916cbb50-7d22-4c0a-9169-8acfb8baaa19,L1,Profile
916cbb50-7d22-4c0a-9169-8acfb8baaa19,L1,Profile
916cbb50-7d22-4c0a-9169-8acfb8baaa19,L1,Profile
916cbb50-7d22-4c0a-9169-8acfb8baaa19,L1,Profile
916cbb50-7d22-4c0a-9169-8acfb8baaa19,L1,Profile
916cbb50-7d22-4c0a-9169-8acfb8baaa19,L1,Profile
916cbb50-7d22-4c0a-9169-8acfb8baaa19,L1,Profile
916cbb50-7d22-4c0a-9169-8acfb8baaa19,L1,Profile
916cbb50-7d22-4c0a-9169-8acfb8baaa19,L1,Profile
916cbb50-7d22-4c0a-9169-8acfb8baaa19,L1,Profile
916cbb50-7d22-4c0a-9169-8acfb8baaa19,L1,Profile
916cbb50-7d22-4c0a-9169-8acfb8baaa19,L1,Profile
916cbb50-7d22-4c0a-9169-8acfb8baaa19,L1,Profile
916cbb50-7d22-4c0a-9169-8acfb8baaa19,L1,Profile
916cbb50-7d22-4c0a-9169-8acfb8baaa19,L1,Profile
916cbb50-7d22-4c0a-9169-8acfb8baaa19,L1,Profile
916cbb50-7d22-4c0a-9169-8acfb8baaa19,L1,Profile
916cbb50-7d22-4c0a-9169-8acfb8baaa19,L1,Profile
916cbb50-7d22-4c0a-9169-8acfb8baaa19,L1,Profile
916cbb50-7d22-4c0a-9169-8acfb8baaa19,L1,Profile
916cbb50-7d22-4c0a-9169-8acfb8baaa19,L1,Profile
916cbb50-7d22-4c0a-9169-8acfb8baaa19,L1,Profile
916cbb50-7d22-4c0a-9169-8acfb8baaa19,L1,Profile
916cbb50-7d22-4c0a-9169-8acfb8baaa19,L1,Profile
916cbb50-7d22-4c0a-9169-8acfb8baaa19,L1,Profile
916cbb50-7d22-4c0a-9169-8acfb8baaa19,L1,Profile
916cbb50-7d22-4c0a-9169-8acfb8baaa19,L1,Profile
916cbb50-7d22-4c0a-9169-8acfb8baaa19,L1,Profile
916cbb50-7d22-4c0a-9169-8acfb8baaa19,L1,Profile
916cbb50-7d22-4c0a-9169-8acfb8baaa19,L1,Profile
916cbb50-7d22-4c0a-9169-8acfb8baaa19,L1,Profile
916cbb50-7d22-4c0a-9169-8acfb8baaa19,L1,Profile
916cbb50-7d22-4c0a-9169-8acfb8baaa19,L1,Profile
916cbb50-7d22-4c0a-9169-8acfb8baaa19,L1,Profile
916cbb50-7d22-4c0a-9169-8acfb8baaa19,L1,Profile
916cbb50-7d22-4c0a-9169-8acfb8baaa19,L1,Profile
916cbb50-7d22-4c0a-9169-8acfb8baaa19,L1,Profile
916cbb50-7d22-4c0a-9169-8acfb8baaa19,L1,Profile
916cbb50-7d22-4c0a-9169-8acfb8baaa19,L1,Profile
916cbb50-7d22-4c0a-9169-8acfb8baaa19,L1,Profile
916cbb50-7d22-4c0a-9169-8acfb8baaa19,L1,Profile
916cbb50-7d22-4c0a-9169-8acfb8baaa19,L1,Profile
916cbb50-7d22-4c0a-9169-8acfb8baaa19,L1,Profile
916cbb50-7d22-4c0a-9169-8acfb8baaa19,L1,Profile
916cbb50-7d22-4c0a-9169-8acfb8baaa19,L1,Profile
916cbb50-7d22-4c0a-9169-8acfb8baaa19,L1,Profile
916cbb50-7d22-4c0a-9169-8acfb8baaa19,L1,Profile
916cbb50-7d22-4c0a-9169-8acfb8baaa19,L1,Profile
916cbb50-7d22-4c0a-9169-8acfb8baaa19,L1,Profile
916cbb50-7d22-4c0a-9169-8acfb8baaa19,L1,Profile
916cbb50-7d22-4c0a-9169-8acfb8baaa19,L1,Profile
916cbb50-7d22-4c0a-9169-8acfb8baaa19,L1,Profile
916cbb50-7d22-4c0a-9169-8acfb8baaa19,L1,Profile
916cbb50-7d22-4c0a-9169-8acfb8baaa19,L1,Profile
916cbb50-7d22-4c0a-9169-8acfb8baaa19,L1,Profile
916cbb50-7d22-4c0a-9169-8acfb8baaa19,L1,Profile
916cbb50-7d22-4c0a-9169-8acfb8baaa19,L1,Profile
916cbb50-7d22-4c0a-9169-8acfb8baaa19,L1,Profile
916cbb50-7d22-4c0a-9169-8acfb8baaa19,L1,Profile
916cbb50-7d22-4c0a-9169-8acfb8baaa19,L1,Profile
916cbb50-7d22-4c0a-9169-8acfb8baaa19,L1,Profile
916cbb50-7d22-4c0a-9169-8acfb8baaa19,L1,Profile
916cbb50-7d22-4c0a-9169-8acfb8baaa19,L1,Profile
916cbb50-7d22-4c0a-9169-8acfb8baaa19,L1,Profile
916cbb50-7d22-4c0a-9169-8acfb8baaa19,L1,Profile
916cbb50-7d22-4c0a-9169-8acfb8baaa19,L1,Profile
916cbb50-7d22-4c0a-9169-8acfb8baaa19,L1,Profile
916cbb50-7d22-4c0a-9169-8acfb8baaa19,L1,Profile
916cbb50-7d22-4c0a-9169-8acfb8baaa19,L1,Profile
916cbb50-7d22-4c0a-9169-8acfb8baaa19,L1,Profile
916cbb50-7d22-4c0a-9169-8acfb8baaa19,L1,Profile
916cbb50-7d22-4c0a-9169-8acfb8baaa19,L1,Profile
916cbb50-7d22-4c0a-9169-8acfb8baaa19,L1,Profile
916cbb50-7d22-4c0a-9169-8acfb8baaa19,L1,Profile
916cbb50-7d22-4c0a-9169-8acfb8baaa19,L1,Profile
916cbb50-7d22-4c0a-9169-8acfb8baaa19,L1,Profile
916cbb50-7d22-4c0a-9169-8acfb8baaa19,L1,Profile
916cbb50-7d22-4c0a-9169-8acfb8baaa19,L1,Profile
916cbb50-7d22-4c0a-9169-8acfb8baaa19,L1,Profile
916cbb50-7d22-4c0a-9169-8acfb8baaa19,L1,Profile
916cbb50-7d22-4c0a-9169-8acfb8baaa19,L1,Profile
916cbb50-7d22-4c0a-9169-8acfb8baaa19,L1,Profile
916cbb50-7d22-4c0a-9169-8acfb8baaa19,L1,Profile
916cbb50-7d22-4c0a-9169-8acfb8baaa19,L1,Profile
916cbb50-7d22-4c0a-9169-8acfb8baaa19,L1,Profile
916cbb50-7d22-4c0a-9169-8acfb8baaa19,L1,Profile
916cbb50-7d22-4c0a-9169-8acfb8baaa19,L1,Profile
916cbb50-7d22-4c0a-9169-8acfb8baaa19,L1,Profile
916cbb50-7d22-4c0a-9169-8acfb8baaa19,L1,Profile
916cbb50-7d22-4c0a-9169-8acfb8baaa19,L1,Profile
916cbb50-7d22-4c0a-9169-8acfb8baaa19,L1,Profile
916cbb50-7d22-4c0a-9169-8acfb8baaa19,L1,Profile
916cbb50-7d22-4c0a-9169-8acfb8baaa19,L1,Profile
916cbb50-7d22-4c0a-9169-8acfb8baaa19,L1,Profile
916cbb50-7d22-4c0a-9169-8acfb8baaa19,L1,Profile
916cbb50-7d22-4c0a-9169-8acfb8baaa19,L1,Profile
916cbb50-7d22-4c0a-9169-8acfb8baaa19,L1,Profile
916cbb50-7d22-4c0a-9169-8acfb8baaa19,L1,Profile
916cbb50-7d22-4c0a-9169-8acfb8baaa19,L1,Profile
916cbb50-7d22-4c0a-9169-8acfb8baaa19,L1,Profile
916cbb50-7d22-4c0a-9169-8acfb8baaa19,L1,Profile
916cbb50-7d22-4c0a-9169-8acfb8baaa19,L1,Profile
916cbb50-7d22-4c0a-9169-8acfb8baaa19,L1,Profile
916cbb50-7d22-4c0a-9169-8acfb8baaa19,L1,Profile
916cbb50-7d22-4c0a-9169-8acfb8baaa19,L1,Profile
916cbb50-7d22-4c0a-9169-8acfb8baaa19,L1,Profile
916cbb50-7d22-4c0a-9169-8acfb8baaa19,L1,Profile
916cbb50-7d22-4c0a-9169-8acfb8baaa19,L1,Profile
916cbb50-7d22-4c0a-9169-8acfb8baaa19,L1,Profile
916cbb50-7d22-4c0a-9169-8acfb8baaa19,L1,Profile
916cbb50-7d22-4c0a-9169-8acfb8baaa19,L1,Profile
916cbb50-7d22-4c0a-9169-8acfb8baaa19,L1,Profile
916cbb50-7d22-4c0a-9169-8acfb8baaa19,L1,Profile
916cbb50-7d22-4c0a-9169-8acfb8baaa19,L1,Profile
916cbb50-7d22-4c0a-9169-8acfb8baaa19,L1,Profile
916cbb50-7d22-4c0a-9169-8acfb8baaa19,L1,Profile
916cbb50-7d22-4c0a-9169-8acfb8baaa19,L1,Profile
916cbb50-7d22-4c0a-9169-8acfb8baaa19,L1,Profile
916cbb50-7d22-4c0a-9169-8acfb8baaa19,L1,Profile
916cbb50-7d22-4c0a-9169-8acfb8baaa19,L1,Profile
916cbb50-7d22-4c0a-9169-8acfb8baaa19,L1,Profile
916cbb50-7d22-4c0a-9169-8acfb8baaa19,L1,Profile
916cbb50-7d22-4c0a-9169-8acfb8baaa19,L1,Profile
916cbb50-7d22-4c0a-9169-8acfb8baaa19,L1,Profile
916cbb50-7d22-4c0a-9169-8acfb8baaa19,L1,Profile
916cbb50-7d22-4c0a-9169-8acfb8baaa19,L1,Profile
916cbb50-7d22-4c0a-9169-8acfb8baaa19,L1,Profile
916cbb50-7d22-4c0a-9169-8acfb8baaa19,L1,Profile
916cbb50-7d22-4c0a-9169-8acfb8baaa19,L1,Profile
916cbb50-7d22-4c0a-9169-8acfb8baaa19,L1,Profile
916cbb50-7d22-4c0a-9169-8acfb8baaa19,L1,Profile
916cbb50-7d22-4c0a-9169-8acfb8baaa19,L1,Profile
916cbb50-7d22-4c0a-9169-8acfb8baaa19,L1,Profile
916cbb50-7d22-4c0a-9169-8acfb8baaa19,L1,Profile
916cbb50-7d22-4c0a-9169-8acfb8baaa19,L1,Profile
916cbb50-7d22-4c0a-9169-8acfb8baaa19,L1,Profile
916cbb50-7d22-4c0a-9169-8acfb8baaa19,L1,Profile
916cbb50-7d22-4c0a-9169-8acfb8baaa19,L1,Profile
916cbb50-7d22-4c0a-9169-8acfb8baaa19,L1,Profile
916cbb50-7d22-4c0a-9169-8acfb8baaa19,L1,Profile
916cbb50-7d22-4c0a-9169-8acfb8baaa19,L1,Profile
916cbb50-7d22-4c0a-9169-8acfb8baaa19,L1,Profile
916cbb50-7d22-4c0a-9169-8acfb8baaa19,L1,Profile
916cbb50-7d22-4c0a-9169-8acfb8baaa19,L1,Profile
916cbb50-7d22-4c0a-9169-8acfb8baaa19,L1,Profile
916cbb50-7d22-4c0a-9169-8acfb8baaa19,L1,Profile
916cbb50-7d22-4c0a-9169-8acfb8baaa19,L1,Profile
916cbb50-7d22-4c0a-9169-8acfb8baaa19,L1,Profile
916cbb50-7d22-4c0a-9169-8acfb8baaa19,L1,Profile
916cbb50-7d22-4c0a-9169-8acfb8baaa19,L1,Profile
916cbb50-7d22-4c0a-9169-8acfb8baaa19,L1,Profile
916cbb50-7d22-4c0a-9169-8acfb8baaa19,L1,Profile
916cbb50-7d22-4c0a-9169-8acfb8baaa19,L1,Profile
916cbb50-7d22-4c0a-9169-8acfb8baaa19,L1,Profile
916cbb50-7d22-4c0a-9169-8acfb8baaa19,L1,Profile
916cbb50-7d22-4c0a-9169-8acfb8baaa19,L1,Profile
916cbb50-7d22-4c0a-9169-8acfb8baaa19,L1,Profile
916cbb50-7d22-4c0a-9169-8acfb8baaa19,L1,Profile
916cbb50-7d22-4c0a-9169-8acfb8baaa19,L1,Profile
916cbb50-7d22-4c0a-9169-8acfb8baaa19,L1,Profile
916cbb50-7d22-4c0a-9169-8acfb8baaa19,L1,Profile
916cbb50-7d22-4c0a-9169-8acfb8baaa19,L1,Profile
916cbb50-7d22-4c0a-9169-8acfb8baaa19,L1,Profile
916cbb50-7d22-4c0a-9169-8acfb8baaa19,L1,Profile
916cbb50-7d22-4c0a-9169-8acfb8baaa19,L1,Profile
916cbb50-7d22-4c0a-9169-8acfb8baaa19,L1,Profile
916cbb50-7d22-4c0a-9169-8acfb8baaa19,L1,Profile
916cbb50-7d22-4c0a-9169-8acfb8baaa19,L1,Profile
916cbb50-7d22-4c0a-9169-8acfb8baaa19,L1,Profile
916cbb50-7d22-4c0a-9169-8acfb8baaa19,L1,Profile
916cbb50-7d22-4c0a-9169-8acfb8baaa19,L1,Profile
916cbb50-7d22-4c0a-9169-8acfb8baaa19,L1,Profile
916cbb50-7d22-4c0a-9169-8acfb8baaa19,L1,Profile
916cbb50-7d22-4c0a-9169-8acfb8baaa19,L1,Profile
916cbb50-7d22-4c0a-9169-8acfb8baaa19,L1,Profile
916cbb50-7d22-4c0a-9169-8acfb8baaa19,L1,Profile
916cbb50-7d22-4c0a-9169-8acfb8baaa19,L1,Profile
916cbb50-7d22-4c0a-9169-8acfb8baaa19,L1,Profile
916cbb50-7d22-4c0a-9169-8acfb8baaa19,L1,Profile
916cbb50-7d22-4c0a-9169-8acfb8baaa19,L1,Profile
916cbb50-7d22-4c0a-9169-8acfb8baaa19,L1,Profile
916cbb50-7d22-4c0a-9169-8acfb8baaa19,L1,Profile
916cbb50-7d22-4c0a-9169-8acfb8baaa19,L1,Profile
916cbb50-7d22-4c0a-9169-8acfb8baaa19,L1,Profile
916cbb50-7d22-4c0a-9169-8acfb8baaa19,L1,Profile
916cbb50-7d22-4c0a-9169-8acfb8baaa19,L1,Profile
916cbb50-7d22-4c0a-9169-8acfb8baaa19,L1,Profile
916cbb50-7d22-4c0a-9169-8acfb8baaa19,L1,Profile
916cbb50-7d22-4c0a-9169-8acfb8baaa19,L1,Profile
916cbb50-7d22-4c0a-9169-8acfb8baaa19,L1,Profile
916cbb50-7d22-4c0a-9169-8acfb8baaa19,L1,Profile
916cbb50-7d22-4c0a-9169-8acfb8baaa19,L1,Profile
916cbb50-7d22-4c0a-9169-8acfb8baaa19,L1,Profile
916cbb50-7d22-4c0a-9169-8acfb8baaa19,L1,Profile
916cbb50-7d22-4c0a-9169-8acfb8baaa19,L1,Profile
916cbb50-7d22-4c0a-9169-8acfb8baaa19,L1,Profile
916cbb50-7d22-4c0a-9169-8acfb8baaa19,L1,Profile
916cbb50-7d22-4c0a-9169-8acfb8baaa19,L1,Profile
916cbb50-7d22-4c0a-9169-8acfb8baaa19,L1,Profile
916cbb50-7d22-4c0a-9169-8acfb8baaa19,L1,Profile
916cbb50-7d22-4c0a-9169-8acfb8baaa19,L1,Profile
916cbb50-7d22-4c0a-9169-8acfb8baaa19,L1,Profile
916cbb50-7d22-4c0a-9169-8acfb8baaa19,L1,Profile
916cbb50-7d22-4c0a-9169-8acfb8baaa19,L1,Profile
916cbb50-7d22-4c0a-9169-8acfb8baaa19,L1,Profile
916cbb50-7d22-4c0a-9169-8acfb8baaa19,L1,Profile
916cbb50-7d22-4c0a-9169-8acfb8baaa19,L1,Profile
916cbb50-7d22-4c0a-9169-8acfb8baaa19,L1,Profile
916cbb50-7d22-4c0a-9169-8acfb8baaa19,L1,Profile
916cbb50-7d22-4c0a-9169-8acfb8baaa19,L1,Profile
916cbb50-7d22-4c0a-9169-8acfb8baaa19,L1,Profile
916cbb50-7d22-4c0a-9169-8acfb8baaa19,L1,Profile
916cbb50-7d22-4c0a-9169-8acfb8baaa19,L1,Profile
916cbb50-7d22-4c0a-9169-8acfb8baaa19,L1,Profile
916cbb50-7d22-4c0a-9169-8acfb8baaa19,L1,Profile
916cbb50-7d22-4c0a-9169-8acfb8baaa19,L1,Profile
916cbb50-7d22-4c0a-9169-8acfb8baaa19,L1,Profile
916cbb50-7d22-4c0a-9169-8acfb8baaa19,L1,Profile
916cbb50-7d22-4c0a-9169-8acfb8baaa19,L1,Profile
916cbb50-7d22-4c0a-9169-8acfb8baaa19,L1,Profile
916cbb50-7d22-4c0a-9169-8acfb8baaa19,L1,Profile
916cbb50-7d22-4c0a-9169-8acfb8baaa19,L1,Profile
916cbb50-7d22-4c0a-9169-8acfb8baaa19,L1,Profile
916cbb50-7d22-4c0a-9169-8acfb8baaa19,L1,Profile
916cbb50-7d22-4c0a-9169-8acfb8baaa19,L1,Profile
916cbb50-7d22-4c0a-9169-8acfb8baaa19,L1,Profile
916cbb50-7d22-4c0a-9169-8acfb8baaa19,L1,Profile
916cbb50-7d22-4c0a-9169-8acfb8baaa19,L1,Profile
916cbb50-7d22-4c0a-9169-8acfb8baaa19,L1,Profile
916cbb50-7d22-4c0a-9169-8acfb8baaa19,L1,Profile
916cbb50-7d22-4c0a-9169-8acfb8baaa19,L1,Profile
916cbb50-7d22-4c0a-9169-8acfb8baaa19,L1,Profile
916cbb50-7d22-4c0a-9169-8acfb8baaa19,L1,Profile
916cbb50-7d22-4c0a-9169-8acfb8baaa19,L1,Profile
916cbb50-7d22-4c0a-9169-8acfb8baaa19,L1,Profile
916cbb50-7d22-4c0a-9169-8acfb8baaa19,L1,Profile
916cbb50-7d22-4c0a-9169-8acfb8baaa19,L1,Profile
916cbb50-7d22-4c0a-9169-8acfb8baaa19,L1,Profile
916cbb50-7d22-4c0a-9169-8acfb8baaa19,L1,Profile
916cbb50-7d22-4c0a-9169-8acfb8baaa19,L1,Profile
916cbb50-7d22-4c0a-9169-8acfb8baaa19,L1,Profile
916cbb50-7d22-4c0a-9169-8acfb8baaa19,L1,Profile
916cbb50-7d22-4c0a-9169-8acfb8baaa19,L1,Profile
916cbb50-7d22-4c0a-9169-8acfb8baaa19,L1,Profile
916cbb50-7d22-4c0a-9169-8acfb8baaa19,L1,Profile
916cbb50-7d22-4c0a-9169-8acfb8baaa19,L1,Profile
916cbb50-7d22-4c0a-9169-8acfb8baaa19,L1,Profile
916cbb50-7d22-4c0a-9169-8acfb8baaa19,L1,Profile
916cbb50-7d22-4c0a-9169-8acfb8baaa19,L1,Profile
916cbb50-7d22-4c0a-9169-8acfb8baaa19,L1,Profile
916cbb50-7d22-4c0a-9169-8acfb8baaa19,L1,Profile
916cbb50-7d22-4c0a-9169-8acfb8baaa19,L1,Profile
916cbb50-7d22-4c0a-9169-8acfb8baaa19,L1,Profile
916cbb50-7d22-4c0a-9169-8acfb8baaa19,L1,Profile
916cbb50-7d22-4c0a-9169-8acfb8baaa19,L1,Profile
916cbb50-7d22-4c0a-9169-8acfb8baaa19,L1,Profile
916cbb50-7d22-4c0a-9169-8acfb8baaa19,L1,Profile
916cbb50-7d22-4c0a-9169-8acfb8baaa19,L1,Profile
916cbb50-7d22-4c0a-9169-8acfb8baaa19,L1,Profile
916cbb50-7d22-4c0a-9169-8acfb8baaa19,L1,Profile
916cbb50-7d22-4c0a-9169-8acfb8baaa19,L1,Profile
916cbb50-7d22-4c0a-9169-8acfb8baaa19,L1,Profile
916cbb50-7d22-4c0a-9169-8acfb8baaa19,L1,Profile
916cbb50-7d22-4c0a-9169-8acfb8baaa19,L1,Profile
916cbb50-7d22-4c0a-9169-8acfb8baaa19,L1,Profile
916cbb50-7d22-4c0a-9169-8acfb8baaa19,L1,Profile
916cbb50-7d22-4c0a-9169-8acfb8baaa19,L1,Profile
916cbb50-7d22-4c0a-9169-8acfb8baaa19,L1,Profile
916cbb50-7d22-4c0a-9169-8acfb8baaa19,L1,Profile
916cbb50-7d22-4c0a-9169-8acfb8baaa19,L1,Profile
916cbb50-7d22-4c0a-9169-8acfb8baaa19,L1,Profile
916cbb50-7d22-4c0a-9169-8acfb8baaa19,L1,Profile
916cbb50-7d22-4c0a-9169-8acfb8baaa19,L1,Profile
916cbb50-7d22-4c0a-9169-8acfb8baaa19,L1,Profile
916cbb50-7d22-4c0a-9169-8acfb8baaa19,L1,Profile
916cbb50-7d22-4c0a-9169-8acfb8baaa19,L1,Profile
916cbb50-7d22-4c0a-9169-8acfb8baaa19,L1,Profile
916cbb50-7d22-4c0a-9169-8acfb8baaa19,L1,Profile
916cbb50-7d22-4c0a-9169-8acfb8baaa19,L1,Profile
916cbb50-7d22-4c0a-9169-8acfb8baaa19,L1,Profile
916cbb50-7d22-4c0a-9169-8acfb8baaa19,L1,Profile
916cbb50-7d22-4c0a-9169-8acfb8baaa19,L1,Profile
916cbb50-7d22-4c0a-9169-8acfb8baaa19,L1,Profile
916cbb50-7d22-4c0a-9169-8acfb8baaa19,L1,Profile
916cbb50-7d22-4c0a-9169-8acfb8baaa19,L1,Profile
916cbb50-7d22-4c0a-9169-8acfb8baaa19,L1,Profile
916cbb50-7d22-4c0a-9169-8acfb8baaa19,L1,Profile
916cbb50-7d22-4c0a-9169-8acfb8baaa19,L1,Profile
916cbb50-7d22-4c0a-9169-8acfb8baaa19,L1,Profile
916cbb50-7d22-4c0a-9169-8acfb8baaa19,L1,Profile
916cbb50-7d22-4c0a-9169-8acfb8baaa19,L1,Profile
916cbb50-7d22-4c0a-9169-8acfb8baaa19,L1,Profile
916cbb50-7d22-4c0a-9169-8acfb8baaa19,L1,Profile
916cbb50-7d22-4c0a-9169-8acfb8baaa19,L1,Profile
916cbb50-7d22-4c0a-9169-8acfb8baaa19,L1,Profile
916cbb50-7d22-4c0a-9169-8acfb8baaa19,L1,Profile
916cbb50-7d22-4c0a-9169-8acfb8baaa19,L1,Profile
916cbb50-7d22-4c0a-9169-8acfb8baaa19,L1,Profile
916cbb50-7d22-4c0a-9169-8acfb8baaa19,L1,Profile
916cbb50-7d22-4c0a-9169-8acfb8baaa19,L1,Profile
916cbb50-7d22-4c0a-9169-8acfb8baaa19,L1,Profile
916cbb50-7d22-4c0a-9169-8acfb8baaa19,L1,Profile
916cbb50-7d22-4c0a-9169-8acfb8baaa19,L1,Profile
916cbb50-7d22-4c0a-9169-8acfb8baaa19,L1,Profile
916cbb50-7d22-4c0a-9169-8acfb8baaa19,L1,Profile
916cbb50-7d22-4c0a-9169-8acfb8baaa19,L1,Profile
916cbb50-7d22-4c0a-9169-8acfb8baaa19,L1,Profile
916cbb50-7d22-4c0a-9169-8acfb8baaa19,L1,Profile
916cbb50-7d22-4c0a-9169-8acfb8baaa19,L1,Profile
916cbb50-7d22-4c0a-9169-8acfb8baaa19,L1,Profile
916cbb50-7d22-4c0a-9169-8acfb8baaa19,L1,Profile
916cbb50-7d22-4c0a-9169-8acfb8baaa19,L1,Profile
916cbb50-7d22-4c0a-9169-8acfb8baaa19,L1,Profile
916cbb50-7d22-4c0a-9169-8acfb8baaa19,L1,Profile
916cbb50-7d22-4c0a-9169-8acfb8baaa19,L1,Profile
916cbb50-7d22-4c0a-9169-8acfb8baaa19,L1,Profile
916cbb50-7d22-4c0a-9169-8acfb8baaa19,L1,Profile
916cbb50-7d22-4c0a-9169-8acfb8baaa19,L1,Profile
916cbb50-7d22-4c0a-9169-8acfb8baaa19,L1,Profile
916cbb50-7d22-4c0a-9169-8acfb8baaa19,L1,Profile
916cbb50-7d22-4c0a-9169-8acfb8baaa19,L1,Profile
916cbb50-7d22-4c0a-9169-8acfb8baaa19,L1,Profile
916cbb50-7d22-4c0a-9169-8acfb8baaa19,L1,Profile
916cbb50-7d22-4c0a-9169-8acfb8baaa19,L1,Profile
916cbb50-7d22-4c0a-9169-8acfb8baaa19,L1,Profile
916cbb50-7d22-4c0a-9169-8acfb8baaa19,L1,Profile
916cbb50-7d22-4c0a-9169-8acfb8baaa19,L1,Profile
916cbb50-7d22-4c0a-9169-8acfb8baaa19,L1,Profile
916cbb50-7d22-4c0a-9169-8acfb8baaa19,L1,Profile
916cbb50-7d22-4c0a-9169-8acfb8baaa19,L1,Profile
916cbb50-7d22-4c0a-9169-8acfb8baaa19,L1,Profile
916cbb50-7d22-4c0a-9169-8acfb8baaa19,L1,Profile
916cbb50-7d22-4c0a-9169-8acfb8baaa19,L1,Profile
916cbb50-7d22-4c0a-9169-8acfb8baaa19,L1,Profile
916cbb50-7d22-4c0a-9169-8acfb8baaa19,L1,Profile
916cbb50-7d22-4c0a-9169-8acfb8baaa19,L1,Profile
916cbb50-7d22-4c0a-9169-8acfb8baaa19,L1,Profile
916cbb50-7d22-4c0a-9169-8acfb8baaa19,L1,Profile
916cbb50-7d22-4c0a-9169-8acfb8baaa19,L1,Profile
916cbb50-7d22-4c0a-9169-8acfb8baaa19,L1,Profile
916cbb50-7d22-4c0a-9169-8acfb8baaa19,L1,Profile
916cbb50-7d22-4c0a-9169-8acfb8baaa19,L1,Profile
916cbb50-7d22-4c0a-9169-8acfb8baaa19,L1,Profile
916cbb50-7d22-4c0a-9169-8acfb8baaa19,L1,Profile
916cbb50-7d22-4c0a-9169-8acfb8baaa19,L1,Profile
916cbb50-7d22-4c0a-9169-8acfb8baaa19,L1,Profile
916cbb50-7d22-4c0a-9169-8acfb8baaa19,L1,Profile
916cbb50-7d22-4c0a-9169-8acfb8baaa19,L1,Profile
916cbb50-7d22-4c0a-9169-8acfb8baaa19,L1,Profile
916cbb50-7d22-4c0a-9169-8acfb8baaa19,L1,Profile
916cbb50-7d22-4c0a-9169-8acfb8baaa19,L1,Profile
916cbb50-7d22-4c0a-9169-8acfb8baaa19,L1,Profile
916cbb50-7d22-4c0a-9169-8acfb8baaa19,L1,Profile
916cbb50-7d22-4c0a-9169-8acfb8baaa19,L1,Profile
916cbb50-7d22-4c0a-9169-8acfb8baaa19,L1,Profile
916cbb50-7d22-4c0a-9169-8acfb8baaa19,L1,Profile
916cbb50-7d22-4c0a-9169-8acfb8baaa19,L1,Profile
916cbb50-7d22-4c0a-9169-8acfb8baaa19,L1,Profile
916cbb50-7d22-4c0a-9169-8acfb8baaa19,L1,Profile
916cbb50-7d22-4c0a-9169-8acfb8baaa19,L1,Profile
916cbb50-7d22-4c0a-9169-8acfb8baaa19,L1,Profile
916cbb50-7d22-4c0a-9169-8acfb8baaa19,L1,Profile
916cbb50-7d22-4c0a-9169-8acfb8baaa19,L1,Profile
916cbb50-7d22-4c0a-9169-8acfb8baaa19,L1,Profile
916cbb50-7d22-4c0a-9169-8acfb8baaa19,L1,Profile
916cbb50-7d22-4c0a-9169-8acfb8baaa19,L1,Profile
916cbb50-7d22-4c0a-9169-8acfb8baaa19,L1,Profile
916cbb50-7d22-4c0a-9169-8acfb8baaa19,L1,Profile
916cbb50-7d22-4c0a-9169-8acfb8baaa19,L1,Profile
916cbb50-7d22-4c0a-9169-8acfb8baaa19,L1,Profile
916cbb50-7d22-4c0a-9169-8acfb8baaa19,L1,Profile
916cbb50-7d22-4c0a-9169-8acfb8baaa19,L1,Profile
916cbb50-7d22-4c0a-9169-8acfb8baaa19,L1,Profile
916cbb50-7d22-4c0a-9169-8acfb8baaa19,L1,Profile
916cbb50-7d22-4c0a-9169-8acfb8baaa19,L1,Profile
916cbb50-7d22-4c0a-9169-8acfb8baaa19,L1,Profile
916cbb50-7d22-4c0a-9169-8acfb8baaa19,L1,Profile
916cbb50-7d22-4c0a-9169-8acfb8baaa19,L1,Profile
916cbb50-7d22-4c0a-9169-8acfb8baaa19,L1,Profile
916cbb50-7d22-4c0a-9169-8acfb8baaa19,L1,Profile
916cbb50-7d22-4c0a-9169-8acfb8baaa19,L1,Profile
916cbb50-7d22-4c0a-9169-8acfb8baaa19,L1,Profile
916cbb50-7d22-4c0a-9169-8acfb8baaa19,L1,Profile
916cbb50-7d22-4c0a-9169-8acfb8baaa19,L1,Profile
916cbb50-7d22-4c0a-9169-8acfb8baaa19,L1,Profile
916cbb50-7d22-4c0a-9169-8acfb8baaa19,L1,Profile
916cbb50-7d22-4c0a-9169-8acfb8baaa19,L1,Profile
916cbb50-7d22-4c0a-9169-8acfb8baaa19,L1,Profile
916cbb50-7d22-4c0a-9169-8acfb8baaa19,L1,Profile
916cbb50-7d22-4c0a-9169-8acfb8baaa19,L1,Profile
916cbb50-7d22-4c0a-9169-8acfb8baaa19,L1,Profile
916cbb50-7d22-4c0a-9169-8acfb8baaa19,L1,Profile
916cbb50-7d22-4c0a-9169-8acfb8baaa19,L1,Profile
916cbb50-7d22-4c0a-9169-8acfb8baaa19,L1,Profile
916cbb50-7d22-4c0a-9169-8acfb8baaa19,L1,Profile
916cbb50-7d22-4c0a-9169-8acfb8baaa19,L1,Profile
916cbb50-7d22-4c0a-9169-8acfb8baaa19,L1,Profile
916cbb50-7d22-4c0a-9169-8acfb8baaa19,L1,Profile
916cbb50-7d22-4c0a-9169-8acfb8baaa19,L1,Profile
916cbb50-7d22-4c0a-9169-8acfb8baaa19,L1,Profile
916cbb50-7d22-4c0a-9169-8acfb8baaa19,L1,Profile
916cbb50-7d22-4c0a-9169-8acfb8baaa19,L1,Profile
916cbb50-7d22-4c0a-9169-8acfb8baaa19,L1,Profile
916cbb50-7d22-4c0a-9169-8acfb8baaa19,L1,Profile
916cbb50-7d22-4c0a-9169-8acfb8baaa19,L1,Profile
916cbb50-7d22-4c0a-9169-8acfb8baaa19,L1,Profile
916cbb50-7d22-4c0a-9169-8acfb8baaa19,L1,Profile
916cbb50-7d22-4c0a-9169-8acfb8baaa19,L1,Profile
916cbb50-7d22-4c0a-9169-8acfb8baaa19,L1,Profile
916cbb50-7d22-4c0a-9169-8acfb8baaa19,L1,Profile
916cbb50-7d22-4c0a-9169-8acfb8baaa19,L1,Profile
916cbb50-7d22-4c0a-9169-8acfb8baaa19,L1,Profile
916cbb50-7d22-4c0a-9169-8acfb8baaa19,L1,Profile
916cbb50-7d22-4c0a-9169-8acfb8baaa19,L1,Profile
916cbb50-7d22-4c0a-9169-8acfb8baaa19,L1,Profile
916cbb50-7d22-4c0a-9169-8acfb8baaa19,L1,Profile
916cbb50-7d22-4c0a-9169-8acfb8baaa19,L1,Profile
916cbb50-7d22-4c0a-9169-8acfb8baaa19,L1,Profile
916cbb50-7d22-4c0a-9169-8acfb8baaa19,L1,Profile
916cbb50-7d22-4c0a-9169-8acfb8baaa19,L1,Profile
916cbb50-7d22-4c0a-9169-8acfb8baaa19,L1,Profile
916cbb50-7d22-4c0a-9169-8acfb8baaa19,L1,Profile
916cbb50-7d22-4c0a-9169-8acfb8baaa19,L1,Profile
916cbb50-7d22-4c0a-9169-8acfb8baaa19,L1,Profile
916cbb50-7d22-4c0a-9169-8acfb8baaa19,L1,Profile
916cbb50-7d22-4c0a-9169-8acfb8baaa19,L1,Profile
916cbb50-7d22-4c0a-9169-8acfb8baaa19,L1,Profile
916cbb50-7d22-4c0a-9169-8acfb8baaa19,L1,Profile
916cbb50-7d22-4c0a-9169-8acfb8baaa19,L1,Profile
916cbb50-7d22-4c0a-9169-8acfb8baaa19,L1,Profile
916cbb50-7d22-4c0a-9169-8acfb8baaa19,L1,Profile
916cbb50-7d22-4c0a-9169-8acfb8baaa19,L1,Profile
916cbb50-7d22-4c0a-9169-8acfb8baaa19,L1,Profile
916cbb50-7d22-4c0a-9169-8acfb8baaa19,L1,Profile
916cbb50-7d22-4c0a-9169-8acfb8baaa19,L1,Profile
916cbb50-7d22-4c0a-9169-8acfb8baaa19,L1,Profile
916cbb50-7d22-4c0a-9169-8acfb8baaa19,L1,Profile
916cbb50-7d22-4c0a-9169-8acfb8baaa19,L1,Profile
916cbb50-7d22-4c0a-9169-8acfb8baaa19,L1,Profile
916cbb50-7d22-4c0a-9169-8acfb8baaa19,L1,Profile
916cbb50-7d22-4c0a-9169-8acfb8baaa19,L1,Profile
916cbb50-7d22-4c0a-9169-8acfb8baaa19,L1,Profile
916cbb50-7d22-4c0a-9169-8acfb8baaa19,L1,Profile
916cbb50-7d22-4c0a-9169-8acfb8baaa19,L1,Profile
916cbb50-7d22-4c0a-9169-8acfb8baaa19,L1,Profile
916cbb50-7d22-4c0a-9169-8acfb8baaa19,L1,Profile
916cbb50-7d22-4c0a-9169-8acfb8baaa19,L1,Profile
916cbb50-7d22-4c0a-9169-8acfb8baaa19,L1,Profile
916cbb50-7d22-4c0a-9169-8acfb8baaa19,L1,Profile
916cbb50-7d22-4c0a-9169-8acfb8baaa19,L1,Profile
916cbb50-7d22-4c0a-9169-8acfb8baaa19,L1,Profile
916cbb50-7d22-4c0a-9169-8acfb8baaa19,L1,Profile
916cbb50-7d22-4c0a-9169-8acfb8baaa19,L1,Profile
916cbb50-7d22-4c0a-9169-8acfb8baaa19,L1,Profile
916cbb50-7d22-4c0a-9169-8acfb8baaa19,L1,Profile
916cbb50-7d22-4c0a-9169-8acfb8baaa19,L1,Profile
916cbb50-7d22-4c0a-9169-8acfb8baaa19,L1,Profile
916cbb50-7d22-4c0a-9169-8acfb8baaa19,L1,Profile
916cbb50-7d22-4c0a-9169-8acfb8baaa19,L1,Profile
916cbb50-7d22-4c0a-9169-8acfb8baaa19,L1,Profile
916cbb50-7d22-4c0a-9169-8acfb8baaa19,L1,Profile
916cbb50-7d22-4c0a-9169-8acfb8baaa19,L1,Profile
916cbb50-7d22-4c0a-9169-8acfb8baaa19,L1,Profile
916cbb50-7d22-4c0a-9169-8acfb8baaa19,L1,Profile
916cbb50-7d22-4c0a-9169-8acfb8baaa19,L1,Profile
916cbb50-7d22-4c0a-9169-8acfb8baaa19,L1,Profile
916cbb50-7d22-4c0a-9169-8acfb8baaa19,L1,Profile
916cbb50-7d22-4c0a-9169-8acfb8baaa19,L1,Profile
916cbb50-7d22-4c0a-9169-8acfb8baaa19,L1,Profile
916cbb50-7d22-4c0a-9169-8acfb8baaa19,L1,Profile
916cbb50-7d22-4c0a-9169-8acfb8baaa19,L1,Profile
916cbb50-7d22-4c0a-9169-8acfb8baaa19,L1,Profile
916cbb50-7d22-4c0a-9169-8acfb8baaa19,L1,Profile
916cbb50-7d22-4c0a-9169-8acfb8baaa19,L1,Profile
916cbb50-7d22-4c0a-9169-8acfb8baaa19,L1,Profile
916cbb50-7d22-4c0a-9169-8acfb8baaa19,L1,Profile
916cbb50-7d22-4c0a-9169-8acfb8baaa19,L1,Profile
916cbb50-7d22-4c0a-9169-8acfb8baaa19,L1,Profile
916cbb50-7d22-4c0a-9169-8acfb8baaa19,L1,Profile
916cbb50-7d22-4c0a-9169-8acfb8baaa19,L1,Profile
916cbb50-7d22-4c0a-9169-8acfb8baaa19,L1,Profile
916cbb50-7d22-4c0a-9169-8acfb8baaa19,L1,Profile
916cbb50-7d22-4c0a-9169-8acfb8baaa19,L1,Profile
916cbb50-7d22-4c0a-9169-8acfb8baaa19,L1,Profile
916cbb50-7d22-4c0a-9169-8acfb8baaa19,L1,Profile
916cbb50-7d22-4c0a-9169-8acfb8baaa19,L1,Profile
916cbb50-7d22-4c0a-9169-8acfb8baaa19,L1,Profile
916cbb50-7d22-4c0a-9169-8acfb8baaa19,L1,Profile
916cbb50-7d22-4c0a-9169-8acfb8baaa19,L1,Profile
916cbb50-7d22-4c0a-9169-8acfb8baaa19,L1,Profile
916cbb50-7d22-4c0a-9169-8acfb8baaa19,L1,Profile
916cbb50-7d22-4c0a-9169-8acfb8baaa19,L1,Profile
916cbb50-7d22-4c0a-9169-8acfb8baaa19,L1,Profile
916cbb50-7d22-4c0a-9169-8acfb8baaa19,L1,Profile
916cbb50-7d22-4c0a-9169-8acfb8baaa19,L1,Profile
916cbb50-7d22-4c0a-9169-8acfb8baaa19,L1,Profile
916cbb50-7d22-4c0a-9169-8acfb8baaa19,L1,Profile
916cbb50-7d22-4c0a-9169-8acfb8baaa19,L1,Profile
916cbb50-7d22-4c0a-9169-8acfb8baaa19,L1,Profile
916cbb50-7d22-4c0a-9169-8acfb8baaa19,L1,Profile
916cbb50-7d22-4c0a-9169-8acfb8baaa19,L1,Profile
916cbb50-7d22-4c0a-9169-8acfb8baaa19,L1,Profile
916cbb50-7d22-4c0a-9169-8acfb8baaa19,L1,Profile
916cbb50-7d22-4c0a-9169-8acfb8baaa19,L1,Profile
916cbb50-7d22-4c0a-9169-8acfb8baaa19,L1,Profile
916cbb50-7d22-4c0a-9169-8acfb8baaa19,L1,Profile
916cbb50-7d22-4c0a-9169-8acfb8baaa19,L1,Profile
916cbb50-7d22-4c0a-9169-8acfb8baaa19,L1,Profile
916cbb50-7d22-4c0a-9169-8acfb8baaa19,L1,Profile
916cbb50-7d22-4c0a-9169-8acfb8baaa19,L1,Profile
916cbb50-7d22-4c0a-9169-8acfb8baaa19,L1,Profile
916cbb50-7d22-4c0a-9169-8acfb8baaa19,L1,Profile
916cbb50-7d22-4c0a-9169-8acfb8baaa19,L1,Profile
916cbb50-7d22-4c0a-9169-8acfb8baaa19,L1,Profile
916cbb50-7d22-4c0a-9169-8acfb8baaa19,L1,Profile
916cbb50-7d22-4c0a-9169-8acfb8baaa19,L1,Profile
916cbb50-7d22-4c0a-9169-8acfb8baaa19,L1,Profile
916cbb50-7d22-4c0a-9169-8acfb8baaa19,L1,Profile
916cbb50-7d22-4c0a-9169-8acfb8baaa19,L1,Profile
916cbb50-7d22-4c0a-9169-8acfb8baaa19,L1,Profile
916cbb50-7d22-4c0a-9169-8acfb8baaa19,L1,Profile
916cbb50-7d22-4c0a-9169-8acfb8baaa19,L1,Profile
916cbb50-7d22-4c0a-9169-8acfb8baaa19,L1,Profile
916cbb50-7d22-4c0a-9169-8acfb8baaa19,L1,Profile
916cbb50-7d22-4c0a-9169-8acfb8baaa19,L1,Profile
916cbb50-7d22-4c0a-9169-8acfb8baaa19,L1,Profile
916cbb50-7d22-4c0a-9169-8acfb8baaa19,L1,Profile
916cbb50-7d22-4c0a-9169-8acfb8baaa19,L1,Profile
916cbb50-7d22-4c0a-9169-8acfb8baaa19,L1,Profile
916cbb50-7d22-4c0a-9169-8acfb8baaa19,L1,Profile
916cbb50-7d22-4c0a-9169-8acfb8baaa19,L1,Profile
916cbb50-7d22-4c0a-9169-8acfb8baaa19,L1,Profile
916cbb50-7d22-4c0a-9169-8acfb8baaa19,L1,Profile
916cbb50-7d22-4c0a-9169-8acfb8baaa19,L1,Profile
916cbb50-7d22-4c0a-9169-8acfb8baaa19,L1,Profile
916cbb50-7d22-4c0a-9169-8acfb8baaa19,L1,Profile
916cbb50-7d22-4c0a-9169-8acfb8baaa19,L1,Profile
916cbb50-7d22-4c0a-9169-8acfb8baaa19,L1,Profile
916cbb50-7d22-4c0a-9169-8acfb8baaa19,L1,Profile
916cbb50-7d22-4c0a-9169-8acfb8baaa19,L1,Profile
916cbb50-7d22-4c0a-9169-8acfb8baaa19,L1,Profile
916cbb50-7d22-4c0a-9169-8acfb8baaa19,L1,Profile
916cbb50-7d22-4c0a-9169-8acfb8baaa19,L1,Profile
916cbb50-7d22-4c0a-9169-8acfb8baaa19,L1,Profile
916cbb50-7d22-4c0a-9169-8acfb8baaa19,L1,Profile
916cbb50-7d22-4c0a-9169-8acfb8baaa19,L1,Profile
916cbb50-7d22-4c0a-9169-8acfb8baaa19,L1,Profile
916cbb50-7d22-4c0a-9169-8acfb8baaa19,L1,Profile
916cbb50-7d22-4c0a-9169-8acfb8baaa19,L1,Profile
916cbb50-7d22-4c0a-9169-8acfb8baaa19,L1,Profile
916cbb50-7d22-4c0a-9169-8acfb8baaa19,L1,Profile
916cbb50-7d22-4c0a-9169-8acfb8baaa19,L1,Profile
916cbb50-7d22-4c0a-9169-8acfb8baaa19,L1,Profile
916cbb50-7d22-4c0a-9169-8acfb8baaa19,L1,Profile
916cbb50-7d22-4c0a-9169-8acfb8baaa19,L1,Profile
916cbb50-7d22-4c0a-9169-8acfb8baaa19,L1,Profile
916cbb50-7d22-4c0a-9169-8acfb8baaa19,L1,Profile
916cbb50-7d22-4c0a-9169-8acfb8baaa19,L1,Profile
916cbb50-7d22-4c0a-9169-8acfb8baaa19,L1,Profile
916cbb50-7d22-4c0a-9169-8acfb8baaa19,L1,Profile
916cbb50-7d22-4c0a-9169-8acfb8baaa19,L1,Profile
916cbb50-7d22-4c0a-9169-8acfb8baaa19,L1,Profile
916cbb50-7d22-4c0a-9169-8acfb8baaa19,L1,Profile
916cbb50-7d22-4c0a-9169-8acfb8baaa19,L1,Profile
916cbb50-7d22-4c0a-9169-8acfb8baaa19,L1,Profile
916cbb50-7d22-4c0a-9169-8acfb8baaa19,L1,Profile
916cbb50-7d22-4c0a-9169-8acfb8baaa19,L1,Profile
916cbb50-7d22-4c0a-9169-8acfb8baaa19,L1,Profile
916cbb50-7d22-4c0a-9169-8acfb8baaa19,L1,Profile
916cbb50-7d22-4c0a-9169-8acfb8baaa19,L1,Profile
916cbb50-7d22-4c0a-9169-8acfb8baaa19,L1,Profile
916cbb50-7d22-4c0a-9169-8acfb8baaa19,L1,Profile
916cbb50-7d22-4c0a-9169-8acfb8baaa19,L1,Profile
916cbb50-7d22-4c0a-9169-8acfb8baaa19,L1,Profile
916cbb50-7d22-4c0a-9169-8acfb8baaa19,L1,Profile
916cbb50-7d22-4c0a-9169-8acfb8baaa19,L1,Profile
916cbb50-7d22-4c0a-9169-8acfb8baaa19,L1,Profile
916cbb50-7d22-4c0a-9169-8acfb8baaa19,L1,Profile
916cbb50-7d22-4c0a-9169-8acfb8baaa19,L1,Profile
916cbb50-7d22-4c0a-9169-8acfb8baaa19,L1,Profile
916cbb50-7d22-4c0a-9169-8acfb8baaa19,L1,Profile
916cbb50-7d22-4c0a-9169-8acfb8baaa19,L1,Profile
916cbb50-7d22-4c0a-9169-8acfb8baaa19,L1,Profile
916cbb50-7d22-4c0a-9169-8acfb8baaa19,L1,Profile
916cbb50-7d22-4c0a-9169-8acfb8baaa19,L1,Profile
916cbb50-7d22-4c0a-9169-8acfb8baaa19,L1,Profile
916cbb50-7d22-4c0a-9169-8acfb8baaa19,L1,Profile
916cbb50-7d22-4c0a-9169-8acfb8baaa19,L1,Profile
916cbb50-7d22-4c0a-9169-8acfb8baaa19,L1,Profile
916cbb50-7d22-4c0a-9169-8acfb8baaa19,L1,Profile
916cbb50-7d22-4c0a-9169-8acfb8baaa19,L1,Profile
916cbb50-7d22-4c0a-9169-8acfb8baaa19,L1,Profile
916cbb50-7d22-4c0a-9169-8acfb8baaa19,L1,Profile
916cbb50-7d22-4c0a-9169-8acfb8baaa19,L1,Profile
916cbb50-7d22-4c0a-9169-8acfb8baaa19,L1,Profile
916cbb50-7d22-4c0a-9169-8acfb8baaa19,L1,Profile
916cbb50-7d22-4c0a-9169-8acfb8baaa19,L1,Profile
916cbb50-7d22-4c0a-9169-8acfb8baaa19,L1,Profile
916cbb50-7d22-4c0a-9169-8acfb8baaa19,L1,Profile
916cbb50-7d22-4c0a-9169-8acfb8baaa19,L1,Profile
916cbb50-7d22-4c0a-9169-8acfb8baaa19,L1,Profile
916cbb50-7d22-4c0a-9169-8acfb8baaa19,L1,Profile
916cbb50-7d22-4c0a-9169-8acfb8baaa19,L1,Profile
916cbb50-7d22-4c0a-9169-8acfb8baaa19,L1,Profile
916cbb50-7d22-4c0a-9169-8acfb8baaa19,L1,Profile
916cbb50-7d22-4c0a-9169-8acfb8baaa19,L1,Profile
916cbb50-7d22-4c0a-9169-8acfb8baaa19,L1,Profile
916cbb50-7d22-4c0a-9169-8acfb8baaa19,L1,Profile
916cbb50-7d22-4c0a-9169-8acfb8baaa19,L1,Profile
916cbb50-7d22-4c0a-9169-8acfb8baaa19,L1,Profile
916cbb50-7d22-4c0a-9169-8acfb8baaa19,L1,Profile
916cbb50-7d22-4c0a-9169-8acfb8baaa19,L1,Profile
916cbb50-7d22-4c0a-9169-8acfb8baaa19,L1,Profile
916cbb50-7d22-4c0a-9169-8acfb8baaa19,L1,Profile
916cbb50-7d22-4c0a-9169-8acfb8baaa19,L1,Profile
916cbb50-7d22-4c0a-9169-8acfb8baaa19,L1,Profile
916cbb50-7d22-4c0a-9169-8acfb8baaa19,L1,Profile
916cbb50-7d22-4c0a-9169-8acfb8baaa19,L1,Profile
916cbb50-7d22-4c0a-9169-8acfb8baaa19,L1,Profile
916cbb50-7d22-4c0a-9169-8acfb8baaa19,L1,Profile
916cbb50-7d22-4c0a-9169-8acfb8baaa19,L1,Profile
916cbb50-7d22-4c0a-9169-8acfb8baaa19,L1,Profile
916cbb50-7d22-4c0a-9169-8acfb8baaa19,L1,Profile
916cbb50-7d22-4c0a-9169-8acfb8baaa19,L1,Profile
916cbb50-7d22-4c0a-9169-8acfb8baaa19,L1,Profile
916cbb50-7d22-4c0a-9169-8acfb8baaa19,L1,Profile
916cbb50-7d22-4c0a-9169-8acfb8baaa19,L1,Profile
916cbb50-7d22-4c0a-9169-8acfb8baaa19,L1,Profile
916cbb50-7d22-4c0a-9169-8acfb8baaa19,L1,Profile
916cbb50-7d22-4c0a-9169-8acfb8baaa19,L1,Profile
916cbb50-7d22-4c0a-9169-8acfb8baaa19,L1,Profile
916cbb50-7d22-4c0a-9169-8acfb8baaa19,L1,Profile
916cbb50-7d22-4c0a-9169-8acfb8baaa19,L1,Profile
916cbb50-7d22-4c0a-9169-8acfb8baaa19,L1,Profile
916cbb50-7d22-4c0a-9169-8acfb8baaa19,L1,Profile
916cbb50-7d22-4c0a-9169-8acfb8baaa19,L1,Profile
916cbb50-7d22-4c0a-9169-8acfb8baaa19,L1,Profile
916cbb50-7d22-4c0a-9169-8acfb8baaa19,L1,Profile
916cbb50-7d22-4c0a-9169-8acfb8baaa19,L1,Profile
916cbb50-7d22-4c0a-9169-8acfb8baaa19,L1,Profile
916cbb50-7d22-4c0a-9169-8acfb8baaa19,L1,Profile
916cbb50-7d22-4c0a-9169-8acfb8baaa19,L1,Profile
916cbb50-7d22-4c0a-9169-8acfb8baaa19,L1,Profile
916cbb50-7d22-4c0a-9169-8acfb8baaa19,L1,Profile
916cbb50-7d22-4c0a-9169-8acfb8baaa19,L1,Profile
916cbb50-7d22-4c0a-9169-8acfb8baaa19,L1,Profile
916cbb50-7d22-4c0a-9169-8acfb8baaa19,L1,Profile
916cbb50-7d22-4c0a-9169-8acfb8baaa19,L1,Profile
916cbb50-7d22-4c0a-9169-8acfb8baaa19,L1,Profile
916cbb50-7d22-4c0a-9169-8acfb8baaa19,L1,Profile
916cbb50-7d22-4c0a-9169-8acfb8baaa19,L1,Profile
916cbb50-7d22-4c0a-9169-8acfb8baaa19,L1,Profile
916cbb50-7d22-4c0a-9169-8acfb8baaa19,L1,Profile
916cbb50-7d22-4c0a-9169-8acfb8baaa19,L1,Profile
916cbb50-7d22-4c0a-9169-8acfb8baaa19,L1,Profile
916cbb50-7d22-4c0a-9169-8acfb8baaa19,L1,Profile
916cbb50-7d22-4c0a-9169-8acfb8baaa19,L1,Profile
916cbb50-7d22-4c0a-9169-8acfb8baaa19,L1,Profile
916cbb50-7d22-4c0a-9169-8acfb8baaa19,L1,Profile
916cbb50-7d22-4c0a-9169-8acfb8baaa19,L1,Profile
916cbb50-7d22-4c0a-9169-8acfb8baaa19,L1,Profile
916cbb50-7d22-4c0a-9169-8acfb8baaa19,L1,Profile
916cbb50-7d22-4c0a-9169-8acfb8baaa19,L1,Profile
916cbb50-7d22-4c0a-9169-8acfb8baaa19,L1,Profile
916cbb50-7d22-4c0a-9169-8acfb8baaa19,L1,Profile
916cbb50-7d22-4c0a-9169-8acfb8baaa19,L1,Profile
916cbb50-7d22-4c0a-9169-8acfb8baaa19,L1,Profile
916cbb50-7d22-4c0a-9169-8acfb8baaa19,L1,Profile
916cbb50-7d22-4c0a-9169-8acfb8baaa19,L1,Profile
916cbb50-7d22-4c0a-9169-8acfb8baaa19,L1,Profile
916cbb50-7d22-4c0a-9169-8acfb8baaa19,L1,Profile
916cbb50-7d22-4c0a-9169-8acfb8baaa19,L1,Profile
916cbb50-7d22-4c0a-9169-8acfb8baaa19,L1,Profile
916cbb50-7d22-4c0a-9169-8acfb8baaa19,L1,Profile
916cbb50-7d22-4c0a-9169-8acfb8baaa19,L1,Profile
916cbb50-7d22-4c0a-9169-8acfb8baaa19,L1,Profile
916cbb50-7d22-4c0a-9169-8acfb8baaa19,L1,Profile
916cbb50-7d22-4c0a-9169-8acfb8baaa19,L1,Profile
916cbb50-7d22-4c0a-9169-8acfb8baaa19,L1,Profile
916cbb50-7d22-4c0a-9169-8acfb8baaa19,L1,Profile
916cbb50-7d22-4c0a-9169-8acfb8baaa19,L1,Profile
916cbb50-7d22-4c0a-9169-8acfb8baaa19,L1,Profile
916cbb50-7d22-4c0a-9169-8acfb8baaa19,L1,Profile
916cbb50-7d22-4c0a-9169-8acfb8baaa19,L1,Profile
916cbb50-7d22-4c0a-9169-8acfb8baaa19,L1,Profile
916cbb50-7d22-4c0a-9169-8acfb8baaa19,L1,Profile
916cbb50-7d22-4c0a-9169-8acfb8baaa19,L1,Profile
916cbb50-7d22-4c0a-9169-8acfb8baaa19,L1,Profile
916cbb50-7d22-4c0a-9169-8acfb8baaa19,L1,Profile
916cbb50-7d22-4c0a-9169-8acfb8baaa19,L1,Profile
916cbb50-7d22-4c0a-9169-8acfb8baaa19,L1,Profile
916cbb50-7d22-4c0a-9169-8acfb8baaa19,L1,Profile
916cbb50-7d22-4c0a-9169-8acfb8baaa19,L1,Profile
916cbb50-7d22-4c0a-9169-8acfb8baaa19,L1,Profile
916cbb50-7d22-4c0a-9169-8acfb8baaa19,L1,Profile
916cbb50-7d22-4c0a-9169-8acfb8baaa19,L1,Profile
916cbb50-7d22-4c0a-9169-8acfb8baaa19,L1,Profile
916cbb50-7d22-4c0a-9169-8acfb8baaa19,L1,Profile
916cbb50-7d22-4c0a-9169-8acfb8baaa19,L1,Profile
916cbb50-7d22-4c0a-9169-8acfb8baaa19,L1,Profile
916cbb50-7d22-4c0a-9169-8acfb8baaa19,L1,Profile
916cbb50-7d22-4c0a-9169-8acfb8baaa19,L1,Profile
916cbb50-7d22-4c0a-9169-8acfb8baaa19,L1,Profile
916cbb50-7d22-4c0a-9169-8acfb8baaa19,L1,Profile
916cbb50-7d22-4c0a-9169-8acfb8baaa19,L1,Profile
916cbb50-7d22-4c0a-9169-8acfb8baaa19,L1,Profile
916cbb50-7d22-4c0a-9169-8acfb8baaa19,L1,Profile
916cbb50-7d22-4c0a-9169-8acfb8baaa19,L1,Profile
916cbb50-7d22-4c0a-9169-8acfb8baaa19,L1,Profile
916cbb50-7d22-4c0a-9169-8acfb8baaa19,L1,Profile
916cbb50-7d22-4c0a-9169-8acfb8baaa19,L1,Profile
916cbb50-7d22-4c0a-9169-8acfb8baaa19,L1,Profile
916cbb50-7d22-4c0a-9169-8acfb8baaa19,L1,Profile
916cbb50-7d22-4c0a-9169-8acfb8baaa19,L1,Profile
916cbb50-7d22-4c0a-9169-8acfb8baaa19,L1,Profile
916cbb50-7d22-4c0a-9169-8acfb8baaa19,L1,Profile
916cbb50-7d22-4c0a-9169-8acfb8baaa19,L1,Profile
916cbb50-7d22-4c0a-9169-8acfb8baaa19,L1,Profile
916cbb50-7d22-4c0a-9169-8acfb8baaa19,L1,Profile
916cbb50-7d22-4c0a-9169-8acfb8baaa19,L1,Profile
916cbb50-7d22-4c0a-9169-8acfb8baaa19,L1,Profile
916cbb50-7d22-4c0a-9169-8acfb8baaa19,L1,Profile
916cbb50-7d22-4c0a-9169-8acfb8baaa19,L1,Profile
916cbb50-7d22-4c0a-9169-8acfb8baaa19,L1,Profile
916cbb50-7d22-4c0a-9169-8acfb8baaa19,L1,Profile
916cbb50-7d22-4c0a-9169-8acfb8baaa19,L1,Profile
916cbb50-7d22-4c0a-9169-8acfb8baaa19,L1,Profile
916cbb50-7d22-4c0a-9169-8acfb8baaa19,L1,Profile
916cbb50-7d22-4c0a-9169-8acfb8baaa19,L1,Profile
916cbb50-7d22-4c0a-9169-8acfb8baaa19,L1,Profile
916cbb50-7d22-4c0a-9169-8acfb8baaa19,L1,Profile
916cbb50-7d22-4c0a-9169-8acfb8baaa19,L1,Profile
916cbb50-7d22-4c0a-9169-8acfb8baaa19,L1,Profile
916cbb50-7d22-4c0a-9169-8acfb8baaa19,L1,Profile
916cbb50-7d22-4c0a-9169-8acfb8baaa19,L1,Profile
916cbb50-7d22-4c0a-9169-8acfb8baaa19,L1,Profile
916cbb50-7d22-4c0a-9169-8acfb8baaa19,L1,Profile
916cbb50-7d22-4c0a-9169-8acfb8baaa19,L1,Profile
916cbb50-7d22-4c0a-9169-8acfb8baaa19,L1,Profile
916cbb50-7d22-4c0a-9169-8acfb8baaa19,L1,Profile
916cbb50-7d22-4c0a-9169-8acfb8baaa19,L1,Profile
916cbb50-7d22-4c0a-9169-8acfb8baaa19,L1,Profile
916cbb50-7d22-4c0a-9169-8acfb8baaa19,L1,Profile
916cbb50-7d22-4c0a-9169-8acfb8baaa19,L1,Profile
916cbb50-7d22-4c0a-9169-8acfb8baaa19,L1,Profile
916cbb50-7d22-4c0a-9169-8acfb8baaa19,L1,Profile
916cbb50-7d22-4c0a-9169-8acfb8baaa19,L1,Profile
916cbb50-7d22-4c0a-9169-8acfb8baaa19,L1,Profile
916cbb50-7d22-4c0a-9169-8acfb8baaa19,L1,Profile
916cbb50-7d22-4c0a-9169-8acfb8baaa19,L1,Profile
916cbb50-7d22-4c0a-9169-8acfb8baaa19,L1,Profile
916cbb50-7d22-4c0a-9169-8acfb8baaa19,L1,Profile
916cbb50-7d22-4c0a-9169-8acfb8baaa19,L1,Profile
916cbb50-7d22-4c0a-9169-8acfb8baaa19,L1,Profile
916cbb50-7d22-4c0a-9169-8acfb8baaa19,L1,Profile
916cbb50-7d22-4c0a-9169-8acfb8baaa19,L1,Profile
916cbb50-7d22-4c0a-9169-8acfb8baaa19,L1,Profile
916cbb50-7d22-4c0a-9169-8acfb8baaa19,L1,Profile
916cbb50-7d22-4c0a-9169-8acfb8baaa19,L1,Profile
916cbb50-7d22-4c0a-9169-8acfb8baaa19,L1,Profile
916cbb50-7d22-4c0a-9169-8acfb8baaa19,L1,Profile
916cbb50-7d22-4c0a-9169-8acfb8baaa19,L1,Profile
916cbb50-7d22-4c0a-9169-8acfb8baaa19,L1,Profile
916cbb50-7d22-4c0a-9169-8acfb8baaa19,L1,Profile
916cbb50-7d22-4c0a-9169-8acfb8baaa19,L1,Profile
916cbb50-7d22-4c0a-9169-8acfb8baaa19,L1,Profile
916cbb50-7d22-4c0a-9169-8acfb8baaa19,L1,Profile
916cbb50-7d22-4c0a-9169-8acfb8baaa19,L1,Profile
916cbb50-7d22-4c0a-9169-8acfb8baaa19,L1,Profile
916cbb50-7d22-4c0a-9169-8acfb8baaa19,L1,Profile
916cbb50-7d22-4c0a-9169-8acfb8baaa19,L1,Profile
916cbb50-7d22-4c0a-9169-8acfb8baaa19,L1,Profile
916cbb50-7d22-4c0a-9169-8acfb8baaa19,L1,Profile
916cbb50-7d22-4c0a-9169-8acfb8baaa19,L1,Profile
916cbb50-7d22-4c0a-9169-8acfb8baaa19,L1,Profile
916cbb50-7d22-4c0a-9169-8acfb8baaa19,L1,Profile
916cbb50-7d22-4c0a-9169-8acfb8baaa19,L1,Profile
916cbb50-7d22-4c0a-9169-8acfb8baaa19,L1,Profile
916cbb50-7d22-4c0a-9169-8acfb8baaa19,L1,Profile
916cbb50-7d22-4c0a-9169-8acfb8baaa19,L1,Profile
916cbb50-7d22-4c0a-9169-8acfb8baaa19,L1,Profile
916cbb50-7d22-4c0a-9169-8acfb8baaa19,L1,Profile
916cbb50-7d22-4c0a-9169-8acfb8baaa19,L1,Profile
916cbb50-7d22-4c0a-9169-8acfb8baaa19,L1,Profile
916cbb50-7d22-4c0a-9169-8acfb8baaa19,L1,Profile
916cbb50-7d22-4c0a-9169-8acfb8baaa19,L1,Profile
916cbb50-7d22-4c0a-9169-8acfb8baaa19,L1,Profile
916cbb50-7d22-4c0a-9169-8acfb8baaa19,L1,Profile
916cbb50-7d22-4c0a-9169-8acfb8baaa19,L1,Profile
916cbb50-7d22-4c0a-9169-8acfb8baaa19,L1,Profile
916cbb50-7d22-4c0a-9169-8acfb8baaa19,L1,Profile
916cbb50-7d22-4c0a-9169-8acfb8baaa19,L1,Profile
916cbb50-7d22-4c0a-9169-8acfb8baaa19,L1,Profile
916cbb50-7d22-4c0a-9169-8acfb8baaa19,L1,Profile
916cbb50-7d22-4c0a-9169-8acfb8baaa19,L1,Profile
916cbb50-7d22-4c0a-9169-8acfb8baaa19,L1,Profile
916cbb50-7d22-4c0a-9169-8acfb8baaa19,L1,Profile
916cbb50-7d22-4c0a-9169-8acfb8baaa19,L1,Profile
916cbb50-7d22-4c0a-9169-8acfb8baaa19,L1,Profile
916cbb50-7d22-4c0a-9169-8acfb8baaa19,L1,Profile
916cbb50-7d22-4c0a-9169-8acfb8baaa19,L1,Profile
916cbb50-7d22-4c0a-9169-8acfb8baaa19,L1,Profile
916cbb50-7d22-4c0a-9169-8acfb8baaa19,L1,Profile
916cbb50-7d22-4c0a-9169-8acfb8baaa19,L1,Profile
916cbb50-7d22-4c0a-9169-8acfb8baaa19,L1,Profile
916cbb50-7d22-4c0a-9169-8acfb8baaa19,L1,Profile
916cbb50-7d22-4c0a-9169-8acfb8baaa19,L1,Profile
916cbb50-7d22-4c0a-9169-8acfb8baaa19,L1,Profile
916cbb50-7d22-4c0a-9169-8acfb8baaa19,L1,Profile
916cbb50-7d22-4c0a-9169-8acfb8baaa19,L1,Profile
916cbb50-7d22-4c0a-9169-8acfb8baaa19,L1,Profile
916cbb50-7d22-4c0a-9169-8acfb8baaa19,L1,Profile
916cbb50-7d22-4c0a-9169-8acfb8baaa19,L1,Profile
916cbb50-7d22-4c0a-9169-8acfb8baaa19,L1,Profile
916cbb50-7d22-4c0a-9169-8acfb8baaa19,L1,Profile
916cbb50-7d22-4c0a-9169-8acfb8baaa19,L1,Profile
916cbb50-7d22-4c0a-9169-8acfb8baaa19,L1,Profile
916cbb50-7d22-4c0a-9169-8acfb8baaa19,L1,Profile
916cbb50-7d22-4c0a-9169-8acfb8baaa19,L1,Profile
916cbb50-7d22-4c0a-9169-8acfb8baaa19,L1,Profile
916cbb50-7d22-4c0a-9169-8acfb8baaa19,L1,Profile
916cbb50-7d22-4c0a-9169-8acfb8baaa19,L1,Profile
916cbb50-7d22-4c0a-9169-8acfb8baaa19,L1,Profile
916cbb50-7d22-4c0a-9169-8acfb8baaa19,L1,Profile
916cbb50-7d22-4c0a-9169-8acfb8baaa19,L1,Profile
916cbb50-7d22-4c0a-9169-8acfb8baaa19,L1,Profile
916cbb50-7d22-4c0a-9169-8acfb8baaa19,L1,Profile
916cbb50-7d22-4c0a-9169-8acfb8baaa19,L1,Profile
916cbb50-7d22-4c0a-9169-8acfb8baaa19,L1,Profile
916cbb50-7d22-4c0a-9169-8acfb8baaa19,L1,Profile
916cbb50-7d22-4c0a-9169-8acfb8baaa19,L1,Profile
916cbb50-7d22-4c0a-9169-8acfb8baaa19,L1,Profile
916cbb50-7d22-4c0a-9169-8acfb8baaa19,L1,Profile
916cbb50-7d22-4c0a-9169-8acfb8baaa19,L1,Profile
916cbb50-7d22-4c0a-9169-8acfb8baaa19,L1,Profile
916cbb50-7d22-4c0a-9169-8acfb8baaa19,L1,Profile
916cbb50-7d22-4c0a-9169-8acfb8baaa19,L1,Profile
916cbb50-7d22-4c0a-9169-8acfb8baaa19,L1,Profile
916cbb50-7d22-4c0a-9169-8acfb8baaa19,L1,Profile
916cbb50-7d22-4c0a-9169-8acfb8baaa19,L1,Profile
916cbb50-7d22-4c0a-9169-8acfb8baaa19,L1,Profile
916cbb50-7d22-4c0a-9169-8acfb8baaa19,L1,Profile
916cbb50-7d22-4c0a-9169-8acfb8baaa19,L1,Profile
916cbb50-7d22-4c0a-9169-8acfb8baaa19,L1,Profile
916cbb50-7d22-4c0a-9169-8acfb8baaa19,L1,Profile
916cbb50-7d22-4c0a-9169-8acfb8baaa19,L1,Profile
916cbb50-7d22-4c0a-9169-8acfb8baaa19,L1,Profile
916cbb50-7d22-4c0a-9169-8acfb8baaa19,L1,Profile
916cbb50-7d22-4c0a-9169-8acfb8baaa19,L1,Profile
916cbb50-7d22-4c0a-9169-8acfb8baaa19,L1,Profile
916cbb50-7d22-4c0a-9169-8acfb8baaa19,L1,Profile
916cbb50-7d22-4c0a-9169-8acfb8baaa19,L1,Profile
916cbb50-7d22-4c0a-9169-8acfb8baaa19,L1,Profile
916cbb50-7d22-4c0a-9169-8acfb8baaa19,L1,Profile
916cbb50-7d22-4c0a-9169-8acfb8baaa19,L1,Profile
916cbb50-7d22-4c0a-9169-8acfb8baaa19,L1,Profile
916cbb50-7d22-4c0a-9169-8acfb8baaa19,L1,Profile
916cbb50-7d22-4c0a-9169-8acfb8baaa19,L1,Profile
916cbb50-7d22-4c0a-9169-8acfb8baaa19,L1,Profile
916cbb50-7d22-4c0a-9169-8acfb8baaa19,L1,Profile
916cbb50-7d22-4c0a-9169-8acfb8baaa19,L1,Profile
916cbb50-7d22-4c0a-9169-8acfb8baaa19,L1,Profile
916cbb50-7d22-4c0a-9169-8acfb8baaa19,L1,Profile
916cbb50-7d22-4c0a-9169-8acfb8baaa19,L1,Profile
916cbb50-7d22-4c0a-9169-8acfb8baaa19,L1,Profile
916cbb50-7d22-4c0a-9169-8acfb8baaa19,L1,Profile
916cbb50-7d22-4c0a-9169-8acfb8baaa19,L1,Profile
916cbb50-7d22-4c0a-9169-8acfb8baaa19,L1,Profile
916cbb50-7d22-4c0a-9169-8acfb8baaa19,L1,Profile
916cbb50-7d22-4c0a-9169-8acfb8baaa19,L1,Profile
916cbb50-7d22-4c0a-9169-8acfb8baaa19,L1,Profile
916cbb50-7d22-4c0a-9169-8acfb8baaa19,L1,Profile
916cbb50-7d22-4c0a-9169-8acfb8baaa19,L1,Profile
916cbb50-7d22-4c0a-9169-8acfb8baaa19,L1,Profile
916cbb50-7d22-4c0a-9169-8acfb8baaa19,L1,Profile
916cbb50-7d22-4c0a-9169-8acfb8baaa19,L1,Profile
916cbb50-7d22-4c0a-9169-8acfb8baaa19,L1,Profile
916cbb50-7d22-4c0a-9169-8acfb8baaa19,L1,Profile
916cbb50-7d22-4c0a-9169-8acfb8baaa19,L1,Profile
916cbb50-7d22-4c0a-9169-8acfb8baaa19,L1,Profile
916cbb50-7d22-4c0a-9169-8acfb8baaa19,L1,Profile
916cbb50-7d22-4c0a-9169-8acfb8baaa19,L1,Profile
916cbb50-7d22-4c0a-9169-8acfb8baaa19,L1,Profile
916cbb50-7d22-4c0a-9169-8acfb8baaa19,L1,Profile
916cbb50-7d22-4c0a-9169-8acfb8baaa19,L1,Profile
916cbb50-7d22-4c0a-9169-8acfb8baaa19,L1,Profile
916cbb50-7d22-4c0a-9169-8acfb8baaa19,L1,Profile
916cbb50-7d22-4c0a-9169-8acfb8baaa19,L1,Profile
916cbb50-7d22-4c0a-9169-8acfb8baaa19,L1,Profile
916cbb50-7d22-4c0a-9169-8acfb8baaa19,L1,Profile
916cbb50-7d22-4c0a-9169-8acfb8baaa19,L1,Profile
916cbb50-7d22-4c0a-9169-8acfb8baaa19,L1,Profile
916cbb50-7d22-4c0a-9169-8acfb8baaa19,L1,Profile
916cbb50-7d22-4c0a-9169-8acfb8baaa19,L1,Profile
916cbb50-7d22-4c0a-9169-8acfb8baaa19,L1,Profile
916cbb50-7d22-4c0a-9169-8acfb8baaa19,L1,Profile
916cbb50-7d22-4c0a-9169-8acfb8baaa19,L1,Profile
916cbb50-7d22-4c0a-9169-8acfb8baaa19,L1,Profile
916cbb50-7d22-4c0a-9169-8acfb8baaa19,L1,Profile
916cbb50-7d22-4c0a-9169-8acfb8baaa19,L1,Profile
916cbb50-7d22-4c0a-9169-8acfb8baaa19,L1,Profile
916cbb50-7d22-4c0a-9169-8acfb8baaa19,L1,Profile
916cbb50-7d22-4c0a-9169-8acfb8baaa19,L1,Profile
916cbb50-7d22-4c0a-9169-8acfb8baaa19,L1,Profile
916cbb50-7d22-4c0a-9169-8acfb8baaa19,L1,Profile
916cbb50-7d22-4c0a-9169-8acfb8baaa19,L1,Profile
916cbb50-7d22-4c0a-9169-8acfb8baaa19,L1,Profile
916cbb50-7d22-4c0a-9169-8acfb8baaa19,L1,Profile
916cbb50-7d22-4c0a-9169-8acfb8baaa19,L1,Profile
916cbb50-7d22-4c0a-9169-8acfb8baaa19,L1,Profile
916cbb50-7d22-4c0a-9169-8acfb8baaa19,L1,Profile
916cbb50-7d22-4c0a-9169-8acfb8baaa19,L1,Profile
916cbb50-7d22-4c0a-9169-8acfb8baaa19,L1,Profile
916cbb50-7d22-4c0a-9169-8acfb8baaa19,L1,Profile
916cbb50-7d22-4c0a-9169-8acfb8baaa19,L1,Profile
916cbb50-7d22-4c0a-9169-8acfb8baaa19,L1,Profile
916cbb50-7d22-4c0a-9169-8acfb8baaa19,L1,Profile
916cbb50-7d22-4c0a-9169-8acfb8baaa19,L1,Profile
916cbb50-7d22-4c0a-9169-8acfb8baaa19,L1,Profile
916cbb50-7d22-4c0a-9169-8acfb8baaa19,L1,Profile
916cbb50-7d22-4c0a-9169-8acfb8baaa19,L1,Profile
916cbb50-7d22-4c0a-9169-8acfb8baaa19,L1,Profile
916cbb50-7d22-4c0a-9169-8acfb8baaa19,L1,Profile
916cbb50-7d22-4c0a-9169-8acfb8baaa19,L1,Profile
916cbb50-7d22-4c0a-9169-8acfb8baaa19,L1,Profile
916cbb50-7d22-4c0a-9169-8acfb8baaa19,L1,Profile
916cbb50-7d22-4c0a-9169-8acfb8baaa19,L1,Profile
916cbb50-7d22-4c0a-9169-8acfb8baaa19,L1,Profile
916cbb50-7d22-4c0a-9169-8acfb8baaa19,L1,Profile
916cbb50-7d22-4c0a-9169-8acfb8baaa19,L1,Profile
916cbb50-7d22-4c0a-9169-8acfb8baaa19,L1,Profile
916cbb50-7d22-4c0a-9169-8acfb8baaa19,L1,Profile
916cbb50-7d22-4c0a-9169-8acfb8baaa19,L1,Profile
916cbb50-7d22-4c0a-9169-8acfb8baaa19,L1,Profile
916cbb50-7d22-4c0a-9169-8acfb8baaa19,L1,Profile
916cbb50-7d22-4c0a-9169-8acfb8baaa19,L1,Profile
916cbb50-7d22-4c0a-9169-8acfb8baaa19,L1,Profile
916cbb50-7d22-4c0a-9169-8acfb8baaa19,L1,Profile
916cbb50-7d22-4c0a-9169-8acfb8baaa19,L1,Profile
916cbb50-7d22-4c0a-9169-8acfb8baaa19,L1,Profile
916cbb50-7d22-4c0a-9169-8acfb8baaa19,L1,Profile
916cbb50-7d22-4c0a-9169-8acfb8baaa19,L1,Profile
916cbb50-7d22-4c0a-9169-8acfb8baaa19,L1,Profile
916cbb50-7d22-4c0a-9169-8acfb8baaa19,L1,Profile
916cbb50-7d22-4c0a-9169-8acfb8baaa19,L1,Profile
916cbb50-7d22-4c0a-9169-8acfb8baaa19,L1,Profile
916cbb50-7d22-4c0a-9169-8acfb8baaa19,L1,Profile
916cbb50-7d22-4c0a-9169-8acfb8baaa19,L1,Profile
916cbb50-7d22-4c0a-9169-8acfb8baaa19,L1,Profile
916cbb50-7d22-4c0a-9169-8acfb8baaa19,L1,Profile
916cbb50-7d22-4c0a-9169-8acfb8baaa19,L1,Profile
916cbb50-7d22-4c0a-9169-8acfb8baaa19,L1,Profile
916cbb50-7d22-4c0a-9169-8acfb8baaa19,L1,Profile
916cbb50-7d22-4c0a-9169-8acfb8baaa19,L1,Profile
916cbb50-7d22-4c0a-9169-8acfb8baaa19,L1,Profile
916cbb50-7d22-4c0a-9169-8acfb8baaa19,L1,Profile
916cbb50-7d22-4c0a-9169-8acfb8baaa19,L1,Profile
916cbb50-7d22-4c0a-9169-8acfb8baaa19,L1,Profile
916cbb50-7d22-4c0a-9169-8acfb8baaa19,L1,Profile
916cbb50-7d22-4c0a-9169-8acfb8baaa19,L1,Profile
916cbb50-7d22-4c0a-9169-8acfb8baaa19,L1,Profile
916cbb50-7d22-4c0a-9169-8acfb8baaa19,L1,Profile
916cbb50-7d22-4c0a-9169-8acfb8baaa19,L1,Profile
916cbb50-7d22-4c0a-9169-8acfb8baaa19,L1,Profile
916cbb50-7d22-4c0a-9169-8acfb8baaa19,L1,Profile
916cbb50-7d22-4c0a-9169-8acfb8baaa19,L1,Profile
916cbb50-7d22-4c0a-9169-8acfb8baaa19,L1,Profile
916cbb50-7d22-4c0a-9169-8acfb8baaa19,L1,Profile
916cbb50-7d22-4c0a-9169-8acfb8baaa19,L1,Profile
916cbb50-7d22-4c0a-9169-8acfb8baaa19,L1,Profile
916cbb50-7d22-4c0a-9169-8acfb8baaa19,L1,Profile
916cbb50-7d22-4c0a-9169-8acfb8baaa19,L1,Profile
916cbb50-7d22-4c0a-9169-8acfb8baaa19,L1,Profile
916cbb50-7d22-4c0a-9169-8acfb8baaa19,L1,Profile
916cbb50-7d22-4c0a-9169-8acfb8baaa19,L1,Profile
916cbb50-7d22-4c0a-9169-8acfb8baaa19,L1,Profile
916cbb50-7d22-4c0a-9169-8acfb8baaa19,L1,Profile
916cbb50-7d22-4c0a-9169-8acfb8baaa19,L1,Profile
916cbb50-7d22-4c0a-9169-8acfb8baaa19,L1,Profile
916cbb50-7d22-4c0a-9169-8acfb8baaa19,L1,Profile
916cbb50-7d22-4c0a-9169-8acfb8baaa19,L1,Profile
916cbb50-7d22-4c0a-9169-8acfb8baaa19,L1,Profile
916cbb50-7d22-4c0a-9169-8acfb8baaa19,L1,Profile
916cbb50-7d22-4c0a-9169-8acfb8baaa19,L1,Profile
916cbb50-7d22-4c0a-9169-8acfb8baaa19,L1,Profile
916cbb50-7d22-4c0a-9169-8acfb8baaa19,L1,Profile
916cbb50-7d22-4c0a-9169-8acfb8baaa19,L1,Profile
916cbb50-7d22-4c0a-9169-8acfb8baaa19,L1,Profile
916cbb50-7d22-4c0a-9169-8acfb8baaa19,L1,Profile
916cbb50-7d22-4c0a-9169-8acfb8baaa19,L1,Profile
916cbb50-7d22-4c0a-9169-8acfb8baaa19,L1,Profile
916cbb50-7d22-4c0a-9169-8acfb8baaa19,L1,Profile
916cbb50-7d22-4c0a-9169-8acfb8baaa19,L1,Profile
916cbb50-7d22-4c0a-9169-8acfb8baaa19,L1,Profile
916cbb50-7d22-4c0a-9169-8acfb8baaa19,L1,Profile
916cbb50-7d22-4c0a-9169-8acfb8baaa19,L1,Profile
916cbb50-7d22-4c0a-9169-8acfb8baaa19,L1,Profile
916cbb50-7d22-4c0a-9169-8acfb8baaa19,L1,Profile
916cbb50-7d22-4c0a-9169-8acfb8baaa19,L1,Profile
916cbb50-7d22-4c0a-9169-8acfb8baaa19,L1,Profile
916cbb50-7d22-4c0a-9169-8acfb8baaa19,L1,Profile
916cbb50-7d22-4c0a-9169-8acfb8baaa19,L1,Profile
916cbb50-7d22-4c0a-9169-8acfb8baaa19,L1,Profile
916cbb50-7d22-4c0a-9169-8acfb8baaa19,L1,Profile
916cbb50-7d22-4c0a-9169-8acfb8baaa19,L1,Profile
916cbb50-7d22-4c0a-9169-8acfb8baaa19,L1,Profile
916cbb50-7d22-4c0a-9169-8acfb8baaa19,L1,Profile
916cbb50-7d22-4c0a-9169-8acfb8baaa19,L1,Profile
916cbb50-7d22-4c0a-9169-8acfb8baaa19,L1,Profile
916cbb50-7d22-4c0a-9169-8acfb8baaa19,L1,Profile
916cbb50-7d22-4c0a-9169-8acfb8baaa19,L1,Profile
916cbb50-7d22-4c0a-9169-8acfb8baaa19,L1,Profile
916cbb50-7d22-4c0a-9169-8acfb8baaa19,L1,Profile
916cbb50-7d22-4c0a-9169-8acfb8baaa19,L1,Profile
916cbb50-7d22-4c0a-9169-8acfb8baaa19,L1,Profile
916cbb50-7d22-4c0a-9169-8acfb8baaa19,L1,Profile
916cbb50-7d22-4c0a-9169-8acfb8baaa19,L1,Profile
916cbb50-7d22-4c0a-9169-8acfb8baaa19,L1,Profile
916cbb50-7d22-4c0a-9169-8acfb8baaa19,L1,Profile
916cbb50-7d22-4c0a-9169-8acfb8baaa19,L1,Profile
916cbb50-7d22-4c0a-9169-8acfb8baaa19,L1,Profile
916cbb50-7d22-4c0a-9169-8acfb8baaa19,L1,Profile
916cbb50-7d22-4c0a-9169-8acfb8baaa19,L1,Profile
916cbb50-7d22-4c0a-9169-8acfb8baaa19,L1,Profile
916cbb50-7d22-4c0a-9169-8acfb8baaa19,L1,Profile
916cbb50-7d22-4c0a-9169-8acfb8baaa19,L1,Profile
916cbb50-7d22-4c0a-9169-8acfb8baaa19,L1,Profile
916cbb50-7d22-4c0a-9169-8acfb8baaa19,L1,Profile
916cbb50-7d22-4c0a-9169-8acfb8baaa19,L1,Profile
916cbb50-7d22-4c0a-9169-8acfb8baaa19,L1,Profile
916cbb50-7d22-4c0a-9169-8acfb8baaa19,L1,Profile
916cbb50-7d22-4c0a-9169-8acfb8baaa19,L1,Profile
916cbb50-7d22-4c0a-9169-8acfb8baaa19,L1,Profile
916cbb50-7d22-4c0a-9169-8acfb8baaa19,L1,Profile
916cbb50-7d22-4c0a-9169-8acfb8baaa19,L1,Profile
916cbb50-7d22-4c0a-9169-8acfb8baaa19,L1,Profile
916cbb50-7d22-4c0a-9169-8acfb8baaa19,L1,Profile
916cbb50-7d22-4c0a-9169-8acfb8baaa19,L1,Profile
916cbb50-7d22-4c0a-9169-8acfb8baaa19,L1,Profile
916cbb50-7d22-4c0a-9169-8acfb8baaa19,L1,Profile
916cbb50-7d22-4c0a-9169-8acfb8baaa19,L1,Profile
916cbb50-7d22-4c0a-9169-8acfb8baaa19,L1,Profile
916cbb50-7d22-4c0a-9169-8acfb8baaa19,L1,Profile
916cbb50-7d22-4c0a-9169-8acfb8baaa19,L1,Profile
916cbb50-7d22-4c0a-9169-8acfb8baaa19,L1,Profile
916cbb50-7d22-4c0a-9169-8acfb8baaa19,L1,Profile
916cbb50-7d22-4c0a-9169-8acfb8baaa19,L1,Profile
916cbb50-7d22-4c0a-9169-8acfb8baaa19,L1,Profile
916cbb50-7d22-4c0a-9169-8acfb8baaa19,L1,Profile
916cbb50-7d22-4c0a-9169-8acfb8baaa19,L1,Profile
916cbb50-7d22-4c0a-9169-8acfb8baaa19,L1,Profile
916cbb50-7d22-4c0a-9169-8acfb8baaa19,L1,Profile
916cbb50-7d22-4c0a-9169-8acfb8baaa19,L1,Profile
916cbb50-7d22-4c0a-9169-8acfb8baaa19,L1,Profile
916cbb50-7d22-4c0a-9169-8acfb8baaa19,L1,Profile
916cbb50-7d22-4c0a-9169-8acfb8baaa19,L1,Profile
916cbb50-7d22-4c0a-9169-8acfb8baaa19,L1,Profile
916cbb50-7d22-4c0a-9169-8acfb8baaa19,L1,Profile
916cbb50-7d22-4c0a-9169-8acfb8baaa19,L1,Profile
916cbb50-7d22-4c0a-9169-8acfb8baaa19,L1,Profile
916cbb50-7d22-4c0a-9169-8acfb8baaa19,L1,Profile
916cbb50-7d22-4c0a-9169-8acfb8baaa19,L1,Profile
916cbb50-7d22-4c0a-9169-8acfb8baaa19,L1,Profile
916cbb50-7d22-4c0a-9169-8acfb8baaa19,L1,Profile
916cbb50-7d22-4c0a-9169-8acfb8baaa19,L1,Profile
916cbb50-7d22-4c0a-9169-8acfb8baaa19,L1,Profile
916cbb50-7d22-4c0a-9169-8acfb8baaa19,L1,Profile
916cbb50-7d22-4c0a-9169-8acfb8baaa19,L1,Profile
916cbb50-7d22-4c0a-9169-8acfb8baaa19,L1,Profile
916cbb50-7d22-4c0a-9169-8acfb8baaa19,L1,Profile
916cbb50-7d22-4c0a-9169-8acfb8baaa19,L1,Profile
916cbb50-7d22-4c0a-9169-8acfb8baaa19,L1,Profile
916cbb50-7d22-4c0a-9169-8acfb8baaa19,L1,Profile
916cbb50-7d22-4c0a-9169-8acfb8baaa19,L1,Profile
916cbb50-7d22-4c0a-9169-8acfb8baaa19,L1,Profile
916cbb50-7d22-4c0a-9169-8acfb8baaa19,L1,Profile
916cbb50-7d22-4c0a-9169-8acfb8baaa19,L1,Profile
916cbb50-7d22-4c0a-9169-8acfb8baaa19,L1,Profile
916cbb50-7d22-4c0a-9169-8acfb8baaa19,L1,Profile
916cbb50-7d22-4c0a-9169-8acfb8baaa19,L1,Profile
916cbb50-7d22-4c0a-9169-8acfb8baaa19,L1,Profile
916cbb50-7d22-4c0a-9169-8acfb8baaa19,L1,Profile
916cbb50-7d22-4c0a-9169-8acfb8baaa19,L1,Profile
916cbb50-7d22-4c0a-9169-8acfb8baaa19,L1,Profile
916cbb50-7d22-4c0a-9169-8acfb8baaa19,L1,Profile
916cbb50-7d22-4c0a-9169-8acfb8baaa19,L1,Profile
916cbb50-7d22-4c0a-9169-8acfb8baaa19,L1,Profile
916cbb50-7d22-4c0a-9169-8acfb8baaa19,L1,Profile
916cbb50-7d22-4c0a-9169-8acfb8baaa19,L1,Profile
916cbb50-7d22-4c0a-9169-8acfb8baaa19,L1,Profile
916cbb50-7d22-4c0a-9169-8acfb8baaa19,L1,Profile
916cbb50-7d22-4c0a-9169-8acfb8baaa19,L1,Profile
916cbb50-7d22-4c0a-9169-8acfb8baaa19,L1,Profile
916cbb50-7d22-4c0a-9169-8acfb8baaa19,L1,Profile
916cbb50-7d22-4c0a-9169-8acfb8baaa19,L1,Profile
916cbb50-7d22-4c0a-9169-8acfb8baaa19,L1,Profile
916cbb50-7d22-4c0a-9169-8acfb8baaa19,L1,Profile
916cbb50-7d22-4c0a-9169-8acfb8baaa19,L1,Profile
916cbb50-7d22-4c0a-9169-8acfb8baaa19,L1,Profile
916cbb50-7d22-4c0a-9169-8acfb8baaa19,L1,Profile
916cbb50-7d22-4c0a-9169-8acfb8baaa19,L1,Profile
916cbb50-7d22-4c0a-9169-8acfb8baaa19,L1,Profile
916cbb50-7d22-4c0a-9169-8acfb8baaa19,L1,Profile
916cbb50-7d22-4c0a-9169-8acfb8baaa19,L1,Profile
916cbb50-7d22-4c0a-9169-8acfb8baaa19,L1,Profile
916cbb50-7d22-4c0a-9169-8acfb8baaa19,L1,Profile
916cbb50-7d22-4c0a-9169-8acfb8baaa19,L1,Profile
916cbb50-7d22-4c0a-9169-8acfb8baaa19,L1,Profile
916cbb50-7d22-4c0a-9169-8acfb8baaa19,L1,Profile
916cbb50-7d22-4c0a-9169-8acfb8baaa19,L1,Profile
916cbb50-7d22-4c0a-9169-8acfb8baaa19,L1,Profile
916cbb50-7d22-4c0a-9169-8acfb8baaa19,L1,Profile
916cbb50-7d22-4c0a-9169-8acfb8baaa19,L1,Profile
916cbb50-7d22-4c0a-9169-8acfb8baaa19,L1,Profile
916cbb50-7d22-4c0a-9169-8acfb8baaa19,L1,Profile
916cbb50-7d22-4c0a-9169-8acfb8baaa19,L1,Profile
916cbb50-7d22-4c0a-9169-8acfb8baaa19,L1,Profile
916cbb50-7d22-4c0a-9169-8acfb8baaa19,L1,Profile
916cbb50-7d22-4c0a-9169-8acfb8baaa19,L1,Profile
916cbb50-7d22-4c0a-9169-8acfb8baaa19,L1,Profile
916cbb50-7d22-4c0a-9169-8acfb8baaa19,L1,Profile
916cbb50-7d22-4c0a-9169-8acfb8baaa19,L1,Profile
916cbb50-7d22-4c0a-9169-8acfb8baaa19,L1,Profile
916cbb50-7d22-4c0a-9169-8acfb8baaa19,L1,Profile
916cbb50-7d22-4c0a-9169-8acfb8baaa19,L1,Profile
916cbb50-7d22-4c0a-9169-8acfb8baaa19,L1,Profile
916cbb50-7d22-4c0a-9169-8acfb8baaa19,L1,Profile
916cbb50-7d22-4c0a-9169-8acfb8baaa19,L1,Profile
916cbb50-7d22-4c0a-9169-8acfb8baaa19,L1,Profile
916cbb50-7d22-4c0a-9169-8acfb8baaa19,L1,Profile
916cbb50-7d22-4c0a-9169-8acfb8baaa19,L1,Profile
916cbb50-7d22-4c0a-9169-8acfb8baaa19,L1,Profile
916cbb50-7d22-4c0a-9169-8acfb8baaa19,L1,Profile
916cbb50-7d22-4c0a-9169-8acfb8baaa19,L1,Profile
916cbb50-7d22-4c0a-9169-8acfb8baaa19,L1,Profile
916cbb50-7d22-4c0a-9169-8acfb8baaa19,L1,Profile
916cbb50-7d22-4c0a-9169-8acfb8baaa19,L1,Profile
916cbb50-7d22-4c0a-9169-8acfb8baaa19,L1,Profile
916cbb50-7d22-4c0a-9169-8acfb8baaa19,L1,Profile
916cbb50-7d22-4c0a-9169-8acfb8baaa19,L1,Profile
916cbb50-7d22-4c0a-9169-8acfb8baaa19,L1,Profile
916cbb50-7d22-4c0a-9169-8acfb8baaa19,L1,Profile
916cbb50-7d22-4c0a-9169-8acfb8baaa19,L1,Profile
916cbb50-7d22-4c0a-9169-8acfb8baaa19,L1,Profile
916cbb50-7d22-4c0a-9169-8acfb8baaa19,L1,Profile
916cbb50-7d22-4c0a-9169-8acfb8baaa19,L1,Profile
916cbb50-7d22-4c0a-9169-8acfb8baaa19,L1,Profile
916cbb50-7d22-4c0a-9169-8acfb8baaa19,L1,Profile
916cbb50-7d22-4c0a-9169-8acfb8baaa19,L1,Profile
916cbb50-7d22-4c0a-9169-8acfb8baaa19,L1,Profile
916cbb50-7d22-4c0a-9169-8acfb8baaa19,L1,Profile
916cbb50-7d22-4c0a-9169-8acfb8baaa19,L1,Profile
916cbb50-7d22-4c0a-9169-8acfb8baaa19,L1,Profile
916cbb50-7d22-4c0a-9169-8acfb8baaa19,L1,Profile
916cbb50-7d22-4c0a-9169-8acfb8baaa19,L1,Profile
916cbb50-7d22-4c0a-9169-8acfb8baaa19,L1,Profile
916cbb50-7d22-4c0a-9169-8acfb8baaa19,L1,Profile
916cbb50-7d22-4c0a-9169-8acfb8baaa19,L1,Profile
916cbb50-7d22-4c0a-9169-8acfb8baaa19,L1,Profile
916cbb50-7d22-4c0a-9169-8acfb8baaa19,L1,Profile
916cbb50-7d22-4c0a-9169-8acfb8baaa19,L1,Profile
916cbb50-7d22-4c0a-9169-8acfb8baaa19,L1,Profile
916cbb50-7d22-4c0a-9169-8acfb8baaa19,L1,Profile
916cbb50-7d22-4c0a-9169-8acfb8baaa19,L1,Profile
916cbb50-7d22-4c0a-9169-8acfb8baaa19,L1,Profile
916cbb50-7d22-4c0a-9169-8acfb8baaa19,L1,Profile
916cbb50-7d22-4c0a-9169-8acfb8baaa19,L1,Profile
916cbb50-7d22-4c0a-9169-8acfb8baaa19,L1,Profile
916cbb50-7d22-4c0a-9169-8acfb8baaa19,L1,Profile
916cbb50-7d22-4c0a-9169-8acfb8baaa19,L1,Profile
916cbb50-7d22-4c0a-9169-8acfb8baaa19,L1,Profile
916cbb50-7d22-4c0a-9169-8acfb8baaa19,L1,Profile
916cbb50-7d22-4c0a-9169-8acfb8baaa19,L1,Profile
916cbb50-7d22-4c0a-9169-8acfb8baaa19,L1,Profile
916cbb50-7d22-4c0a-9169-8acfb8baaa19,L1,Profile
916cbb50-7d22-4c0a-9169-8acfb8baaa19,L1,Profile
916cbb50-7d22-4c0a-9169-8acfb8baaa19,L1,Profile
916cbb50-7d22-4c0a-9169-8acfb8baaa19,L1,Profile
916cbb50-7d22-4c0a-9169-8acfb8baaa19,L1,Profile
916cbb50-7d22-4c0a-9169-8acfb8baaa19,L1,Profile
916cbb50-7d22-4c0a-9169-8acfb8baaa19,L1,Profile
916cbb50-7d22-4c0a-9169-8acfb8baaa19,L1,Profile
916cbb50-7d22-4c0a-9169-8acfb8baaa19,L1,Profile
916cbb50-7d22-4c0a-9169-8acfb8baaa19,L1,Profile
916cbb50-7d22-4c0a-9169-8acfb8baaa19,L1,Profile
916cbb50-7d22-4c0a-9169-8acfb8baaa19,L1,Profile
916cbb50-7d22-4c0a-9169-8acfb8baaa19,L1,Profile
916cbb50-7d22-4c0a-9169-8acfb8baaa19,L1,Profile
916cbb50-7d22-4c0a-9169-8acfb8baaa19,L1,Profile
916cbb50-7d22-4c0a-9169-8acfb8baaa19,L1,Profile
916cbb50-7d22-4c0a-9169-8acfb8baaa19,L1,Profile
916cbb50-7d22-4c0a-9169-8acfb8baaa19,L1,Profile
916cbb50-7d22-4c0a-9169-8acfb8baaa19,L1,Profile
916cbb50-7d22-4c0a-9169-8acfb8baaa19,L1,Profile
916cbb50-7d22-4c0a-9169-8acfb8baaa19,L1,Profile
916cbb50-7d22-4c0a-9169-8acfb8baaa19,L1,Profile
916cbb50-7d22-4c0a-9169-8acfb8baaa19,L1,Profile
916cbb50-7d22-4c0a-9169-8acfb8baaa19,L1,Profile
916cbb50-7d22-4c0a-9169-8acfb8baaa19,L1,Profile
916cbb50-7d22-4c0a-9169-8acfb8baaa19,L1,Profile
916cbb50-7d22-4c0a-9169-8acfb8baaa19,L1,Profile
916cbb50-7d22-4c0a-9169-8acfb8baaa19,L1,Profile
916cbb50-7d22-4c0a-9169-8acfb8baaa19,L1,Profile
916cbb50-7d22-4c0a-9169-8acfb8baaa19,L1,Profile
916cbb50-7d22-4c0a-9169-8acfb8baaa19,L1,Profile
916cbb50-7d22-4c0a-9169-8acfb8baaa19,L1,Profile
916cbb50-7d22-4c0a-9169-8acfb8baaa19,L1,Profile
916cbb50-7d22-4c0a-9169-8acfb8baaa19,L1,Profile
916cbb50-7d22-4c0a-9169-8acfb8baaa19,L1,Profile
916cbb50-7d22-4c0a-9169-8acfb8baaa19,L1,Profile
916cbb50-7d22-4c0a-9169-8acfb8baaa19,L1,Profile
916cbb50-7d22-4c0a-9169-8acfb8baaa19,L1,Profile
916cbb50-7d22-4c0a-9169-8acfb8baaa19,L1,Profile
916cbb50-7d22-4c0a-9169-8acfb8baaa19,L1,Profile
916cbb50-7d22-4c0a-9169-8acfb8baaa19,L1,Profile
916cbb50-7d22-4c0a-9169-8acfb8baaa19,L1,Profile
916cbb50-7d22-4c0a-9169-8acfb8baaa19,L1,Profile
916cbb50-7d22-4c0a-9169-8acfb8baaa19,L1,Profile
916cbb50-7d22-4c0a-9169-8acfb8baaa19,L1,Profile
916cbb50-7d22-4c0a-9169-8acfb8baaa19,L1,Profile
916cbb50-7d22-4c0a-9169-8acfb8baaa19,L1,Profile
916cbb50-7d22-4c0a-9169-8acfb8baaa19,L1,Profile
916cbb50-7d22-4c0a-9169-8acfb8baaa19,L1,Profile
916cbb50-7d22-4c0a-9169-8acfb8baaa19,L1,Profile
916cbb50-7d22-4c0a-9169-8acfb8baaa19,L1,Profile
916cbb50-7d22-4c0a-9169-8acfb8baaa19,L1,Profile
916cbb50-7d22-4c0a-9169-8acfb8baaa19,L1,Profile
916cbb50-7d22-4c0a-9169-8acfb8baaa19,L1,Profile
916cbb50-7d22-4c0a-9169-8acfb8baaa19,L1,Profile
916cbb50-7d22-4c0a-9169-8acfb8baaa19,L1,Profile
916cbb50-7d22-4c0a-9169-8acfb8baaa19,L1,Profile
916cbb50-7d22-4c0a-9169-8acfb8baaa19,L1,Profile
916cbb50-7d22-4c0a-9169-8acfb8baaa19,L1,Profile
916cbb50-7d22-4c0a-9169-8acfb8baaa19,L1,Profile
916cbb50-7d22-4c0a-9169-8acfb8baaa19,L1,Profile
916cbb50-7d22-4c0a-9169-8acfb8baaa19,L1,Profile
916cbb50-7d22-4c0a-9169-8acfb8baaa19,L1,Profile
916cbb50-7d22-4c0a-9169-8acfb8baaa19,L1,Profile
916cbb50-7d22-4c0a-9169-8acfb8baaa19,L1,Profile
916cbb50-7d22-4c0a-9169-8acfb8baaa19,L1,Profile
916cbb50-7d22-4c0a-9169-8acfb8baaa19,L1,Profile
916cbb50-7d22-4c0a-9169-8acfb8baaa19,L1,Profile
916cbb50-7d22-4c0a-9169-8acfb8baaa19,L1,Profile
916cbb50-7d22-4c0a-9169-8acfb8baaa19,L1,Profile
916cbb50-7d22-4c0a-9169-8acfb8baaa19,L1,Profile
916cbb50-7d22-4c0a-9169-8acfb8baaa19,L1,Profile
916cbb50-7d22-4c0a-9169-8acfb8baaa19,L1,Profile
916cbb50-7d22-4c0a-9169-8acfb8baaa19,L1,Profile
916cbb50-7d22-4c0a-9169-8acfb8baaa19,L1,Profile
916cbb50-7d22-4c0a-9169-8acfb8baaa19,L1,Profile
916cbb50-7d22-4c0a-9169-8acfb8baaa19,L1,Profile
916cbb50-7d22-4c0a-9169-8acfb8baaa19,L1,Profile
916cbb50-7d22-4c0a-9169-8acfb8baaa19,L1,Profile
916cbb50-7d22-4c0a-9169-8acfb8baaa19,L1,Profile
916cbb50-7d22-4c0a-9169-8acfb8baaa19,L1,Profile
916cbb50-7d22-4c0a-9169-8acfb8baaa19,L1,Profile
916cbb50-7d22-4c0a-9169-8acfb8baaa19,L1,Profile
916cbb50-7d22-4c0a-9169-8acfb8baaa19,L1,Profile
916cbb50-7d22-4c0a-9169-8acfb8baaa19,L1,Profile
916cbb50-7d22-4c0a-9169-8acfb8baaa19,L1,Profile
916cbb50-7d22-4c0a-9169-8acfb8baaa19,L1,Profile
916cbb50-7d22-4c0a-9169-8acfb8baaa19,L1,Profile
916cbb50-7d22-4c0a-9169-8acfb8baaa19,L1,Profile
916cbb50-7d22-4c0a-9169-8acfb8baaa19,L1,Profile
916cbb50-7d22-4c0a-9169-8acfb8baaa19,L1,Profile
916cbb50-7d22-4c0a-9169-8acfb8baaa19,L1,Profile
916cbb50-7d22-4c0a-9169-8acfb8baaa19,L1,Profile
916cbb50-7d22-4c0a-9169-8acfb8baaa19,L1,Profile
916cbb50-7d22-4c0a-9169-8acfb8baaa19,L1,Profile
916cbb50-7d22-4c0a-9169-8acfb8baaa19,L1,Profile
916cbb50-7d22-4c0a-9169-8acfb8baaa19,L1,Profile
916cbb50-7d22-4c0a-9169-8acfb8baaa19,L1,Profile
916cbb50-7d22-4c0a-9169-8acfb8baaa19,L1,Profile
916cbb50-7d22-4c0a-9169-8acfb8baaa19,L1,Profile
916cbb50-7d22-4c0a-9169-8acfb8baaa19,L1,Profile
916cbb50-7d22-4c0a-9169-8acfb8baaa19,L1,Profile
916cbb50-7d22-4c0a-9169-8acfb8baaa19,L1,Profile
916cbb50-7d22-4c0a-9169-8acfb8baaa19,L1,Profile
916cbb50-7d22-4c0a-9169-8acfb8baaa19,L1,Profile
916cbb50-7d22-4c0a-9169-8acfb8baaa19,L1,Profile
916cbb50-7d22-4c0a-9169-8acfb8baaa19,L1,Profile
916cbb50-7d22-4c0a-9169-8acfb8baaa19,L1,Profile
916cbb50-7d22-4c0a-9169-8acfb8baaa19,L1,Profile
916cbb50-7d22-4c0a-9169-8acfb8baaa19,L1,Profile
916cbb50-7d22-4c0a-9169-8acfb8baaa19,L1,Profile
916cbb50-7d22-4c0a-9169-8acfb8baaa19,L1,Profile
916cbb50-7d22-4c0a-9169-8acfb8baaa19,L1,Profile
916cbb50-7d22-4c0a-9169-8acfb8baaa19,L1,Profile
916cbb50-7d22-4c0a-9169-8acfb8baaa19,L1,Profile
916cbb50-7d22-4c0a-9169-8acfb8baaa19,L1,Profile
916cbb50-7d22-4c0a-9169-8acfb8baaa19,L1,Profile
916cbb50-7d22-4c0a-9169-8acfb8baaa19,L1,Profile
916cbb50-7d22-4c0a-9169-8acfb8baaa19,L1,Profile
916cbb50-7d22-4c0a-9169-8acfb8baaa19,L1,Profile
916cbb50-7d22-4c0a-9169-8acfb8baaa19,L1,Profile
916cbb50-7d22-4c0a-9169-8acfb8baaa19,L1,Profile
916cbb50-7d22-4c0a-9169-8acfb8baaa19,L1,Profile
916cbb50-7d22-4c0a-9169-8acfb8baaa19,L1,Profile
916cbb50-7d22-4c0a-9169-8acfb8baaa19,L1,Profile
916cbb50-7d22-4c0a-9169-8acfb8baaa19,L1,Profile
916cbb50-7d22-4c0a-9169-8acfb8baaa19,L1,Profile
916cbb50-7d22-4c0a-9169-8acfb8baaa19,L1,Profile
916cbb50-7d22-4c0a-9169-8acfb8baaa19,L1,Profile
916cbb50-7d22-4c0a-9169-8acfb8baaa19,L1,Profile
916cbb50-7d22-4c0a-9169-8acfb8baaa19,L1,Profile
916cbb50-7d22-4c0a-9169-8acfb8baaa19,L1,Profile
916cbb50-7d22-4c0a-9169-8acfb8baaa19,L1,Profile
916cbb50-7d22-4c0a-9169-8acfb8baaa19,L1,Profile
916cbb50-7d22-4c0a-9169-8acfb8baaa19,L1,Profile
916cbb50-7d22-4c0a-9169-8acfb8baaa19,L1,Profile
916cbb50-7d22-4c0a-9169-8acfb8baaa19,L1,Profile
916cbb50-7d22-4c0a-9169-8acfb8baaa19,L1,Profile
916cbb50-7d22-4c0a-9169-8acfb8baaa19,L1,Profile
916cbb50-7d22-4c0a-9169-8acfb8baaa19,L1,Profile
916cbb50-7d22-4c0a-9169-8acfb8baaa19,L1,Profile
916cbb50-7d22-4c0a-9169-8acfb8baaa19,L1,Profile
916cbb50-7d22-4c0a-9169-8acfb8baaa19,L1,Profile
916cbb50-7d22-4c0a-9169-8acfb8baaa19,L1,Profile
916cbb50-7d22-4c0a-9169-8acfb8baaa19,L1,Profile
916cbb50-7d22-4c0a-9169-8acfb8baaa19,L1,Profile
916cbb50-7d22-4c0a-9169-8acfb8baaa19,L1,Profile
916cbb50-7d22-4c0a-9169-8acfb8baaa19,L1,Profile
916cbb50-7d22-4c0a-9169-8acfb8baaa19,L1,Profile
916cbb50-7d22-4c0a-9169-8acfb8baaa19,L1,Profile
916cbb50-7d22-4c0a-9169-8acfb8baaa19,L1,Profile
916cbb50-7d22-4c0a-9169-8acfb8baaa19,L1,Profile
916cbb50-7d22-4c0a-9169-8acfb8baaa19,L1,Profile
916cbb50-7d22-4c0a-9169-8acfb8baaa19,L1,Profile
916cbb50-7d22-4c0a-9169-8acfb8baaa19,L1,Profile
916cbb50-7d22-4c0a-9169-8acfb8baaa19,L1,Profile
916cbb50-7d22-4c0a-9169-8acfb8baaa19,L1,Profile
916cbb50-7d22-4c0a-9169-8acfb8baaa19,L1,Profile
916cbb50-7d22-4c0a-9169-8acfb8baaa19,L1,Profile
916cbb50-7d22-4c0a-9169-8acfb8baaa19,L1,Profile
916cbb50-7d22-4c0a-9169-8acfb8baaa19,L1,Profile
916cbb50-7d22-4c0a-9169-8acfb8baaa19,L1,Profile
916cbb50-7d22-4c0a-9169-8acfb8baaa19,L1,Profile
916cbb50-7d22-4c0a-9169-8acfb8baaa19,L1,Profile
916cbb50-7d22-4c0a-9169-8acfb8baaa19,L1,Profile
916cbb50-7d22-4c0a-9169-8acfb8baaa19,L1,Profile
916cbb50-7d22-4c0a-9169-8acfb8baaa19,L1,Profile
916cbb50-7d22-4c0a-9169-8acfb8baaa19,L1,Profile
916cbb50-7d22-4c0a-9169-8acfb8baaa19,L1,Profile
916cbb50-7d22-4c0a-9169-8acfb8baaa19,L1,Profile
916cbb50-7d22-4c0a-9169-8acfb8baaa19,L1,Profile
916cbb50-7d22-4c0a-9169-8acfb8baaa19,L1,Profile
916cbb50-7d22-4c0a-9169-8acfb8baaa19,L1,Profile
916cbb50-7d22-4c0a-9169-8acfb8baaa19,L1,Profile
916cbb50-7d22-4c0a-9169-8acfb8baaa19,L1,Profile
916cbb50-7d22-4c0a-9169-8acfb8baaa19,L1,Profile
916cbb50-7d22-4c0a-9169-8acfb8baaa19,L1,Profile
916cbb50-7d22-4c0a-9169-8acfb8baaa19,L1,Profile
916cbb50-7d22-4c0a-9169-8acfb8baaa19,L1,Profile
916cbb50-7d22-4c0a-9169-8acfb8baaa19,L1,Profile
916cbb50-7d22-4c0a-9169-8acfb8baaa19,L1,Profile
916cbb50-7d22-4c0a-9169-8acfb8baaa19,L1,Profile
916cbb50-7d22-4c0a-9169-8acfb8baaa19,L1,Profile
916cbb50-7d22-4c0a-9169-8acfb8baaa19,L1,Profile
916cbb50-7d22-4c0a-9169-8acfb8baaa19,L1,Profile
916cbb50-7d22-4c0a-9169-8acfb8baaa19,L1,Profile
916cbb50-7d22-4c0a-9169-8acfb8baaa19,L1,Profile
916cbb50-7d22-4c0a-9169-8acfb8baaa19,L1,Profile
916cbb50-7d22-4c0a-9169-8acfb8baaa19,L1,Profile
916cbb50-7d22-4c0a-9169-8acfb8baaa19,L1,Profile
916cbb50-7d22-4c0a-9169-8acfb8baaa19,L1,Profile
916cbb50-7d22-4c0a-9169-8acfb8baaa19,L1,Profile
916cbb50-7d22-4c0a-9169-8acfb8baaa19,L1,Profile
916cbb50-7d22-4c0a-9169-8acfb8baaa19,L1,Profile
916cbb50-7d22-4c0a-9169-8acfb8baaa19,L1,Profile
916cbb50-7d22-4c0a-9169-8acfb8baaa19,L1,Profile
916cbb50-7d22-4c0a-9169-8acfb8baaa19,L1,Profile
916cbb50-7d22-4c0a-9169-8acfb8baaa19,L1,Profile
916cbb50-7d22-4c0a-9169-8acfb8baaa19,L1,Profile
916cbb50-7d22-4c0a-9169-8acfb8baaa19,L1,Profile
916cbb50-7d22-4c0a-9169-8acfb8baaa19,L1,Profile
916cbb50-7d22-4c0a-9169-8acfb8baaa19,L1,Profile
916cbb50-7d22-4c0a-9169-8acfb8baaa19,L1,Profile
916cbb50-7d22-4c0a-9169-8acfb8baaa19,L1,Profile
916cbb50-7d22-4c0a-9169-8acfb8baaa19,L1,Profile
916cbb50-7d22-4c0a-9169-8acfb8baaa19,L1,Profile
916cbb50-7d22-4c0a-9169-8acfb8baaa19,L1,Profile
916cbb50-7d22-4c0a-9169-8acfb8baaa19,L1,Profile
916cbb50-7d22-4c0a-9169-8acfb8baaa19,L1,Profile
916cbb50-7d22-4c0a-9169-8acfb8baaa19,L1,Profile
916cbb50-7d22-4c0a-9169-8acfb8baaa19,L1,Profile
916cbb50-7d22-4c0a-9169-8acfb8baaa19,L1,Profile
916cbb50-7d22-4c0a-9169-8acfb8baaa19,L1,Profile
916cbb50-7d22-4c0a-9169-8acfb8baaa19,L1,Profile
916cbb50-7d22-4c0a-9169-8acfb8baaa19,L1,Profile
916cbb50-7d22-4c0a-9169-8acfb8baaa19,L1,Profile
916cbb50-7d22-4c0a-9169-8acfb8baaa19,L1,Profile
916cbb50-7d22-4c0a-9169-8acfb8baaa19,L1,Profile
916cbb50-7d22-4c0a-9169-8acfb8baaa19,L1,Profile
916cbb50-7d22-4c0a-9169-8acfb8baaa19,L1,Profile
916cbb50-7d22-4c0a-9169-8acfb8baaa19,L1,Profile
916cbb50-7d22-4c0a-9169-8acfb8baaa19,L1,Profile
916cbb50-7d22-4c0a-9169-8acfb8baaa19,L1,Profile
916cbb50-7d22-4c0a-9169-8acfb8baaa19,L1,Profile
916cbb50-7d22-4c0a-9169-8acfb8baaa19,L1,Profile
916cbb50-7d22-4c0a-9169-8acfb8baaa19,L1,Profile
916cbb50-7d22-4c0a-9169-8acfb8baaa19,L1,Profile
916cbb50-7d22-4c0a-9169-8acfb8baaa19,L1,Profile
916cbb50-7d22-4c0a-9169-8acfb8baaa19,L1,Profile
916cbb50-7d22-4c0a-9169-8acfb8baaa19,L1,Profile
916cbb50-7d22-4c0a-9169-8acfb8baaa19,L1,Profile
916cbb50-7d22-4c0a-9169-8acfb8baaa19,L1,Profile
916cbb50-7d22-4c0a-9169-8acfb8baaa19,L1,Profile
916cbb50-7d22-4c0a-9169-8acfb8baaa19,L1,Profile
916cbb50-7d22-4c0a-9169-8acfb8baaa19,L1,Profile
916cbb50-7d22-4c0a-9169-8acfb8baaa19,L1,Profile
916cbb50-7d22-4c0a-9169-8acfb8baaa19,L1,Profile
916cbb50-7d22-4c0a-9169-8acfb8baaa19,L1,Profile
916cbb50-7d22-4c0a-9169-8acfb8baaa19,L1,Profile
916cbb50-7d22-4c0a-9169-8acfb8baaa19,L1,Profile
916cbb50-7d22-4c0a-9169-8acfb8baaa19,L1,Profile
916cbb50-7d22-4c0a-9169-8acfb8baaa19,L1,Profile
916cbb50-7d22-4c0a-9169-8acfb8baaa19,L1,Profile
916cbb50-7d22-4c0a-9169-8acfb8baaa19,L1,Profile
916cbb50-7d22-4c0a-9169-8acfb8baaa19,L1,Profile
916cbb50-7d22-4c0a-9169-8acfb8baaa19,L1,Profile
916cbb50-7d22-4c0a-9169-8acfb8baaa19,L1,Profile
916cbb50-7d22-4c0a-9169-8acfb8baaa19,L1,Profile
916cbb50-7d22-4c0a-9169-8acfb8baaa19,L1,Profile
916cbb50-7d22-4c0a-9169-8acfb8baaa19,L1,Profile
916cbb50-7d22-4c0a-9169-8acfb8baaa19,L1,Profile
916cbb50-7d22-4c0a-9169-8acfb8baaa19,L1,Profile
916cbb50-7d22-4c0a-9169-8acfb8baaa19,L1,Profile
916cbb50-7d22-4c0a-9169-8acfb8baaa19,L1,Profile
916cbb50-7d22-4c0a-9169-8acfb8baaa19,L1,Profile
916cbb50-7d22-4c0a-9169-8acfb8baaa19,L1,Profile
916cbb50-7d22-4c0a-9169-8acfb8baaa19,L1,Profile
916cbb50-7d22-4c0a-9169-8acfb8baaa19,L1,Profile
916cbb50-7d22-4c0a-9169-8acfb8baaa19,L1,Profile
916cbb50-7d22-4c0a-9169-8acfb8baaa19,L1,Profile
916cbb50-7d22-4c0a-9169-8acfb8baaa19,L1,Profile
916cbb50-7d22-4c0a-9169-8acfb8baaa19,L1,Profile
916cbb50-7d22-4c0a-9169-8acfb8baaa19,L1,Profile
916cbb50-7d22-4c0a-9169-8acfb8baaa19,L1,Profile
916cbb50-7d22-4c0a-9169-8acfb8baaa19,L1,Profile
916cbb50-7d22-4c0a-9169-8acfb8baaa19,L1,Profile
916cbb50-7d22-4c0a-9169-8acfb8baaa19,L1,Profile
916cbb50-7d22-4c0a-9169-8acfb8baaa19,L1,Profile
916cbb50-7d22-4c0a-9169-8acfb8baaa19,L1,Profile
916cbb50-7d22-4c0a-9169-8acfb8baaa19,L1,Profile
916cbb50-7d22-4c0a-9169-8acfb8baaa19,L1,Profile
916cbb50-7d22-4c0a-9169-8acfb8baaa19,L1,Profile
916cbb50-7d22-4c0a-9169-8acfb8baaa19,L1,Profile
916cbb50-7d22-4c0a-9169-8acfb8baaa19,L1,Profile
916cbb50-7d22-4c0a-9169-8acfb8baaa19,L1,Profile
916cbb50-7d22-4c0a-9169-8acfb8baaa19,L1,Profile
916cbb50-7d22-4c0a-9169-8acfb8baaa19,L1,Profile
916cbb50-7d22-4c0a-9169-8acfb8baaa19,L1,Profile
916cbb50-7d22-4c0a-9169-8acfb8baaa19,L1,Profile
916cbb50-7d22-4c0a-9169-8acfb8baaa19,L1,Profile
916cbb50-7d22-4c0a-9169-8acfb8baaa19,L1,Profile
916cbb50-7d22-4c0a-9169-8acfb8baaa19,L1,Profile
916cbb50-7d22-4c0a-9169-8acfb8baaa19,L1,Profile
916cbb50-7d22-4c0a-9169-8acfb8baaa19,L1,Profile
916cbb50-7d22-4c0a-9169-8acfb8baaa19,L1,Profile
916cbb50-7d22-4c0a-9169-8acfb8baaa19,L1,Profile
916cbb50-7d22-4c0a-9169-8acfb8baaa19,L1,Profile
916cbb50-7d22-4c0a-9169-8acfb8baaa19,L1,Profile
916cbb50-7d22-4c0a-9169-8acfb8baaa19,L1,Profile
916cbb50-7d22-4c0a-9169-8acfb8baaa19,L1,Profile
916cbb50-7d22-4c0a-9169-8acfb8baaa19,L1,Profile
916cbb50-7d22-4c0a-9169-8acfb8baaa19,L1,Profile
916cbb50-7d22-4c0a-9169-8acfb8baaa19,L1,Profile
916cbb50-7d22-4c0a-9169-8acfb8baaa19,L1,Profile
916cbb50-7d22-4c0a-9169-8acfb8baaa19,L1,Profile
916cbb50-7d22-4c0a-9169-8acfb8baaa19,L1,Profile
916cbb50-7d22-4c0a-9169-8acfb8baaa19,L1,Profile
916cbb50-7d22-4c0a-9169-8acfb8baaa19,L1,Profile
916cbb50-7d22-4c0a-9169-8acfb8baaa19,L1,Profile
916cbb50-7d22-4c0a-9169-8acfb8baaa19,L1,Profile
916cbb50-7d22-4c0a-9169-8acfb8baaa19,L1,Profile
916cbb50-7d22-4c0a-9169-8acfb8baaa19,L1,Profile
916cbb50-7d22-4c0a-9169-8acfb8baaa19,L1,Profile
916cbb50-7d22-4c0a-9169-8acfb8baaa19,L1,Profile
916cbb50-7d22-4c0a-9169-8acfb8baaa19,L1,Profile
916cbb50-7d22-4c0a-9169-8acfb8baaa19,L1,Profile
916cbb50-7d22-4c0a-9169-8acfb8baaa19,L1,Profile
916cbb50-7d22-4c0a-9169-8acfb8baaa19,L1,Profile
916cbb50-7d22-4c0a-9169-8acfb8baaa19,L1,Profile
916cbb50-7d22-4c0a-9169-8acfb8baaa19,L1,Profile
916cbb50-7d22-4c0a-9169-8acfb8baaa19,L1,Profile
916cbb50-7d22-4c0a-9169-8acfb8baaa19,L1,Profile
916cbb50-7d22-4c0a-9169-8acfb8baaa19,L1,Profile
916cbb50-7d22-4c0a-9169-8acfb8baaa19,L1,Profile
916cbb50-7d22-4c0a-9169-8acfb8baaa19,L1,Profile
916cbb50-7d22-4c0a-9169-8acfb8baaa19,L1,Profile
916cbb50-7d22-4c0a-9169-8acfb8baaa19,L1,Profile
916cbb50-7d22-4c0a-9169-8acfb8baaa19,L1,Profile
916cbb50-7d22-4c0a-9169-8acfb8baaa19,L1,Profile
916cbb50-7d22-4c0a-9169-8acfb8baaa19,L1,Profile
916cbb50-7d22-4c0a-9169-8acfb8baaa19,L1,Profile
916cbb50-7d22-4c0a-9169-8acfb8baaa19,L1,Profile
916cbb50-7d22-4c0a-9169-8acfb8baaa19,L1,Profile
916cbb50-7d22-4c0a-9169-8acfb8baaa19,L1,Profile
916cbb50-7d22-4c0a-9169-8acfb8baaa19,L1,Profile
916cbb50-7d22-4c0a-9169-8acfb8baaa19,L1,Profile
916cbb50-7d22-4c0a-9169-8acfb8baaa19,L1,Profile
916cbb50-7d22-4c0a-9169-8acfb8baaa19,L1,Profile
916cbb50-7d22-4c0a-9169-8acfb8baaa19,L1,Profile
916cbb50-7d22-4c0a-9169-8acfb8baaa19,L1,Profile
916cbb50-7d22-4c0a-9169-8acfb8baaa19,L1,Profile
916cbb50-7d22-4c0a-9169-8acfb8baaa19,L1,Profile
916cbb50-7d22-4c0a-9169-8acfb8baaa19,L1,Profile
916cbb50-7d22-4c0a-9169-8acfb8baaa19,L1,Profile
916cbb50-7d22-4c0a-9169-8acfb8baaa19,L1,Profile
916cbb50-7d22-4c0a-9169-8acfb8baaa19,L1,Profile
916cbb50-7d22-4c0a-9169-8acfb8baaa19,L1,Profile
916cbb50-7d22-4c0a-9169-8acfb8baaa19,L1,Profile
916cbb50-7d22-4c0a-9169-8acfb8baaa19,L1,Profile
916cbb50-7d22-4c0a-9169-8acfb8baaa19,L1,Profile
916cbb50-7d22-4c0a-9169-8acfb8baaa19,L1,Profile
916cbb50-7d22-4c0a-9169-8acfb8baaa19,L1,Profile
916cbb50-7d22-4c0a-9169-8acfb8baaa19,L1,Profile
916cbb50-7d22-4c0a-9169-8acfb8baaa19,L1,Profile
916cbb50-7d22-4c0a-9169-8acfb8baaa19,L1,Profile
916cbb50-7d22-4c0a-9169-8acfb8baaa19,L1,Profile
916cbb50-7d22-4c0a-9169-8acfb8baaa19,L1,Profile
916cbb50-7d22-4c0a-9169-8acfb8baaa19,L1,Profile
916cbb50-7d22-4c0a-9169-8acfb8baaa19,L1,Profile
916cbb50-7d22-4c0a-9169-8acfb8baaa19,L1,Profile
916cbb50-7d22-4c0a-9169-8acfb8baaa19,L1,Profile
916cbb50-7d22-4c0a-9169-8acfb8baaa19,L1,Profile
916cbb50-7d22-4c0a-9169-8acfb8baaa19,L1,Profile
916cbb50-7d22-4c0a-9169-8acfb8baaa19,L1,Profile
916cbb50-7d22-4c0a-9169-8acfb8baaa19,L1,Profile
916cbb50-7d22-4c0a-9169-8acfb8baaa19,L1,Profile
916cbb50-7d22-4c0a-9169-8acfb8baaa19,L1,Profile
916cbb50-7d22-4c0a-9169-8acfb8baaa19,L1,Profile
916cbb50-7d22-4c0a-9169-8acfb8baaa19,L1,Profile
916cbb50-7d22-4c0a-9169-8acfb8baaa19,L1,Profile
916cbb50-7d22-4c0a-9169-8acfb8baaa19,L1,Profile
916cbb50-7d22-4c0a-9169-8acfb8baaa19,L1,Profile
916cbb50-7d22-4c0a-9169-8acfb8baaa19,L1,Profile
916cbb50-7d22-4c0a-9169-8acfb8baaa19,L1,Profile
916cbb50-7d22-4c0a-9169-8acfb8baaa19,L1,Profile
916cbb50-7d22-4c0a-9169-8acfb8baaa19,L1,Profile
916cbb50-7d22-4c0a-9169-8acfb8baaa19,L1,Profile
916cbb50-7d22-4c0a-9169-8acfb8baaa19,L1,Profile
916cbb50-7d22-4c0a-9169-8acfb8baaa19,L1,Profile
916cbb50-7d22-4c0a-9169-8acfb8baaa19,L1,Profile
916cbb50-7d22-4c0a-9169-8acfb8baaa19,L1,Profile
916cbb50-7d22-4c0a-9169-8acfb8baaa19,L1,Profile
916cbb50-7d22-4c0a-9169-8acfb8baaa19,L1,Profile
916cbb50-7d22-4c0a-9169-8acfb8baaa19,L1,Profile
916cbb50-7d22-4c0a-9169-8acfb8baaa19,L1,Profile
916cbb50-7d22-4c0a-9169-8acfb8baaa19,L1,Profile
916cbb50-7d22-4c0a-9169-8acfb8baaa19,L1,Profile
916cbb50-7d22-4c0a-9169-8acfb8baaa19,L1,Profile
916cbb50-7d22-4c0a-9169-8acfb8baaa19,L1,Profile
916cbb50-7d22-4c0a-9169-8acfb8baaa19,L1,Profile
916cbb50-7d22-4c0a-9169-8acfb8baaa19,L1,Profile
916cbb50-7d22-4c0a-9169-8acfb8baaa19,L1,Profile
916cbb50-7d22-4c0a-9169-8acfb8baaa19,L1,Profile
916cbb50-7d22-4c0a-9169-8acfb8baaa19,L1,Profile
916cbb50-7d22-4c0a-9169-8acfb8baaa19,L1,Profile
916cbb50-7d22-4c0a-9169-8acfb8baaa19,L1,Profile
916cbb50-7d22-4c0a-9169-8acfb8baaa19,L1,Profile
916cbb50-7d22-4c0a-9169-8acfb8baaa19,L1,Profile
916cbb50-7d22-4c0a-9169-8acfb8baaa19,L1,Profile
916cbb50-7d22-4c0a-9169-8acfb8baaa19,L1,Profile
916cbb50-7d22-4c0a-9169-8acfb8baaa19,L1,Profile
916cbb50-7d22-4c0a-9169-8acfb8baaa19,L1,Profile
916cbb50-7d22-4c0a-9169-8acfb8baaa19,L1,Profile
916cbb50-7d22-4c0a-9169-8acfb8baaa19,L1,Profile
916cbb50-7d22-4c0a-9169-8acfb8baaa19,L1,Profile
916cbb50-7d22-4c0a-9169-8acfb8baaa19,L1,Profile
916cbb50-7d22-4c0a-9169-8acfb8baaa19,L1,Profile
916cbb50-7d22-4c0a-9169-8acfb8baaa19,L1,Profile
916cbb50-7d22-4c0a-9169-8acfb8baaa19,L1,Profile
916cbb50-7d22-4c0a-9169-8acfb8baaa19,L1,Profile
916cbb50-7d22-4c0a-9169-8acfb8baaa19,L1,Profile
916cbb50-7d22-4c0a-9169-8acfb8baaa19,L1,Profile
916cbb50-7d22-4c0a-9169-8acfb8baaa19,L1,Profile
916cbb50-7d22-4c0a-9169-8acfb8baaa19,L1,Profile
916cbb50-7d22-4c0a-9169-8acfb8baaa19,L1,Profile
916cbb50-7d22-4c0a-9169-8acfb8baaa19,L1,Profile
916cbb50-7d22-4c0a-9169-8acfb8baaa19,L1,Profile
916cbb50-7d22-4c0a-9169-8acfb8baaa19,L1,Profile
916cbb50-7d22-4c0a-9169-8acfb8baaa19,L1,Profile
916cbb50-7d22-4c0a-9169-8acfb8baaa19,L1,Profile
916cbb50-7d22-4c0a-9169-8acfb8baaa19,L1,Profile
916cbb50-7d22-4c0a-9169-8acfb8baaa19,L1,Profile
916cbb50-7d22-4c0a-9169-8acfb8baaa19,L1,Profile
916cbb50-7d22-4c0a-9169-8acfb8baaa19,L1,Profile
916cbb50-7d22-4c0a-9169-8acfb8baaa19,L1,Profile
916cbb50-7d22-4c0a-9169-8acfb8baaa19,L1,Profile
916cbb50-7d22-4c0a-9169-8acfb8baaa19,L1,Profile
916cbb50-7d22-4c0a-9169-8acfb8baaa19,L1,Profile
916cbb50-7d22-4c0a-9169-8acfb8baaa19,L1,Profile
916cbb50-7d22-4c0a-9169-8acfb8baaa19,L1,Profile
916cbb50-7d22-4c0a-9169-8acfb8baaa19,L1,Profile
916cbb50-7d22-4c0a-9169-8acfb8baaa19,L1,Profile
916cbb50-7d22-4c0a-9169-8acfb8baaa19,L1,Profile
916cbb50-7d22-4c0a-9169-8acfb8baaa19,L1,Profile
916cbb50-7d22-4c0a-9169-8acfb8baaa19,L1,Profile
916cbb50-7d22-4c0a-9169-8acfb8baaa19,L1,Profile
916cbb50-7d22-4c0a-9169-8acfb8baaa19,L1,Profile
916cbb50-7d22-4c0a-9169-8acfb8baaa19,L1,Profile
916cbb50-7d22-4c0a-9169-8acfb8baaa19,L1,Profile
916cbb50-7d22-4c0a-9169-8acfb8baaa19,L1,Profile
916cbb50-7d22-4c0a-9169-8acfb8baaa19,L1,Profile
916cbb50-7d22-4c0a-9169-8acfb8baaa19,L1,Profile
916cbb50-7d22-4c0a-9169-8acfb8baaa19,L1,Profile
916cbb50-7d22-4c0a-9169-8acfb8baaa19,L1,Profile
916cbb50-7d22-4c0a-9169-8acfb8baaa19,L1,Profile
916cbb50-7d22-4c0a-9169-8acfb8baaa19,L1,Profile
916cbb50-7d22-4c0a-9169-8acfb8baaa19,L1,Profile
916cbb50-7d22-4c0a-9169-8acfb8baaa19,L1,Profile
916cbb50-7d22-4c0a-9169-8acfb8baaa19,L1,Profile
916cbb50-7d22-4c0a-9169-8acfb8baaa19,L1,Profile
916cbb50-7d22-4c0a-9169-8acfb8baaa19,L1,Profile
916cbb50-7d22-4c0a-9169-8acfb8baaa19,L1,Profile
916cbb50-7d22-4c0a-9169-8acfb8baaa19,L1,Profile
916cbb50-7d22-4c0a-9169-8acfb8baaa19,L1,Profile
916cbb50-7d22-4c0a-9169-8acfb8baaa19,L1,Profile
916cbb50-7d22-4c0a-9169-8acfb8baaa19,L1,Profile
916cbb50-7d22-4c0a-9169-8acfb8baaa19,L1,Profile
916cbb50-7d22-4c0a-9169-8acfb8baaa19,L1,Profile
916cbb50-7d22-4c0a-9169-8acfb8baaa19,L1,Profile
916cbb50-7d22-4c0a-9169-8acfb8baaa19,L1,Profile
916cbb50-7d22-4c0a-9169-8acfb8baaa19,L1,Profile
916cbb50-7d22-4c0a-9169-8acfb8baaa19,L1,Profile
916cbb50-7d22-4c0a-9169-8acfb8baaa19,L1,Profile
916cbb50-7d22-4c0a-9169-8acfb8baaa19,L1,Profile
916cbb50-7d22-4c0a-9169-8acfb8baaa19,L1,Profile
916cbb50-7d22-4c0a-9169-8acfb8baaa19,L1,Profile
916cbb50-7d22-4c0a-9169-8acfb8baaa19,L1,Profile
916cbb50-7d22-4c0a-9169-8acfb8baaa19,L1,Profile
916cbb50-7d22-4c0a-9169-8acfb8baaa19,L1,Profile
916cbb50-7d22-4c0a-9169-8acfb8baaa19,L1,Profile
916cbb50-7d22-4c0a-9169-8acfb8baaa19,L1,Profile
916cbb50-7d22-4c0a-9169-8acfb8baaa19,L1,Profile
916cbb50-7d22-4c0a-9169-8acfb8baaa19,L1,Profile
916cbb50-7d22-4c0a-9169-8acfb8baaa19,L1,Profile
916cbb50-7d22-4c0a-9169-8acfb8baaa19,L1,Profile
916cbb50-7d22-4c0a-9169-8acfb8baaa19,L1,Profile
916cbb50-7d22-4c0a-9169-8acfb8baaa19,L1,Profile
916cbb50-7d22-4c0a-9169-8acfb8baaa19,L1,Profile
916cbb50-7d22-4c0a-9169-8acfb8baaa19,L1,Profile
916cbb50-7d22-4c0a-9169-8acfb8baaa19,L1,Profile
916cbb50-7d22-4c0a-9169-8acfb8baaa19,L1,Profile
916cbb50-7d22-4c0a-9169-8acfb8baaa19,L1,Profile
916cbb50-7d22-4c0a-9169-8acfb8baaa19,L1,Profile
916cbb50-7d22-4c0a-9169-8acfb8baaa19,L1,Profile
916cbb50-7d22-4c0a-9169-8acfb8baaa19,L1,Profile
916cbb50-7d22-4c0a-9169-8acfb8baaa19,L1,Profile
916cbb50-7d22-4c0a-9169-8acfb8baaa19,L1,Profile
916cbb50-7d22-4c0a-9169-8acfb8baaa19,L1,Profile
916cbb50-7d22-4c0a-9169-8acfb8baaa19,L1,Profile
916cbb50-7d22-4c0a-9169-8acfb8baaa19,L1,Profile
916cbb50-7d22-4c0a-9169-8acfb8baaa19,L1,Profile
916cbb50-7d22-4c0a-9169-8acfb8baaa19,L1,Profile
916cbb50-7d22-4c0a-9169-8acfb8baaa19,L1,Profile
916cbb50-7d22-4c0a-9169-8acfb8baaa19,L1,Profile
916cbb50-7d22-4c0a-9169-8acfb8baaa19,L1,Profile
916cbb50-7d22-4c0a-9169-8acfb8baaa19,L1,Profile
916cbb50-7d22-4c0a-9169-8acfb8baaa19,L1,Profile
916cbb50-7d22-4c0a-9169-8acfb8baaa19,L1,Profile
916cbb50-7d22-4c0a-9169-8acfb8baaa19,L1,Profile
916cbb50-7d22-4c0a-9169-8acfb8baaa19,L1,Profile
916cbb50-7d22-4c0a-9169-8acfb8baaa19,L1,Profile
916cbb50-7d22-4c0a-9169-8acfb8baaa19,L1,Profile
916cbb50-7d22-4c0a-9169-8acfb8baaa19,L1,Profile
916cbb50-7d22-4c0a-9169-8acfb8baaa19,L1,Profile
916cbb50-7d22-4c0a-9169-8acfb8baaa19,L1,Profile
916cbb50-7d22-4c0a-9169-8acfb8baaa19,L1,Profile
916cbb50-7d22-4c0a-9169-8acfb8baaa19,L1,Profile
916cbb50-7d22-4c0a-9169-8acfb8baaa19,L1,Profile
916cbb50-7d22-4c0a-9169-8acfb8baaa19,L1,Profile
916cbb50-7d22-4c0a-9169-8acfb8baaa19,L1,Profile
916cbb50-7d22-4c0a-9169-8acfb8baaa19,L1,Profile
916cbb50-7d22-4c0a-9169-8acfb8baaa19,L1,Profile
916cbb50-7d22-4c0a-9169-8acfb8baaa19,L1,Profile
916cbb50-7d22-4c0a-9169-8acfb8baaa19,L1,Profile
916cbb50-7d22-4c0a-9169-8acfb8baaa19,L1,Profile
916cbb50-7d22-4c0a-9169-8acfb8baaa19,L1,Profile
916cbb50-7d22-4c0a-9169-8acfb8baaa19,L1,Profile
916cbb50-7d22-4c0a-9169-8acfb8baaa19,L1,Profile
916cbb50-7d22-4c0a-9169-8acfb8baaa19,L1,Profile
916cbb50-7d22-4c0a-9169-8acfb8baaa19,L1,Profile
916cbb50-7d22-4c0a-9169-8acfb8baaa19,L1,Profile
916cbb50-7d22-4c0a-9169-8acfb8baaa19,L1,Profile
916cbb50-7d22-4c0a-9169-8acfb8baaa19,L1,Profile
916cbb50-7d22-4c0a-9169-8acfb8baaa19,L1,Profile
916cbb50-7d22-4c0a-9169-8acfb8baaa19,L1,Profile
916cbb50-7d22-4c0a-9169-8acfb8baaa19,L1,Profile
916cbb50-7d22-4c0a-9169-8acfb8baaa19,L1,Profile
916cbb50-7d22-4c0a-9169-8acfb8baaa19,L1,Profile
916cbb50-7d22-4c0a-9169-8acfb8baaa19,L1,Profile
916cbb50-7d22-4c0a-9169-8acfb8baaa19,L1,Profile
916cbb50-7d22-4c0a-9169-8acfb8baaa19,L1,Profile
916cbb50-7d22-4c0a-9169-8acfb8baaa19,L1,Profile
916cbb50-7d22-4c0a-9169-8acfb8baaa19,L1,Profile
916cbb50-7d22-4c0a-9169-8acfb8baaa19,L1,Profile
916cbb50-7d22-4c0a-9169-8acfb8baaa19,L1,Profile
916cbb50-7d22-4c0a-9169-8acfb8baaa19,L1,Profile
916cbb50-7d22-4c0a-9169-8acfb8baaa19,L1,Profile
916cbb50-7d22-4c0a-9169-8acfb8baaa19,L1,Profile
916cbb50-7d22-4c0a-9169-8acfb8baaa19,L1,Profile
916cbb50-7d22-4c0a-9169-8acfb8baaa19,L1,Profile
916cbb50-7d22-4c0a-9169-8acfb8baaa19,L1,Profile
916cbb50-7d22-4c0a-9169-8acfb8baaa19,L1,Profile
916cbb50-7d22-4c0a-9169-8acfb8baaa19,L1,Profile
916cbb50-7d22-4c0a-9169-8acfb8baaa19,L1,Profile
916cbb50-7d22-4c0a-9169-8acfb8baaa19,L1,Profile
916cbb50-7d22-4c0a-9169-8acfb8baaa19,L1,Profile
916cbb50-7d22-4c0a-9169-8acfb8baaa19,L1,Profile
916cbb50-7d22-4c0a-9169-8acfb8baaa19,L1,Profile
916cbb50-7d22-4c0a-9169-8acfb8baaa19,L1,Profile
916cbb50-7d22-4c0a-9169-8acfb8baaa19,L1,Profile
916cbb50-7d22-4c0a-9169-8acfb8baaa19,L1,Profile
916cbb50-7d22-4c0a-9169-8acfb8baaa19,L1,Profile
916cbb50-7d22-4c0a-9169-8acfb8baaa19,L1,Profile
916cbb50-7d22-4c0a-9169-8acfb8baaa19,L1,Profile
916cbb50-7d22-4c0a-9169-8acfb8baaa19,L1,Profile
916cbb50-7d22-4c0a-9169-8acfb8baaa19,L1,Profile
916cbb50-7d22-4c0a-9169-8acfb8baaa19,L1,Profile
916cbb50-7d22-4c0a-9169-8acfb8baaa19,L1,Profile
916cbb50-7d22-4c0a-9169-8acfb8baaa19,L1,Profile
916cbb50-7d22-4c0a-9169-8acfb8baaa19,L1,Profile
916cbb50-7d22-4c0a-9169-8acfb8baaa19,L1,Profile
916cbb50-7d22-4c0a-9169-8acfb8baaa19,L1,Profile
916cbb50-7d22-4c0a-9169-8acfb8baaa19,L1,Profile
916cbb50-7d22-4c0a-9169-8acfb8baaa19,L1,Profile
916cbb50-7d22-4c0a-9169-8acfb8baaa19,L1,Profile
916cbb50-7d22-4c0a-9169-8acfb8baaa19,L1,Profile
916cbb50-7d22-4c0a-9169-8acfb8baaa19,L1,Profile
916cbb50-7d22-4c0a-9169-8acfb8baaa19,L1,Profile
916cbb50-7d22-4c0a-9169-8acfb8baaa19,L1,Profile
916cbb50-7d22-4c0a-9169-8acfb8baaa19,L1,Profile
916cbb50-7d22-4c0a-9169-8acfb8baaa19,L1,Profile
916cbb50-7d22-4c0a-9169-8acfb8baaa19,L1,Profile
916cbb50-7d22-4c0a-9169-8acfb8baaa19,L1,Profile
916cbb50-7d22-4c0a-9169-8acfb8baaa19,L1,Profile
916cbb50-7d22-4c0a-9169-8acfb8baaa19,L1,Profile
916cbb50-7d22-4c0a-9169-8acfb8baaa19,L1,Profile
916cbb50-7d22-4c0a-9169-8acfb8baaa19,L1,Profile
916cbb50-7d22-4c0a-9169-8acfb8baaa19,L1,Profile
916cbb50-7d22-4c0a-9169-8acfb8baaa19,L1,Profile
916cbb50-7d22-4c0a-9169-8acfb8baaa19,L1,Profile
916cbb50-7d22-4c0a-9169-8acfb8baaa19,L1,Profile
916cbb50-7d22-4c0a-9169-8acfb8baaa19,L1,Profile
916cbb50-7d22-4c0a-9169-8acfb8baaa19,L1,Profile
916cbb50-7d22-4c0a-9169-8acfb8baaa19,L1,Profile
916cbb50-7d22-4c0a-9169-8acfb8baaa19,L1,Profile
916cbb50-7d22-4c0a-9169-8acfb8baaa19,L1,Profile
916cbb50-7d22-4c0a-9169-8acfb8baaa19,L1,Profile
916cbb50-7d22-4c0a-9169-8acfb8baaa19,L1,Profile
916cbb50-7d22-4c0a-9169-8acfb8baaa19,L1,Profile
916cbb50-7d22-4c0a-9169-8acfb8baaa19,L1,Profile
916cbb50-7d22-4c0a-9169-8acfb8baaa19,L1,Profile
916cbb50-7d22-4c0a-9169-8acfb8baaa19,L1,Profile
916cbb50-7d22-4c0a-9169-8acfb8baaa19,L1,Profile
916cbb50-7d22-4c0a-9169-8acfb8baaa19,L1,Profile
916cbb50-7d22-4c0a-9169-8acfb8baaa19,L1,Profile
916cbb50-7d22-4c0a-9169-8acfb8baaa19,L1,Profile
916cbb50-7d22-4c0a-9169-8acfb8baaa19,L1,Profile
916cbb50-7d22-4c0a-9169-8acfb8baaa19,L1,Profile
916cbb50-7d22-4c0a-9169-8acfb8baaa19,L1,Profile
916cbb50-7d22-4c0a-9169-8acfb8baaa19,L1,Profile
916cbb50-7d22-4c0a-9169-8acfb8baaa19,L1,Profile
916cbb50-7d22-4c0a-9169-8acfb8baaa19,L1,Profile
916cbb50-7d22-4c0a-9169-8acfb8baaa19,L1,Profile
916cbb50-7d22-4c0a-9169-8acfb8baaa19,L1,Profile
916cbb50-7d22-4c0a-9169-8acfb8baaa19,L1,Profile
916cbb50-7d22-4c0a-9169-8acfb8baaa19,L1,Profile
916cbb50-7d22-4c0a-9169-8acfb8baaa19,L1,Profile
916cbb50-7d22-4c0a-9169-8acfb8baaa19,L1,Profile
916cbb50-7d22-4c0a-9169-8acfb8baaa19,L1,Profile
916cbb50-7d22-4c0a-9169-8acfb8baaa19,L1,Profile
916cbb50-7d22-4c0a-9169-8acfb8baaa19,L1,Profile
916cbb50-7d22-4c0a-9169-8acfb8baaa19,L1,Profile
916cbb50-7d22-4c0a-9169-8acfb8baaa19,L1,Profile
916cbb50-7d22-4c0a-9169-8acfb8baaa19,L1,Profile
916cbb50-7d22-4c0a-9169-8acfb8baaa19,L1,Profile
916cbb50-7d22-4c0a-9169-8acfb8baaa19,L1,Profile
916cbb50-7d22-4c0a-9169-8acfb8baaa19,L1,Profile
916cbb50-7d22-4c0a-9169-8acfb8baaa19,L1,Profile
916cbb50-7d22-4c0a-9169-8acfb8baaa19,L1,Profile
916cbb50-7d22-4c0a-9169-8acfb8baaa19,L1,Profile
916cbb50-7d22-4c0a-9169-8acfb8baaa19,L1,Profile
916cbb50-7d22-4c0a-9169-8acfb8baaa19,L1,Profile
916cbb50-7d22-4c0a-9169-8acfb8baaa19,L1,Profile
916cbb50-7d22-4c0a-9169-8acfb8baaa19,L1,Profile
916cbb50-7d22-4c0a-9169-8acfb8baaa19,L1,Profile
916cbb50-7d22-4c0a-9169-8acfb8baaa19,L1,Profile
916cbb50-7d22-4c0a-9169-8acfb8baaa19,L1,Profile
916cbb50-7d22-4c0a-9169-8acfb8baaa19,L1,Profile
916cbb50-7d22-4c0a-9169-8acfb8baaa19,L1,Profile
916cbb50-7d22-4c0a-9169-8acfb8baaa19,L1,Profile
916cbb50-7d22-4c0a-9169-8acfb8baaa19,L1,Profile
916cbb50-7d22-4c0a-9169-8acfb8baaa19,L1,Profile
916cbb50-7d22-4c0a-9169-8acfb8baaa19,L1,Profile
916cbb50-7d22-4c0a-9169-8acfb8baaa19,L1,Profile
916cbb50-7d22-4c0a-9169-8acfb8baaa19,L1,Profile
916cbb50-7d22-4c0a-9169-8acfb8baaa19,L1,Profile
916cbb50-7d22-4c0a-9169-8acfb8baaa19,L1,Profile
916cbb50-7d22-4c0a-9169-8acfb8baaa19,L1,Profile
916cbb50-7d22-4c0a-9169-8acfb8baaa19,L1,Profile
916cbb50-7d22-4c0a-9169-8acfb8baaa19,L1,Profile
916cbb50-7d22-4c0a-9169-8acfb8baaa19,L1,Profile
916cbb50-7d22-4c0a-9169-8acfb8baaa19,L1,Profile
916cbb50-7d22-4c0a-9169-8acfb8baaa19,L1,Profile
916cbb50-7d22-4c0a-9169-8acfb8baaa19,L1,Profile
916cbb50-7d22-4c0a-9169-8acfb8baaa19,L1,Profile
916cbb50-7d22-4c0a-9169-8acfb8baaa19,L1,Profile
916cbb50-7d22-4c0a-9169-8acfb8baaa19,L1,Profile
916cbb50-7d22-4c0a-9169-8acfb8baaa19,L1,Profile
916cbb50-7d22-4c0a-9169-8acfb8baaa19,L1,Profile
916cbb50-7d22-4c0a-9169-8acfb8baaa19,L1,Profile
916cbb50-7d22-4c0a-9169-8acfb8baaa19,L1,Profile
916cbb50-7d22-4c0a-9169-8acfb8baaa19,L1,Profile
916cbb50-7d22-4c0a-9169-8acfb8baaa19,L1,Profile
916cbb50-7d22-4c0a-9169-8acfb8baaa19,L1,Profile
916cbb50-7d22-4c0a-9169-8acfb8baaa19,L1,Profile
916cbb50-7d22-4c0a-9169-8acfb8baaa19,L1,Profile
916cbb50-7d22-4c0a-9169-8acfb8baaa19,L1,Profile
916cbb50-7d22-4c0a-9169-8acfb8baaa19,L1,Profile
916cbb50-7d22-4c0a-9169-8acfb8baaa19,L1,Profile
916cbb50-7d22-4c0a-9169-8acfb8baaa19,L1,Profile
916cbb50-7d22-4c0a-9169-8acfb8baaa19,L1,Profile
916cbb50-7d22-4c0a-9169-8acfb8baaa19,L1,Profile
916cbb50-7d22-4c0a-9169-8acfb8baaa19,L1,Profile
916cbb50-7d22-4c0a-9169-8acfb8baaa19,L1,Profile
916cbb50-7d22-4c0a-9169-8acfb8baaa19,L1,Profile
916cbb50-7d22-4c0a-9169-8acfb8baaa19,L1,Profile
916cbb50-7d22-4c0a-9169-8acfb8baaa19,L1,Profile
916cbb50-7d22-4c0a-9169-8acfb8baaa19,L1,Profile
916cbb50-7d22-4c0a-9169-8acfb8baaa19,L1,Profile
916cbb50-7d22-4c0a-9169-8acfb8baaa19,L1,Profile
916cbb50-7d22-4c0a-9169-8acfb8baaa19,L1,Profile
916cbb50-7d22-4c0a-9169-8acfb8baaa19,L1,Profile
916cbb50-7d22-4c0a-9169-8acfb8baaa19,L1,Profile
916cbb50-7d22-4c0a-9169-8acfb8baaa19,L1,Profile
916cbb50-7d22-4c0a-9169-8acfb8baaa19,L1,Profile
916cbb50-7d22-4c0a-9169-8acfb8baaa19,L1,Profile
916cbb50-7d22-4c0a-9169-8acfb8baaa19,L1,Profile
916cbb50-7d22-4c0a-9169-8acfb8baaa19,L1,Profile
916cbb50-7d22-4c0a-9169-8acfb8baaa19,L1,Profile
916cbb50-7d22-4c0a-9169-8acfb8baaa19,L1,Profile
916cbb50-7d22-4c0a-9169-8acfb8baaa19,L1,Profile
916cbb50-7d22-4c0a-9169-8acfb8baaa19,L1,Profile
916cbb50-7d22-4c0a-9169-8acfb8baaa19,L1,Profile
916cbb50-7d22-4c0a-9169-8acfb8baaa19,L1,Profile
916cbb50-7d22-4c0a-9169-8acfb8baaa19,L1,Profile
916cbb50-7d22-4c0a-9169-8acfb8baaa19,L1,Profile
916cbb50-7d22-4c0a-9169-8acfb8baaa19,L1,Profile
916cbb50-7d22-4c0a-9169-8acfb8baaa19,L1,Profile
916cbb50-7d22-4c0a-9169-8acfb8baaa19,L1,Profile
916cbb50-7d22-4c0a-9169-8acfb8baaa19,L1,Profile
916cbb50-7d22-4c0a-9169-8acfb8baaa19,L1,Profile
916cbb50-7d22-4c0a-9169-8acfb8baaa19,L1,Profile
916cbb50-7d22-4c0a-9169-8acfb8baaa19,L1,Profile
916cbb50-7d22-4c0a-9169-8acfb8baaa19,L1,Profile
916cbb50-7d22-4c0a-9169-8acfb8baaa19,L1,Profile
916cbb50-7d22-4c0a-9169-8acfb8baaa19,L1,Profile
916cbb50-7d22-4c0a-9169-8acfb8baaa19,L1,Profile
916cbb50-7d22-4c0a-9169-8acfb8baaa19,L1,Profile
916cbb50-7d22-4c0a-9169-8acfb8baaa19,L1,Profile
916cbb50-7d22-4c0a-9169-8acfb8baaa19,L1,Profile
916cbb50-7d22-4c0a-9169-8acfb8baaa19,L1,Profile
916cbb50-7d22-4c0a-9169-8acfb8baaa19,L1,Profile
916cbb50-7d22-4c0a-9169-8acfb8baaa19,L1,Profile
916cbb50-7d22-4c0a-9169-8acfb8baaa19,L1,Profile
916cbb50-7d22-4c0a-9169-8acfb8baaa19,L1,Profile
916cbb50-7d22-4c0a-9169-8acfb8baaa19,L1,Profile
916cbb50-7d22-4c0a-9169-8acfb8baaa19,L1,Profile
916cbb50-7d22-4c0a-9169-8acfb8baaa19,L1,Profile
916cbb50-7d22-4c0a-9169-8acfb8baaa19,L1,Profile
916cbb50-7d22-4c0a-9169-8acfb8baaa19,L1,Profile
916cbb50-7d22-4c0a-9169-8acfb8baaa19,L1,Profile
916cbb50-7d22-4c0a-9169-8acfb8baaa19,L1,Profile
916cbb50-7d22-4c0a-9169-8acfb8baaa19,L1,Profile
916cbb50-7d22-4c0a-9169-8acfb8baaa19,L1,Profile
916cbb50-7d22-4c0a-9169-8acfb8baaa19,L1,Profile
916cbb50-7d22-4c0a-9169-8acfb8baaa19,L1,Profile
916cbb50-7d22-4c0a-9169-8acfb8baaa19,L1,Profile
916cbb50-7d22-4c0a-9169-8acfb8baaa19,L1,Profile
916cbb50-7d22-4c0a-9169-8acfb8baaa19,L1,Profile
916cbb50-7d22-4c0a-9169-8acfb8baaa19,L1,Profile
916cbb50-7d22-4c0a-9169-8acfb8baaa19,L1,Profile
916cbb50-7d22-4c0a-9169-8acfb8baaa19,L1,Profile
916cbb50-7d22-4c0a-9169-8acfb8baaa19,L1,Profile
916cbb50-7d22-4c0a-9169-8acfb8baaa19,L1,Profile
916cbb50-7d22-4c0a-9169-8acfb8baaa19,L1,Profile
916cbb50-7d22-4c0a-9169-8acfb8baaa19,L1,Profile
916cbb50-7d22-4c0a-9169-8acfb8baaa19,L1,Profile
916cbb50-7d22-4c0a-9169-8acfb8baaa19,L1,Profile
916cbb50-7d22-4c0a-9169-8acfb8baaa19,L1,Profile
916cbb50-7d22-4c0a-9169-8acfb8baaa19,L1,Profile
916cbb50-7d22-4c0a-9169-8acfb8baaa19,L1,Profile
916cbb50-7d22-4c0a-9169-8acfb8baaa19,L1,Profile
916cbb50-7d22-4c0a-9169-8acfb8baaa19,L1,Profile
916cbb50-7d22-4c0a-9169-8acfb8baaa19,L1,Profile
916cbb50-7d22-4c0a-9169-8acfb8baaa19,L1,Profile
916cbb50-7d22-4c0a-9169-8acfb8baaa19,L1,Profile
916cbb50-7d22-4c0a-9169-8acfb8baaa19,L1,Profile
916cbb50-7d22-4c0a-9169-8acfb8baaa19,L1,Profile
916cbb50-7d22-4c0a-9169-8acfb8baaa19,L1,Profile
916cbb50-7d22-4c0a-9169-8acfb8baaa19,L1,Profile
916cbb50-7d22-4c0a-9169-8acfb8baaa19,L1,Profile
916cbb50-7d22-4c0a-9169-8acfb8baaa19,L1,Profile
916cbb50-7d22-4c0a-9169-8acfb8baaa19,L1,Profile
916cbb50-7d22-4c0a-9169-8acfb8baaa19,L1,Profile
916cbb50-7d22-4c0a-9169-8acfb8baaa19,L1,Profile
916cbb50-7d22-4c0a-9169-8acfb8baaa19,L1,Profile
916cbb50-7d22-4c0a-9169-8acfb8baaa19,L1,Profile
916cbb50-7d22-4c0a-9169-8acfb8baaa19,L1,Profile
916cbb50-7d22-4c0a-9169-8acfb8baaa19,L1,Profile
916cbb50-7d22-4c0a-9169-8acfb8baaa19,L1,Profile
916cbb50-7d22-4c0a-9169-8acfb8baaa19,L1,Profile
916cbb50-7d22-4c0a-9169-8acfb8baaa19,L1,Profile
916cbb50-7d22-4c0a-9169-8acfb8baaa19,L1,Profile
916cbb50-7d22-4c0a-9169-8acfb8baaa19,L1,Profile
916cbb50-7d22-4c0a-9169-8acfb8baaa19,L1,Profile
916cbb50-7d22-4c0a-9169-8acfb8baaa19,L1,Profile
916cbb50-7d22-4c0a-9169-8acfb8baaa19,L1,Profile
916cbb50-7d22-4c0a-9169-8acfb8baaa19,L1,Profile
916cbb50-7d22-4c0a-9169-8acfb8baaa19,L1,Profile
916cbb50-7d22-4c0a-9169-8acfb8baaa19,L1,Profile
916cbb50-7d22-4c0a-9169-8acfb8baaa19,L1,Profile
916cbb50-7d22-4c0a-9169-8acfb8baaa19,L1,Profile
916cbb50-7d22-4c0a-9169-8acfb8baaa19,L1,Profile
916cbb50-7d22-4c0a-9169-8acfb8baaa19,L1,Profile
916cbb50-7d22-4c0a-9169-8acfb8baaa19,L1,Profile
916cbb50-7d22-4c0a-9169-8acfb8baaa19,L1,Profile
916cbb50-7d22-4c0a-9169-8acfb8baaa19,L1,Profile
916cbb50-7d22-4c0a-9169-8acfb8baaa19,L1,Profile
916cbb50-7d22-4c0a-9169-8acfb8baaa19,L1,Profile
916cbb50-7d22-4c0a-9169-8acfb8baaa19,L1,Profile
916cbb50-7d22-4c0a-9169-8acfb8baaa19,L1,Profile
916cbb50-7d22-4c0a-9169-8acfb8baaa19,L1,Profile
916cbb50-7d22-4c0a-9169-8acfb8baaa19,L1,Profile
916cbb50-7d22-4c0a-9169-8acfb8baaa19,L1,Profile
916cbb50-7d22-4c0a-9169-8acfb8baaa19,L1,Profile
916cbb50-7d22-4c0a-9169-8acfb8baaa19,L1,Profile
916cbb50-7d22-4c0a-9169-8acfb8baaa19,L1,Profile
916cbb50-7d22-4c0a-9169-8acfb8baaa19,L1,Profile
916cbb50-7d22-4c0a-9169-8acfb8baaa19,L1,Profile
916cbb50-7d22-4c0a-9169-8acfb8baaa19,L1,Profile
916cbb50-7d22-4c0a-9169-8acfb8baaa19,L1,Profile
916cbb50-7d22-4c0a-9169-8acfb8baaa19,L1,Profile
916cbb50-7d22-4c0a-9169-8acfb8baaa19,L1,Profile
916cbb50-7d22-4c0a-9169-8acfb8baaa19,L1,Profile
916cbb50-7d22-4c0a-9169-8acfb8baaa19,L1,Profile
916cbb50-7d22-4c0a-9169-8acfb8baaa19,L1,Profile
916cbb50-7d22-4c0a-9169-8acfb8baaa19,L1,Profile
916cbb50-7d22-4c0a-9169-8acfb8baaa19,L1,Profile
916cbb50-7d22-4c0a-9169-8acfb8baaa19,L1,Profile
916cbb50-7d22-4c0a-9169-8acfb8baaa19,L1,Profile
916cbb50-7d22-4c0a-9169-8acfb8baaa19,L1,Profile
916cbb50-7d22-4c0a-9169-8acfb8baaa19,L1,Profile
916cbb50-7d22-4c0a-9169-8acfb8baaa19,L1,Profile
916cbb50-7d22-4c0a-9169-8acfb8baaa19,L1,Profile
916cbb50-7d22-4c0a-9169-8acfb8baaa19,L1,Profile
916cbb50-7d22-4c0a-9169-8acfb8baaa19,L1,Profile
916cbb50-7d22-4c0a-9169-8acfb8baaa19,L1,Profile
916cbb50-7d22-4c0a-9169-8acfb8baaa19,L1,Profile
916cbb50-7d22-4c0a-9169-8acfb8baaa19,L1,Profile
916cbb50-7d22-4c0a-9169-8acfb8baaa19,L1,Profile
916cbb50-7d22-4c0a-9169-8acfb8baaa19,L1,Profile
916cbb50-7d22-4c0a-9169-8acfb8baaa19,L1,Profile
916cbb50-7d22-4c0a-9169-8acfb8baaa19,L1,Profile
916cbb50-7d22-4c0a-9169-8acfb8baaa19,L1,Profile
916cbb50-7d22-4c0a-9169-8acfb8baaa19,L1,Profile
916cbb50-7d22-4c0a-9169-8acfb8baaa19,L1,Profile
916cbb50-7d22-4c0a-9169-8acfb8baaa19,L1,Profile
916cbb50-7d22-4c0a-9169-8acfb8baaa19,L1,Profile
916cbb50-7d22-4c0a-9169-8acfb8baaa19,L1,Profile
916cbb50-7d22-4c0a-9169-8acfb8baaa19,L1,Profile
916cbb50-7d22-4c0a-9169-8acfb8baaa19,L1,Profile
916cbb50-7d22-4c0a-9169-8acfb8baaa19,L1,Profile
916cbb50-7d22-4c0a-9169-8acfb8baaa19,L1,Profile
916cbb50-7d22-4c0a-9169-8acfb8baaa19,L1,Profile
916cbb50-7d22-4c0a-9169-8acfb8baaa19,L1,Profile
916cbb50-7d22-4c0a-9169-8acfb8baaa19,L1,Profile
916cbb50-7d22-4c0a-9169-8acfb8baaa19,L1,Profile
916cbb50-7d22-4c0a-9169-8acfb8baaa19,L1,Profile
916cbb50-7d22-4c0a-9169-8acfb8baaa19,L1,Profile
916cbb50-7d22-4c0a-9169-8acfb8baaa19,L1,Profile
916cbb50-7d22-4c0a-9169-8acfb8baaa19,L1,Profile
916cbb50-7d22-4c0a-9169-8acfb8baaa19,L1,Profile
916cbb50-7d22-4c0a-9169-8acfb8baaa19,L1,Profile
916cbb50-7d22-4c0a-9169-8acfb8baaa19,L1,Profile
916cbb50-7d22-4c0a-9169-8acfb8baaa19,L1,Profile
916cbb50-7d22-4c0a-9169-8acfb8baaa19,L1,Profile
916cbb50-7d22-4c0a-9169-8acfb8baaa19,L1,Profile
916cbb50-7d22-4c0a-9169-8acfb8baaa19,L1,Profile
916cbb50-7d22-4c0a-9169-8acfb8baaa19,L1,Profile
916cbb50-7d22-4c0a-9169-8acfb8baaa19,L1,Profile
916cbb50-7d22-4c0a-9169-8acfb8baaa19,L1,Profile
916cbb50-7d22-4c0a-9169-8acfb8baaa19,L1,Profile
916cbb50-7d22-4c0a-9169-8acfb8baaa19,L1,Profile
916cbb50-7d22-4c0a-9169-8acfb8baaa19,L1,Profile
916cbb50-7d22-4c0a-9169-8acfb8baaa19,L1,Profile
916cbb50-7d22-4c0a-9169-8acfb8baaa19,L1,Profile
916cbb50-7d22-4c0a-9169-8acfb8baaa19,L1,Profile
916cbb50-7d22-4c0a-9169-8acfb8baaa19,L1,Profile
916cbb50-7d22-4c0a-9169-8acfb8baaa19,L1,Profile
916cbb50-7d22-4c0a-9169-8acfb8baaa19,L1,Profile
916cbb50-7d22-4c0a-9169-8acfb8baaa19,L1,Profile
916cbb50-7d22-4c0a-9169-8acfb8baaa19,L1,Profile
916cbb50-7d22-4c0a-9169-8acfb8baaa19,L1,Profile
916cbb50-7d22-4c0a-9169-8acfb8baaa19,L1,Profile
916cbb50-7d22-4c0a-9169-8acfb8baaa19,L1,Profile
916cbb50-7d22-4c0a-9169-8acfb8baaa19,L1,Profile
916cbb50-7d22-4c0a-9169-8acfb8baaa19,L1,Profile
916cbb50-7d22-4c0a-9169-8acfb8baaa19,L1,Profile
916cbb50-7d22-4c0a-9169-8acfb8baaa19,L1,Profile
916cbb50-7d22-4c0a-9169-8acfb8baaa19,L1,Profile
916cbb50-7d22-4c0a-9169-8acfb8baaa19,L1,Profile
916cbb50-7d22-4c0a-9169-8acfb8baaa19,L1,Profile
916cbb50-7d22-4c0a-9169-8acfb8baaa19,L1,Profile
916cbb50-7d22-4c0a-9169-8acfb8baaa19,L1,Profile
916cbb50-7d22-4c0a-9169-8acfb8baaa19,L1,Profile
916cbb50-7d22-4c0a-9169-8acfb8baaa19,L1,Profile
916cbb50-7d22-4c0a-9169-8acfb8baaa19,L1,Profile
916cbb50-7d22-4c0a-9169-8acfb8baaa19,L1,Profile
916cbb50-7d22-4c0a-9169-8acfb8baaa19,L1,Profile
916cbb50-7d22-4c0a-9169-8acfb8baaa19,L1,Profile
916cbb50-7d22-4c0a-9169-8acfb8baaa19,L1,Profile
916cbb50-7d22-4c0a-9169-8acfb8baaa19,L1,Profile
916cbb50-7d22-4c0a-9169-8acfb8baaa19,L1,Profile
916cbb50-7d22-4c0a-9169-8acfb8baaa19,L1,Profile
916cbb50-7d22-4c0a-9169-8acfb8baaa19,L1,Profile
916cbb50-7d22-4c0a-9169-8acfb8baaa19,L1,Profile
916cbb50-7d22-4c0a-9169-8acfb8baaa19,L1,Profile
916cbb50-7d22-4c0a-9169-8acfb8baaa19,L1,Profile
916cbb50-7d22-4c0a-9169-8acfb8baaa19,L1,Profile
916cbb50-7d22-4c0a-9169-8acfb8baaa19,L1,Profile
916cbb50-7d22-4c0a-9169-8acfb8baaa19,L1,Profile
916cbb50-7d22-4c0a-9169-8acfb8baaa19,L1,Profile
916cbb50-7d22-4c0a-9169-8acfb8baaa19,L1,Profile
916cbb50-7d22-4c0a-9169-8acfb8baaa19,L1,Profile
916cbb50-7d22-4c0a-9169-8acfb8baaa19,L1,Profile
916cbb50-7d22-4c0a-9169-8acfb8baaa19,L1,Profile
916cbb50-7d22-4c0a-9169-8acfb8baaa19,L1,Profile
916cbb50-7d22-4c0a-9169-8acfb8baaa19,L1,Profile
916cbb50-7d22-4c0a-9169-8acfb8baaa19,L1,Profile
916cbb50-7d22-4c0a-9169-8acfb8baaa19,L1,Profile
916cbb50-7d22-4c0a-9169-8acfb8baaa19,L1,Profile
916cbb50-7d22-4c0a-9169-8acfb8baaa19,L1,Profile
916cbb50-7d22-4c0a-9169-8acfb8baaa19,L1,Profile
916cbb50-7d22-4c0a-9169-8acfb8baaa19,L1,Profile
916cbb50-7d22-4c0a-9169-8acfb8baaa19,L1,Profile
916cbb50-7d22-4c0a-9169-8acfb8baaa19,L1,Profile
916cbb50-7d22-4c0a-9169-8acfb8baaa19,L1,Profile
916cbb50-7d22-4c0a-9169-8acfb8baaa19,L1,Profile
916cbb50-7d22-4c0a-9169-8acfb8baaa19,L1,Profile
916cbb50-7d22-4c0a-9169-8acfb8baaa19,L1,Profile
916cbb50-7d22-4c0a-9169-8acfb8baaa19,L1,Profile
916cbb50-7d22-4c0a-9169-8acfb8baaa19,L1,Profile
916cbb50-7d22-4c0a-9169-8acfb8baaa19,L1,Profile
916cbb50-7d22-4c0a-9169-8acfb8baaa19,L1,Profile
916cbb50-7d22-4c0a-9169-8acfb8baaa19,L1,Profile
916cbb50-7d22-4c0a-9169-8acfb8baaa19,L1,Profile
916cbb50-7d22-4c0a-9169-8acfb8baaa19,L1,Profile
916cbb50-7d22-4c0a-9169-8acfb8baaa19,L1,Profile
916cbb50-7d22-4c0a-9169-8acfb8baaa19,L1,Profile
916cbb50-7d22-4c0a-9169-8acfb8baaa19,L1,Profile
916cbb50-7d22-4c0a-9169-8acfb8baaa19,L1,Profile
916cbb50-7d22-4c0a-9169-8acfb8baaa19,L1,Profile
916cbb50-7d22-4c0a-9169-8acfb8baaa19,L1,Profile
916cbb50-7d22-4c0a-9169-8acfb8baaa19,L1,Profile
916cbb50-7d22-4c0a-9169-8acfb8baaa19,L1,Profile
916cbb50-7d22-4c0a-9169-8acfb8baaa19,L1,Profile
916cbb50-7d22-4c0a-9169-8acfb8baaa19,L1,Profile
916cbb50-7d22-4c0a-9169-8acfb8baaa19,L1,Profile
916cbb50-7d22-4c0a-9169-8acfb8baaa19,L1,Profile
916cbb50-7d22-4c0a-9169-8acfb8baaa19,L1,Profile
916cbb50-7d22-4c0a-9169-8acfb8baaa19,L1,Profile
916cbb50-7d22-4c0a-9169-8acfb8baaa19,L1,Profile
916cbb50-7d22-4c0a-9169-8acfb8baaa19,L1,Profile
916cbb50-7d22-4c0a-9169-8acfb8baaa19,L1,Profile
916cbb50-7d22-4c0a-9169-8acfb8baaa19,L1,Profile
916cbb50-7d22-4c0a-9169-8acfb8baaa19,L1,Profile
916cbb50-7d22-4c0a-9169-8acfb8baaa19,L1,Profile
916cbb50-7d22-4c0a-9169-8acfb8baaa19,L1,Profile
916cbb50-7d22-4c0a-9169-8acfb8baaa19,L1,Profile
916cbb50-7d22-4c0a-9169-8acfb8baaa19,L1,Profile
916cbb50-7d22-4c0a-9169-8acfb8baaa19,L1,Profile
916cbb50-7d22-4c0a-9169-8acfb8baaa19,L1,Profile
916cbb50-7d22-4c0a-9169-8acfb8baaa19,L1,Profile
916cbb50-7d22-4c0a-9169-8acfb8baaa19,L1,Profile
916cbb50-7d22-4c0a-9169-8acfb8baaa19,L1,Profile
916cbb50-7d22-4c0a-9169-8acfb8baaa19,L1,Profile
916cbb50-7d22-4c0a-9169-8acfb8baaa19,L1,Profile
916cbb50-7d22-4c0a-9169-8acfb8baaa19,L1,Profile
916cbb50-7d22-4c0a-9169-8acfb8baaa19,L1,Profile
916cbb50-7d22-4c0a-9169-8acfb8baaa19,L1,Profile
916cbb50-7d22-4c0a-9169-8acfb8baaa19,L1,Profile
916cbb50-7d22-4c0a-9169-8acfb8baaa19,L1,Profile
916cbb50-7d22-4c0a-9169-8acfb8baaa19,L1,Profile
916cbb50-7d22-4c0a-9169-8acfb8baaa19,L1,Profile
916cbb50-7d22-4c0a-9169-8acfb8baaa19,L1,Profile
916cbb50-7d22-4c0a-9169-8acfb8baaa19,L1,Profile
916cbb50-7d22-4c0a-9169-8acfb8baaa19,L1,Profile
916cbb50-7d22-4c0a-9169-8acfb8baaa19,L1,Profile
916cbb50-7d22-4c0a-9169-8acfb8baaa19,L1,Profile
916cbb50-7d22-4c0a-9169-8acfb8baaa19,L1,Profile
916cbb50-7d22-4c0a-9169-8acfb8baaa19,L1,Profile
916cbb50-7d22-4c0a-9169-8acfb8baaa19,L1,Profile
916cbb50-7d22-4c0a-9169-8acfb8baaa19,L1,Profile
916cbb50-7d22-4c0a-9169-8acfb8baaa19,L1,Profile
916cbb50-7d22-4c0a-9169-8acfb8baaa19,L1,Profile
916cbb50-7d22-4c0a-9169-8acfb8baaa19,L1,Profile
916cbb50-7d22-4c0a-9169-8acfb8baaa19,L1,Profile
916cbb50-7d22-4c0a-9169-8acfb8baaa19,L1,Profile
916cbb50-7d22-4c0a-9169-8acfb8baaa19,L1,Profile
916cbb50-7d22-4c0a-9169-8acfb8baaa19,L1,Profile
916cbb50-7d22-4c0a-9169-8acfb8baaa19,L1,Profile
916cbb50-7d22-4c0a-9169-8acfb8baaa19,L1,Profile
916cbb50-7d22-4c0a-9169-8acfb8baaa19,L1,Profile
916cbb50-7d22-4c0a-9169-8acfb8baaa19,L1,Profile
916cbb50-7d22-4c0a-9169-8acfb8baaa19,L1,Profile
916cbb50-7d22-4c0a-9169-8acfb8baaa19,L1,Profile
916cbb50-7d22-4c0a-9169-8acfb8baaa19,L1,Profile
916cbb50-7d22-4c0a-9169-8acfb8baaa19,L1,Profile
916cbb50-7d22-4c0a-9169-8acfb8baaa19,L1,Profile
916cbb50-7d22-4c0a-9169-8acfb8baaa19,L1,Profile
916cbb50-7d22-4c0a-9169-8acfb8baaa19,L1,Profile
916cbb50-7d22-4c0a-9169-8acfb8baaa19,L1,Profile
916cbb50-7d22-4c0a-9169-8acfb8baaa19,L1,Profile
916cbb50-7d22-4c0a-9169-8acfb8baaa19,L1,Profile
916cbb50-7d22-4c0a-9169-8acfb8baaa19,L1,Profile
916cbb50-7d22-4c0a-9169-8acfb8baaa19,L1,Profile
916cbb50-7d22-4c0a-9169-8acfb8baaa19,L1,Profile
916cbb50-7d22-4c0a-9169-8acfb8baaa19,L1,Profile
916cbb50-7d22-4c0a-9169-8acfb8baaa19,L1,Profile
916cbb50-7d22-4c0a-9169-8acfb8baaa19,L1,Profile
916cbb50-7d22-4c0a-9169-8acfb8baaa19,L1,Profile
916cbb50-7d22-4c0a-9169-8acfb8baaa19,L1,Profile
916cbb50-7d22-4c0a-9169-8acfb8baaa19,L1,Profile
916cbb50-7d22-4c0a-9169-8acfb8baaa19,L1,Profile
916cbb50-7d22-4c0a-9169-8acfb8baaa19,L1,Profile
916cbb50-7d22-4c0a-9169-8acfb8baaa19,L1,Profile
916cbb50-7d22-4c0a-9169-8acfb8baaa19,L1,Profile
916cbb50-7d22-4c0a-9169-8acfb8baaa19,L1,Profile
916cbb50-7d22-4c0a-9169-8acfb8baaa19,L1,Profile
916cbb50-7d22-4c0a-9169-8acfb8baaa19,L1,Profile
916cbb50-7d22-4c0a-9169-8acfb8baaa19,L1,Profile
916cbb50-7d22-4c0a-9169-8acfb8baaa19,L1,Profile
916cbb50-7d22-4c0a-9169-8acfb8baaa19,L1,Profile
916cbb50-7d22-4c0a-9169-8acfb8baaa19,L1,Profile
916cbb50-7d22-4c0a-9169-8acfb8baaa19,L1,Profile
916cbb50-7d22-4c0a-9169-8acfb8baaa19,L1,Profile
916cbb50-7d22-4c0a-9169-8acfb8baaa19,L1,Profile
916cbb50-7d22-4c0a-9169-8acfb8baaa19,L1,Profile
916cbb50-7d22-4c0a-9169-8acfb8baaa19,L1,Profile
916cbb50-7d22-4c0a-9169-8acfb8baaa19,L1,Profile
916cbb50-7d22-4c0a-9169-8acfb8baaa19,L1,Profile
916cbb50-7d22-4c0a-9169-8acfb8baaa19,L1,Profile
916cbb50-7d22-4c0a-9169-8acfb8baaa19,L1,Profile
916cbb50-7d22-4c0a-9169-8acfb8baaa19,L1,Profile
916cbb50-7d22-4c0a-9169-8acfb8baaa19,L1,Profile
916cbb50-7d22-4c0a-9169-8acfb8baaa19,L1,Profile
916cbb50-7d22-4c0a-9169-8acfb8baaa19,L1,Profile
916cbb50-7d22-4c0a-9169-8acfb8baaa19,L1,Profile
916cbb50-7d22-4c0a-9169-8acfb8baaa19,L1,Profile
916cbb50-7d22-4c0a-9169-8acfb8baaa19,L1,Profile
916cbb50-7d22-4c0a-9169-8acfb8baaa19,L1,Profile
916cbb50-7d22-4c0a-9169-8acfb8baaa19,L1,Profile
916cbb50-7d22-4c0a-9169-8acfb8baaa19,L1,Profile
916cbb50-7d22-4c0a-9169-8acfb8baaa19,L1,Profile
916cbb50-7d22-4c0a-9169-8acfb8baaa19,L1,Profile
916cbb50-7d22-4c0a-9169-8acfb8baaa19,L1,Profile
916cbb50-7d22-4c0a-9169-8acfb8baaa19,L1,Profile
916cbb50-7d22-4c0a-9169-8acfb8baaa19,L1,Profile
916cbb50-7d22-4c0a-9169-8acfb8baaa19,L1,Profile
916cbb50-7d22-4c0a-9169-8acfb8baaa19,L1,Profile
916cbb50-7d22-4c0a-9169-8acfb8baaa19,L1,Profile
916cbb50-7d22-4c0a-9169-8acfb8baaa19,L1,Profile
916cbb50-7d22-4c0a-9169-8acfb8baaa19,L1,Profile
916cbb50-7d22-4c0a-9169-8acfb8baaa19,L1,Profile
916cbb50-7d22-4c0a-9169-8acfb8baaa19,L1,Profile
916cbb50-7d22-4c0a-9169-8acfb8baaa19,L1,Profile
916cbb50-7d22-4c0a-9169-8acfb8baaa19,L1,Profile
916cbb50-7d22-4c0a-9169-8acfb8baaa19,L1,Profile
916cbb50-7d22-4c0a-9169-8acfb8baaa19,L1,Profile
916cbb50-7d22-4c0a-9169-8acfb8baaa19,L1,Profile
916cbb50-7d22-4c0a-9169-8acfb8baaa19,L1,Profile
916cbb50-7d22-4c0a-9169-8acfb8baaa19,L1,Profile
916cbb50-7d22-4c0a-9169-8acfb8baaa19,L1,Profile
916cbb50-7d22-4c0a-9169-8acfb8baaa19,L1,Profile
916cbb50-7d22-4c0a-9169-8acfb8baaa19,L1,Profile
916cbb50-7d22-4c0a-9169-8acfb8baaa19,L1,Profile
916cbb50-7d22-4c0a-9169-8acfb8baaa19,L1,Profile
916cbb50-7d22-4c0a-9169-8acfb8baaa19,L1,Profile
916cbb50-7d22-4c0a-9169-8acfb8baaa19,L1,Profile
916cbb50-7d22-4c0a-9169-8acfb8baaa19,L1,Profile
916cbb50-7d22-4c0a-9169-8acfb8baaa19,L1,Profile
916cbb50-7d22-4c0a-9169-8acfb8baaa19,L1,Profile
916cbb50-7d22-4c0a-9169-8acfb8baaa19,L1,Profile
916cbb50-7d22-4c0a-9169-8acfb8baaa19,L1,Profile
916cbb50-7d22-4c0a-9169-8acfb8baaa19,L1,Profile
916cbb50-7d22-4c0a-9169-8acfb8baaa19,L1,Profile
916cbb50-7d22-4c0a-9169-8acfb8baaa19,L1,Profile
916cbb50-7d22-4c0a-9169-8acfb8baaa19,L1,Profile
916cbb50-7d22-4c0a-9169-8acfb8baaa19,L1,Profile
916cbb50-7d22-4c0a-9169-8acfb8baaa19,L1,Profile
916cbb50-7d22-4c0a-9169-8acfb8baaa19,L1,Profile
916cbb50-7d22-4c0a-9169-8acfb8baaa19,L1,Profile
916cbb50-7d22-4c0a-9169-8acfb8baaa19,L1,Profile
916cbb50-7d22-4c0a-9169-8acfb8baaa19,L1,Profile
916cbb50-7d22-4c0a-9169-8acfb8baaa19,L1,Profile
916cbb50-7d22-4c0a-9169-8acfb8baaa19,L1,Profile
916cbb50-7d22-4c0a-9169-8acfb8baaa19,L1,Profile
916cbb50-7d22-4c0a-9169-8acfb8baaa19,L1,Profile
916cbb50-7d22-4c0a-9169-8acfb8baaa19,L1,Profile
916cbb50-7d22-4c0a-9169-8acfb8baaa19,L1,Profile
916cbb50-7d22-4c0a-9169-8acfb8baaa19,L1,Profile
916cbb50-7d22-4c0a-9169-8acfb8baaa19,L1,Profile
916cbb50-7d22-4c0a-9169-8acfb8baaa19,L1,Profile
916cbb50-7d22-4c0a-9169-8acfb8baaa19,L1,Profile
916cbb50-7d22-4c0a-9169-8acfb8baaa19,L1,Profile
916cbb50-7d22-4c0a-9169-8acfb8baaa19,L1,Profile
916cbb50-7d22-4c0a-9169-8acfb8baaa19,L1,Profile
916cbb50-7d22-4c0a-9169-8acfb8baaa19,L1,Profile
916cbb50-7d22-4c0a-9169-8acfb8baaa19,L1,Profile
916cbb50-7d22-4c0a-9169-8acfb8baaa19,L1,Profile
916cbb50-7d22-4c0a-9169-8acfb8baaa19,L1,Profile
916cbb50-7d22-4c0a-9169-8acfb8baaa19,L1,Profile
916cbb50-7d22-4c0a-9169-8acfb8baaa19,L1,Profile
916cbb50-7d22-4c0a-9169-8acfb8baaa19,L1,Profile
916cbb50-7d22-4c0a-9169-8acfb8baaa19,L1,Profile
916cbb50-7d22-4c0a-9169-8acfb8baaa19,L1,Profile
916cbb50-7d22-4c0a-9169-8acfb8baaa19,L1,Profile
916cbb50-7d22-4c0a-9169-8acfb8baaa19,L1,Profile
916cbb50-7d22-4c0a-9169-8acfb8baaa19,L1,Profile
916cbb50-7d22-4c0a-9169-8acfb8baaa19,L1,Profile
916cbb50-7d22-4c0a-9169-8acfb8baaa19,L1,Profile
916cbb50-7d22-4c0a-9169-8acfb8baaa19,L1,Profile
916cbb50-7d22-4c0a-9169-8acfb8baaa19,L1,Profile
916cbb50-7d22-4c0a-9169-8acfb8baaa19,L1,Profile
916cbb50-7d22-4c0a-9169-8acfb8baaa19,L1,Profile
916cbb50-7d22-4c0a-9169-8acfb8baaa19,L1,Profile
916cbb50-7d22-4c0a-9169-8acfb8baaa19,L1,Profile
916cbb50-7d22-4c0a-9169-8acfb8baaa19,L1,Profile
916cbb50-7d22-4c0a-9169-8acfb8baaa19,L1,Profile
916cbb50-7d22-4c0a-9169-8acfb8baaa19,L1,Profile
916cbb50-7d22-4c0a-9169-8acfb8baaa19,L1,Profile
916cbb50-7d22-4c0a-9169-8acfb8baaa19,L1,Profile
916cbb50-7d22-4c0a-9169-8acfb8baaa19,L1,Profile
916cbb50-7d22-4c0a-9169-8acfb8baaa19,L1,Profile
916cbb50-7d22-4c0a-9169-8acfb8baaa19,L1,Profile
916cbb50-7d22-4c0a-9169-8acfb8baaa19,L1,Profile
916cbb50-7d22-4c0a-9169-8acfb8baaa19,L1,Profile
916cbb50-7d22-4c0a-9169-8acfb8baaa19,L1,Profile
916cbb50-7d22-4c0a-9169-8acfb8baaa19,L1,Profile
916cbb50-7d22-4c0a-9169-8acfb8baaa19,L1,Profile
916cbb50-7d22-4c0a-9169-8acfb8baaa19,L1,Profile
916cbb50-7d22-4c0a-9169-8acfb8baaa19,L1,Profile
916cbb50-7d22-4c0a-9169-8acfb8baaa19,L1,Profile
916cbb50-7d22-4c0a-9169-8acfb8baaa19,L1,Profile
916cbb50-7d22-4c0a-9169-8acfb8baaa19,L1,Profile
916cbb50-7d22-4c0a-9169-8acfb8baaa19,L1,Profile
916cbb50-7d22-4c0a-9169-8acfb8baaa19,L1,Profile
916cbb50-7d22-4c0a-9169-8acfb8baaa19,L1,Profile
916cbb50-7d22-4c0a-9169-8acfb8baaa19,L1,Profile
916cbb50-7d22-4c0a-9169-8acfb8baaa19,L1,Profile
916cbb50-7d22-4c0a-9169-8acfb8baaa19,L1,Profile
916cbb50-7d22-4c0a-9169-8acfb8baaa19,L1,Profile
916cbb50-7d22-4c0a-9169-8acfb8baaa19,L1,Profile
916cbb50-7d22-4c0a-9169-8acfb8baaa19,L1,Profile
916cbb50-7d22-4c0a-9169-8acfb8baaa19,L1,Profile
916cbb50-7d22-4c0a-9169-8acfb8baaa19,L1,Profile
916cbb50-7d22-4c0a-9169-8acfb8baaa19,L1,Profile
916cbb50-7d22-4c0a-9169-8acfb8baaa19,L1,Profile
916cbb50-7d22-4c0a-9169-8acfb8baaa19,L1,Profile
916cbb50-7d22-4c0a-9169-8acfb8baaa19,L1,Profile
916cbb50-7d22-4c0a-9169-8acfb8baaa19,L1,Profile
916cbb50-7d22-4c0a-9169-8acfb8baaa19,L1,Profile
916cbb50-7d22-4c0a-9169-8acfb8baaa19,L1,Profile
916cbb50-7d22-4c0a-9169-8acfb8baaa19,L1,Profile
916cbb50-7d22-4c0a-9169-8acfb8baaa19,L1,Profile
916cbb50-7d22-4c0a-9169-8acfb8baaa19,L1,Profile
916cbb50-7d22-4c0a-9169-8acfb8baaa19,L1,Profile
916cbb50-7d22-4c0a-9169-8acfb8baaa19,L1,Profile
916cbb50-7d22-4c0a-9169-8acfb8baaa19,L1,Profile
916cbb50-7d22-4c0a-9169-8acfb8baaa19,L1,Profile
916cbb50-7d22-4c0a-9169-8acfb8baaa19,L1,Profile
916cbb50-7d22-4c0a-9169-8acfb8baaa19,L1,Profile
916cbb50-7d22-4c0a-9169-8acfb8baaa19,L1,Profile
916cbb50-7d22-4c0a-9169-8acfb8baaa19,L1,Profile
916cbb50-7d22-4c0a-9169-8acfb8baaa19,L1,Profile
916cbb50-7d22-4c0a-9169-8acfb8baaa19,L1,Profile
916cbb50-7d22-4c0a-9169-8acfb8baaa19,L1,Profile
916cbb50-7d22-4c0a-9169-8acfb8baaa19,L1,Profile
916cbb50-7d22-4c0a-9169-8acfb8baaa19,L1,Profile
916cbb50-7d22-4c0a-9169-8acfb8baaa19,L1,Profile
916cbb50-7d22-4c0a-9169-8acfb8baaa19,L1,Profile
916cbb50-7d22-4c0a-9169-8acfb8baaa19,L1,Profile
916cbb50-7d22-4c0a-9169-8acfb8baaa19,L1,Profile
916cbb50-7d22-4c0a-9169-8acfb8baaa19,L1,Profile
916cbb50-7d22-4c0a-9169-8acfb8baaa19,L1,Profile
916cbb50-7d22-4c0a-9169-8acfb8baaa19,L1,Profile
916cbb50-7d22-4c0a-9169-8acfb8baaa19,L1,Profile
916cbb50-7d22-4c0a-9169-8acfb8baaa19,L1,Profile
916cbb50-7d22-4c0a-9169-8acfb8baaa19,L1,Profile
916cbb50-7d22-4c0a-9169-8acfb8baaa19,L1,Profile
916cbb50-7d22-4c0a-9169-8acfb8baaa19,L1,Profile
916cbb50-7d22-4c0a-9169-8acfb8baaa19,L1,Profile
916cbb50-7d22-4c0a-9169-8acfb8baaa19,L1,Profile
916cbb50-7d22-4c0a-9169-8acfb8baaa19,L1,Profile
916cbb50-7d22-4c0a-9169-8acfb8baaa19,L1,Profile
916cbb50-7d22-4c0a-9169-8acfb8baaa19,L1,Profile
916cbb50-7d22-4c0a-9169-8acfb8baaa19,L1,Profile
916cbb50-7d22-4c0a-9169-8acfb8baaa19,L1,Profile
916cbb50-7d22-4c0a-9169-8acfb8baaa19,L1,Profile
916cbb50-7d22-4c0a-9169-8acfb8baaa19,L1,Profile
916cbb50-7d22-4c0a-9169-8acfb8baaa19,L1,Profile
916cbb50-7d22-4c0a-9169-8acfb8baaa19,L1,Profile
916cbb50-7d22-4c0a-9169-8acfb8baaa19,L1,Profile
916cbb50-7d22-4c0a-9169-8acfb8baaa19,L1,Profile
916cbb50-7d22-4c0a-9169-8acfb8baaa19,L1,Profile
916cbb50-7d22-4c0a-9169-8acfb8baaa19,L1,Profile
916cbb50-7d22-4c0a-9169-8acfb8baaa19,L1,Profile
916cbb50-7d22-4c0a-9169-8acfb8baaa19,L1,Profile
916cbb50-7d22-4c0a-9169-8acfb8baaa19,L1,Profile
916cbb50-7d22-4c0a-9169-8acfb8baaa19,L1,Profile
916cbb50-7d22-4c0a-9169-8acfb8baaa19,L1,Profile
916cbb50-7d22-4c0a-9169-8acfb8baaa19,L1,Profile
916cbb50-7d22-4c0a-9169-8acfb8baaa19,L1,Profile
916cbb50-7d22-4c0a-9169-8acfb8baaa19,L1,Profile
916cbb50-7d22-4c0a-9169-8acfb8baaa19,L1,Profile
916cbb50-7d22-4c0a-9169-8acfb8baaa19,L1,Profile
916cbb50-7d22-4c0a-9169-8acfb8baaa19,L1,Profile
916cbb50-7d22-4c0a-9169-8acfb8baaa19,L1,Profile
916cbb50-7d22-4c0a-9169-8acfb8baaa19,L1,Profile
916cbb50-7d22-4c0a-9169-8acfb8baaa19,L1,Profile
916cbb50-7d22-4c0a-9169-8acfb8baaa19,L1,Profile
916cbb50-7d22-4c0a-9169-8acfb8baaa19,L1,Profile
916cbb50-7d22-4c0a-9169-8acfb8baaa19,L1,Profile
916cbb50-7d22-4c0a-9169-8acfb8baaa19,L1,Profile
916cbb50-7d22-4c0a-9169-8acfb8baaa19,L1,Profile
916cbb50-7d22-4c0a-9169-8acfb8baaa19,L1,Profile
916cbb50-7d22-4c0a-9169-8acfb8baaa19,L1,Profile
916cbb50-7d22-4c0a-9169-8acfb8baaa19,L1,Profile
916cbb50-7d22-4c0a-9169-8acfb8baaa19,L1,Profile
916cbb50-7d22-4c0a-9169-8acfb8baaa19,L1,Profile
916cbb50-7d22-4c0a-9169-8acfb8baaa19,L1,Profile
916cbb50-7d22-4c0a-9169-8acfb8baaa19,L1,Profile
916cbb50-7d22-4c0a-9169-8acfb8baaa19,L1,Profile
916cbb50-7d22-4c0a-9169-8acfb8baaa19,L1,Profile
916cbb50-7d22-4c0a-9169-8acfb8baaa19,L1,Profile
916cbb50-7d22-4c0a-9169-8acfb8baaa19,L1,Profile
916cbb50-7d22-4c0a-9169-8acfb8baaa19,L1,Profile
916cbb50-7d22-4c0a-9169-8acfb8baaa19,L1,Profile
916cbb50-7d22-4c0a-9169-8acfb8baaa19,L1,Profile
916cbb50-7d22-4c0a-9169-8acfb8baaa19,L1,Profile
916cbb50-7d22-4c0a-9169-8acfb8baaa19,L1,Profile
916cbb50-7d22-4c0a-9169-8acfb8baaa19,L1,Profile
916cbb50-7d22-4c0a-9169-8acfb8baaa19,L1,Profile
916cbb50-7d22-4c0a-9169-8acfb8baaa19,L1,Profile
916cbb50-7d22-4c0a-9169-8acfb8baaa19,L1,Profile
916cbb50-7d22-4c0a-9169-8acfb8baaa19,L1,Profile
916cbb50-7d22-4c0a-9169-8acfb8baaa19,L1,Profile
916cbb50-7d22-4c0a-9169-8acfb8baaa19,L1,Profile
916cbb50-7d22-4c0a-9169-8acfb8baaa19,L1,Profile
916cbb50-7d22-4c0a-9169-8acfb8baaa19,L1,Profile
916cbb50-7d22-4c0a-9169-8acfb8baaa19,L1,Profile
916cbb50-7d22-4c0a-9169-8acfb8baaa19,L1,Profile
916cbb50-7d22-4c0a-9169-8acfb8baaa19,L1,Profile
916cbb50-7d22-4c0a-9169-8acfb8baaa19,L1,Profile
916cbb50-7d22-4c0a-9169-8acfb8baaa19,L1,Profile
916cbb50-7d22-4c0a-9169-8acfb8baaa19,L1,Profile
916cbb50-7d22-4c0a-9169-8acfb8baaa19,L1,Profile
916cbb50-7d22-4c0a-9169-8acfb8baaa19,L1,Profile
916cbb50-7d22-4c0a-9169-8acfb8baaa19,L1,Profile
916cbb50-7d22-4c0a-9169-8acfb8baaa19,L1,Profile
916cbb50-7d22-4c0a-9169-8acfb8baaa19,L1,Profile
916cbb50-7d22-4c0a-9169-8acfb8baaa19,L1,Profile
916cbb50-7d22-4c0a-9169-8acfb8baaa19,L1,Profile
916cbb50-7d22-4c0a-9169-8acfb8baaa19,L1,Profile
916cbb50-7d22-4c0a-9169-8acfb8baaa19,L1,Profile
916cbb50-7d22-4c0a-9169-8acfb8baaa19,L1,Profile
916cbb50-7d22-4c0a-9169-8acfb8baaa19,L1,Profile
916cbb50-7d22-4c0a-9169-8acfb8baaa19,L1,Profile
916cbb50-7d22-4c0a-9169-8acfb8baaa19,L1,Profile
916cbb50-7d22-4c0a-9169-8acfb8baaa19,L1,Profile
916cbb50-7d22-4c0a-9169-8acfb8baaa19,L1,Profile
916cbb50-7d22-4c0a-9169-8acfb8baaa19,L1,Profile
916cbb50-7d22-4c0a-9169-8acfb8baaa19,L1,Profile
916cbb50-7d22-4c0a-9169-8acfb8baaa19,L1,Profile
916cbb50-7d22-4c0a-9169-8acfb8baaa19,L1,Profile
916cbb50-7d22-4c0a-9169-8acfb8baaa19,L1,Profile
916cbb50-7d22-4c0a-9169-8acfb8baaa19,L1,Profile
916cbb50-7d22-4c0a-9169-8acfb8baaa19,L1,Profile
916cbb50-7d22-4c0a-9169-8acfb8baaa19,L1,Profile
916cbb50-7d22-4c0a-9169-8acfb8baaa19,L1,Profile
916cbb50-7d22-4c0a-9169-8acfb8baaa19,L1,Profile
916cbb50-7d22-4c0a-9169-8acfb8baaa19,L1,Profile
916cbb50-7d22-4c0a-9169-8acfb8baaa19,L1,Profile
916cbb50-7d22-4c0a-9169-8acfb8baaa19,L1,Profile
916cbb50-7d22-4c0a-9169-8acfb8baaa19,L1,Profile
916cbb50-7d22-4c0a-9169-8acfb8baaa19,L1,Profile
916cbb50-7d22-4c0a-9169-8acfb8baaa19,L1,Profile
916cbb50-7d22-4c0a-9169-8acfb8baaa19,L1,Profile
916cbb50-7d22-4c0a-9169-8acfb8baaa19,L1,Profile
916cbb50-7d22-4c0a-9169-8acfb8baaa19,L1,Profile
916cbb50-7d22-4c0a-9169-8acfb8baaa19,L1,Profile
916cbb50-7d22-4c0a-9169-8acfb8baaa19,L1,Profile
916cbb50-7d22-4c0a-9169-8acfb8baaa19,L1,Profile
916cbb50-7d22-4c0a-9169-8acfb8baaa19,L1,Profile
916cbb50-7d22-4c0a-9169-8acfb8baaa19,L1,Profile
916cbb50-7d22-4c0a-9169-8acfb8baaa19,L1,Profile
916cbb50-7d22-4c0a-9169-8acfb8baaa19,L1,Profile
916cbb50-7d22-4c0a-9169-8acfb8baaa19,L1,Profile
916cbb50-7d22-4c0a-9169-8acfb8baaa19,L1,Profile
916cbb50-7d22-4c0a-9169-8acfb8baaa19,L1,Profile
916cbb50-7d22-4c0a-9169-8acfb8baaa19,L1,Profile
916cbb50-7d22-4c0a-9169-8acfb8baaa19,L1,Profile
916cbb50-7d22-4c0a-9169-8acfb8baaa19,L1,Profile
916cbb50-7d22-4c0a-9169-8acfb8baaa19,L1,Profile
916cbb50-7d22-4c0a-9169-8acfb8baaa19,L1,Profile
916cbb50-7d22-4c0a-9169-8acfb8baaa19,L1,Profile
916cbb50-7d22-4c0a-9169-8acfb8baaa19,L1,Profile
916cbb50-7d22-4c0a-9169-8acfb8baaa19,L1,Profile
916cbb50-7d22-4c0a-9169-8acfb8baaa19,L1,Profile
916cbb50-7d22-4c0a-9169-8acfb8baaa19,L1,Profile
916cbb50-7d22-4c0a-9169-8acfb8baaa19,L1,Profile
916cbb50-7d22-4c0a-9169-8acfb8baaa19,L1,Profile
916cbb50-7d22-4c0a-9169-8acfb8baaa19,L1,Profile
916cbb50-7d22-4c0a-9169-8acfb8baaa19,L1,Profile
916cbb50-7d22-4c0a-9169-8acfb8baaa19,L1,Profile
916cbb50-7d22-4c0a-9169-8acfb8baaa19,L1,Profile
916cbb50-7d22-4c0a-9169-8acfb8baaa19,L1,Profile
916cbb50-7d22-4c0a-9169-8acfb8baaa19,L1,Profile
916cbb50-7d22-4c0a-9169-8acfb8baaa19,L1,Profile
916cbb50-7d22-4c0a-9169-8acfb8baaa19,L1,Profile
916cbb50-7d22-4c0a-9169-8acfb8baaa19,L1,Profile
916cbb50-7d22-4c0a-9169-8acfb8baaa19,L1,Profile
916cbb50-7d22-4c0a-9169-8acfb8baaa19,L1,Profile
916cbb50-7d22-4c0a-9169-8acfb8baaa19,L1,Profile
916cbb50-7d22-4c0a-9169-8acfb8baaa19,L1,Profile
916cbb50-7d22-4c0a-9169-8acfb8baaa19,L1,Profile
916cbb50-7d22-4c0a-9169-8acfb8baaa19,L1,Profile
916cbb50-7d22-4c0a-9169-8acfb8baaa19,L1,Profile
916cbb50-7d22-4c0a-9169-8acfb8baaa19,L1,Profile
916cbb50-7d22-4c0a-9169-8acfb8baaa19,L1,Profile
916cbb50-7d22-4c0a-9169-8acfb8baaa19,L1,Profile
916cbb50-7d22-4c0a-9169-8acfb8baaa19,L1,Profile
916cbb50-7d22-4c0a-9169-8acfb8baaa19,L1,Profile
916cbb50-7d22-4c0a-9169-8acfb8baaa19,L1,Profile
916cbb50-7d22-4c0a-9169-8acfb8baaa19,L1,Profile
916cbb50-7d22-4c0a-9169-8acfb8baaa19,L1,Profile
916cbb50-7d22-4c0a-9169-8acfb8baaa19,L1,Profile
916cbb50-7d22-4c0a-9169-8acfb8baaa19,L1,Profile
916cbb50-7d22-4c0a-9169-8acfb8baaa19,L1,Profile
916cbb50-7d22-4c0a-9169-8acfb8baaa19,L1,Profile
916cbb50-7d22-4c0a-9169-8acfb8baaa19,L1,Profile
916cbb50-7d22-4c0a-9169-8acfb8baaa19,L1,Profile
916cbb50-7d22-4c0a-9169-8acfb8baaa19,L1,Profile
916cbb50-7d22-4c0a-9169-8acfb8baaa19,L1,Profile
916cbb50-7d22-4c0a-9169-8acfb8baaa19,L1,Profile
916cbb50-7d22-4c0a-9169-8acfb8baaa19,L1,Profile
916cbb50-7d22-4c0a-9169-8acfb8baaa19,L1,Profile
916cbb50-7d22-4c0a-9169-8acfb8baaa19,L1,Profile
916cbb50-7d22-4c0a-9169-8acfb8baaa19,L1,Profile
916cbb50-7d22-4c0a-9169-8acfb8baaa19,L1,Profile
916cbb50-7d22-4c0a-9169-8acfb8baaa19,L1,Profile
916cbb50-7d22-4c0a-9169-8acfb8baaa19,L1,Profile
916cbb50-7d22-4c0a-9169-8acfb8baaa19,L1,Profile
916cbb50-7d22-4c0a-9169-8acfb8baaa19,L1,Profile
916cbb50-7d22-4c0a-9169-8acfb8baaa19,L1,Profile
916cbb50-7d22-4c0a-9169-8acfb8baaa19,L1,Profile
916cbb50-7d22-4c0a-9169-8acfb8baaa19,L1,Profile
916cbb50-7d22-4c0a-9169-8acfb8baaa19,L1,Profile
916cbb50-7d22-4c0a-9169-8acfb8baaa19,L1,Profile
916cbb50-7d22-4c0a-9169-8acfb8baaa19,L1,Profile
916cbb50-7d22-4c0a-9169-8acfb8baaa19,L1,Profile
916cbb50-7d22-4c0a-9169-8acfb8baaa19,L1,Profile
916cbb50-7d22-4c0a-9169-8acfb8baaa19,L1,Profile
916cbb50-7d22-4c0a-9169-8acfb8baaa19,L1,Profile
916cbb50-7d22-4c0a-9169-8acfb8baaa19,L1,Profile
916cbb50-7d22-4c0a-9169-8acfb8baaa19,L1,Profile
916cbb50-7d22-4c0a-9169-8acfb8baaa19,L1,Profile
916cbb50-7d22-4c0a-9169-8acfb8baaa19,L1,Profile
916cbb50-7d22-4c0a-9169-8acfb8baaa19,L1,Profile
916cbb50-7d22-4c0a-9169-8acfb8baaa19,L1,Profile
916cbb50-7d22-4c0a-9169-8acfb8baaa19,L1,Profile
916cbb50-7d22-4c0a-9169-8acfb8baaa19,L1,Profile
916cbb50-7d22-4c0a-9169-8acfb8baaa19,L1,Profile
916cbb50-7d22-4c0a-9169-8acfb8baaa19,L1,Profile
916cbb50-7d22-4c0a-9169-8acfb8baaa19,L1,Profile
916cbb50-7d22-4c0a-9169-8acfb8baaa19,L1,Profile
916cbb50-7d22-4c0a-9169-8acfb8baaa19,L1,Profile
916cbb50-7d22-4c0a-9169-8acfb8baaa19,L1,Profile
916cbb50-7d22-4c0a-9169-8acfb8baaa19,L1,Profile
916cbb50-7d22-4c0a-9169-8acfb8baaa19,L1,Profile
916cbb50-7d22-4c0a-9169-8acfb8baaa19,L1,Profile
916cbb50-7d22-4c0a-9169-8acfb8baaa19,L1,Profile
916cbb50-7d22-4c0a-9169-8acfb8baaa19,L1,Profile
916cbb50-7d22-4c0a-9169-8acfb8baaa19,L1,Profile
916cbb50-7d22-4c0a-9169-8acfb8baaa19,L1,Profile
916cbb50-7d22-4c0a-9169-8acfb8baaa19,L1,Profile
916cbb50-7d22-4c0a-9169-8acfb8baaa19,L1,Profile
916cbb50-7d22-4c0a-9169-8acfb8baaa19,L1,Profile
916cbb50-7d22-4c0a-9169-8acfb8baaa19,L1,Profile
916cbb50-7d22-4c0a-9169-8acfb8baaa19,L1,Profile
916cbb50-7d22-4c0a-9169-8acfb8baaa19,L1,Profile
916cbb50-7d22-4c0a-9169-8acfb8baaa19,L1,Profile
916cbb50-7d22-4c0a-9169-8acfb8baaa19,L1,Profile
916cbb50-7d22-4c0a-9169-8acfb8baaa19,L1,Profile
916cbb50-7d22-4c0a-9169-8acfb8baaa19,L1,Profile
916cbb50-7d22-4c0a-9169-8acfb8baaa19,L1,Profile
916cbb50-7d22-4c0a-9169-8acfb8baaa19,L1,Profile
916cbb50-7d22-4c0a-9169-8acfb8baaa19,L1,Profile
916cbb50-7d22-4c0a-9169-8acfb8baaa19,L1,Profile
916cbb50-7d22-4c0a-9169-8acfb8baaa19,L1,Profile
916cbb50-7d22-4c0a-9169-8acfb8baaa19,L1,Profile
916cbb50-7d22-4c0a-9169-8acfb8baaa19,L1,Profile
916cbb50-7d22-4c0a-9169-8acfb8baaa19,L1,Profile
916cbb50-7d22-4c0a-9169-8acfb8baaa19,L1,Profile
916cbb50-7d22-4c0a-9169-8acfb8baaa19,L1,Profile
916cbb50-7d22-4c0a-9169-8acfb8baaa19,L1,Profile
916cbb50-7d22-4c0a-9169-8acfb8baaa19,L1,Profile
916cbb50-7d22-4c0a-9169-8acfb8baaa19,L1,Profile
916cbb50-7d22-4c0a-9169-8acfb8baaa19,L1,Profile
916cbb50-7d22-4c0a-9169-8acfb8baaa19,L1,Profile
916cbb50-7d22-4c0a-9169-8acfb8baaa19,L1,Profile
916cbb50-7d22-4c0a-9169-8acfb8baaa19,L1,Profile
916cbb50-7d22-4c0a-9169-8acfb8baaa19,L1,Profile
916cbb50-7d22-4c0a-9169-8acfb8baaa19,L1,Profile
916cbb50-7d22-4c0a-9169-8acfb8baaa19,L1,Profile
916cbb50-7d22-4c0a-9169-8acfb8baaa19,L1,Profile
916cbb50-7d22-4c0a-9169-8acfb8baaa19,L1,Profile
916cbb50-7d22-4c0a-9169-8acfb8baaa19,L1,Profile
916cbb50-7d22-4c0a-9169-8acfb8baaa19,L1,Profile
916cbb50-7d22-4c0a-9169-8acfb8baaa19,L1,Profile
916cbb50-7d22-4c0a-9169-8acfb8baaa19,L1,Profile
916cbb50-7d22-4c0a-9169-8acfb8baaa19,L1,Profile
916cbb50-7d22-4c0a-9169-8acfb8baaa19,L1,Profile
916cbb50-7d22-4c0a-9169-8acfb8baaa19,L1,Profile
916cbb50-7d22-4c0a-9169-8acfb8baaa19,L1,Profile
916cbb50-7d22-4c0a-9169-8acfb8baaa19,L1,Profile
916cbb50-7d22-4c0a-9169-8acfb8baaa19,L1,Profile
916cbb50-7d22-4c0a-9169-8acfb8baaa19,L1,Profile
916cbb50-7d22-4c0a-9169-8acfb8baaa19,L1,Profile
916cbb50-7d22-4c0a-9169-8acfb8baaa19,L1,Profile
916cbb50-7d22-4c0a-9169-8acfb8baaa19,L1,Profile
916cbb50-7d22-4c0a-9169-8acfb8baaa19,L1,Profile
916cbb50-7d22-4c0a-9169-8acfb8baaa19,L1,Profile
916cbb50-7d22-4c0a-9169-8acfb8baaa19,L1,Profile
916cbb50-7d22-4c0a-9169-8acfb8baaa19,L1,Profile
916cbb50-7d22-4c0a-9169-8acfb8baaa19,L1,Profile
916cbb50-7d22-4c0a-9169-8acfb8baaa19,L1,Profile
916cbb50-7d22-4c0a-9169-8acfb8baaa19,L1,Profile
916cbb50-7d22-4c0a-9169-8acfb8baaa19,L1,Profile
916cbb50-7d22-4c0a-9169-8acfb8baaa19,L1,Profile
916cbb50-7d22-4c0a-9169-8acfb8baaa19,L1,Profile
916cbb50-7d22-4c0a-9169-8acfb8baaa19,L1,Profile
916cbb50-7d22-4c0a-9169-8acfb8baaa19,L1,Profile
916cbb50-7d22-4c0a-9169-8acfb8baaa19,L1,Profile
916cbb50-7d22-4c0a-9169-8acfb8baaa19,L1,Profile
916cbb50-7d22-4c0a-9169-8acfb8baaa19,L1,Profile
916cbb50-7d22-4c0a-9169-8acfb8baaa19,L1,Profile
916cbb50-7d22-4c0a-9169-8acfb8baaa19,L1,Profile
916cbb50-7d22-4c0a-9169-8acfb8baaa19,L1,Profile
916cbb50-7d22-4c0a-9169-8acfb8baaa19,L1,Profile
916cbb50-7d22-4c0a-9169-8acfb8baaa19,L1,Profile
916cbb50-7d22-4c0a-9169-8acfb8baaa19,L1,Profile
916cbb50-7d22-4c0a-9169-8acfb8baaa19,L1,Profile
916cbb50-7d22-4c0a-9169-8acfb8baaa19,L1,Profile
916cbb50-7d22-4c0a-9169-8acfb8baaa19,L1,Profile
916cbb50-7d22-4c0a-9169-8acfb8baaa19,L1,Profile
916cbb50-7d22-4c0a-9169-8acfb8baaa19,L1,Profile
916cbb50-7d22-4c0a-9169-8acfb8baaa19,L1,Profile
916cbb50-7d22-4c0a-9169-8acfb8baaa19,L1,Profile
916cbb50-7d22-4c0a-9169-8acfb8baaa19,L1,Profile
916cbb50-7d22-4c0a-9169-8acfb8baaa19,L1,Profile
916cbb50-7d22-4c0a-9169-8acfb8baaa19,L1,Profile
916cbb50-7d22-4c0a-9169-8acfb8baaa19,L1,Profile
916cbb50-7d22-4c0a-9169-8acfb8baaa19,L1,Profile
916cbb50-7d22-4c0a-9169-8acfb8baaa19,L1,Profile
916cbb50-7d22-4c0a-9169-8acfb8baaa19,L1,Profile
916cbb50-7d22-4c0a-9169-8acfb8baaa19,L1,Profile
916cbb50-7d22-4c0a-9169-8acfb8baaa19,L1,Profile
916cbb50-7d22-4c0a-9169-8acfb8baaa19,L1,Profile
916cbb50-7d22-4c0a-9169-8acfb8baaa19,L1,Profile
916cbb50-7d22-4c0a-9169-8acfb8baaa19,L1,Profile
916cbb50-7d22-4c0a-9169-8acfb8baaa19,L1,Profile
916cbb50-7d22-4c0a-9169-8acfb8baaa19,L1,Profile
916cbb50-7d22-4c0a-9169-8acfb8baaa19,L1,Profile
916cbb50-7d22-4c0a-9169-8acfb8baaa19,L1,Profile
916cbb50-7d22-4c0a-9169-8acfb8baaa19,L1,Profile
916cbb50-7d22-4c0a-9169-8acfb8baaa19,L1,Profile
916cbb50-7d22-4c0a-9169-8acfb8baaa19,L1,Profile
916cbb50-7d22-4c0a-9169-8acfb8baaa19,L1,Profile
916cbb50-7d22-4c0a-9169-8acfb8baaa19,L1,Profile
916cbb50-7d22-4c0a-9169-8acfb8baaa19,L1,Profile
916cbb50-7d22-4c0a-9169-8acfb8baaa19,L1,Profile
916cbb50-7d22-4c0a-9169-8acfb8baaa19,L1,Profile
916cbb50-7d22-4c0a-9169-8acfb8baaa19,L1,Profile
916cbb50-7d22-4c0a-9169-8acfb8baaa19,L1,Profile
916cbb50-7d22-4c0a-9169-8acfb8baaa19,L1,Profile
916cbb50-7d22-4c0a-9169-8acfb8baaa19,L1,Profile
916cbb50-7d22-4c0a-9169-8acfb8baaa19,L1,Profile
916cbb50-7d22-4c0a-9169-8acfb8baaa19,L1,Profile
916cbb50-7d22-4c0a-9169-8acfb8baaa19,L1,Profile
916cbb50-7d22-4c0a-9169-8acfb8baaa19,L1,Profile
916cbb50-7d22-4c0a-9169-8acfb8baaa19,L1,Profile
916cbb50-7d22-4c0a-9169-8acfb8baaa19,L1,Profile
916cbb50-7d22-4c0a-9169-8acfb8baaa19,L1,Profile
916cbb50-7d22-4c0a-9169-8acfb8baaa19,L1,Profile
916cbb50-7d22-4c0a-9169-8acfb8baaa19,L1,Profile
916cbb50-7d22-4c0a-9169-8acfb8baaa19,L1,Profile
916cbb50-7d22-4c0a-9169-8acfb8baaa19,L1,Profile
916cbb50-7d22-4c0a-9169-8acfb8baaa19,L1,Profile
916cbb50-7d22-4c0a-9169-8acfb8baaa19,L1,Profile
916cbb50-7d22-4c0a-9169-8acfb8baaa19,L1,Profile
916cbb50-7d22-4c0a-9169-8acfb8baaa19,L1,Profile
916cbb50-7d22-4c0a-9169-8acfb8baaa19,L1,Profile
916cbb50-7d22-4c0a-9169-8acfb8baaa19,L1,Profile
916cbb50-7d22-4c0a-9169-8acfb8baaa19,L1,Profile
916cbb50-7d22-4c0a-9169-8acfb8baaa19,L1,Profile
916cbb50-7d22-4c0a-9169-8acfb8baaa19,L1,Profile
916cbb50-7d22-4c0a-9169-8acfb8baaa19,L1,Profile
916cbb50-7d22-4c0a-9169-8acfb8baaa19,L1,Profile
916cbb50-7d22-4c0a-9169-8acfb8baaa19,L1,Profile
916cbb50-7d22-4c0a-9169-8acfb8baaa19,L1,Profile
916cbb50-7d22-4c0a-9169-8acfb8baaa19,L1,Profile
916cbb50-7d22-4c0a-9169-8acfb8baaa19,L1,Profile
916cbb50-7d22-4c0a-9169-8acfb8baaa19,L1,Profile
916cbb50-7d22-4c0a-9169-8acfb8baaa19,L1,Profile
916cbb50-7d22-4c0a-9169-8acfb8baaa19,L1,Profile
916cbb50-7d22-4c0a-9169-8acfb8baaa19,L1,Profile
916cbb50-7d22-4c0a-9169-8acfb8baaa19,L1,Profile
916cbb50-7d22-4c0a-9169-8acfb8baaa19,L1,Profile
916cbb50-7d22-4c0a-9169-8acfb8baaa19,L1,Profile
916cbb50-7d22-4c0a-9169-8acfb8baaa19,L1,Profile
916cbb50-7d22-4c0a-9169-8acfb8baaa19,L1,Profile
916cbb50-7d22-4c0a-9169-8acfb8baaa19,L1,Profile
916cbb50-7d22-4c0a-9169-8acfb8baaa19,L1,Profile
916cbb50-7d22-4c0a-9169-8acfb8baaa19,L1,Profile
916cbb50-7d22-4c0a-9169-8acfb8baaa19,L1,Profile
916cbb50-7d22-4c0a-9169-8acfb8baaa19,L1,Profile
916cbb50-7d22-4c0a-9169-8acfb8baaa19,L1,Profile
916cbb50-7d22-4c0a-9169-8acfb8baaa19,L1,Profile
916cbb50-7d22-4c0a-9169-8acfb8baaa19,L1,Profile
916cbb50-7d22-4c0a-9169-8acfb8baaa19,L1,Profile
916cbb50-7d22-4c0a-9169-8acfb8baaa19,L1,Profile
916cbb50-7d22-4c0a-9169-8acfb8baaa19,L1,Profile
916cbb50-7d22-4c0a-9169-8acfb8baaa19,L1,Profile
916cbb50-7d22-4c0a-9169-8acfb8baaa19,L1,Profile
916cbb50-7d22-4c0a-9169-8acfb8baaa19,L1,Profile
916cbb50-7d22-4c0a-9169-8acfb8baaa19,L1,Profile
916cbb50-7d22-4c0a-9169-8acfb8baaa19,L1,Profile
916cbb50-7d22-4c0a-9169-8acfb8baaa19,L1,Profile
916cbb50-7d22-4c0a-9169-8acfb8baaa19,L1,Profile
916cbb50-7d22-4c0a-9169-8acfb8baaa19,L1,Profile
916cbb50-7d22-4c0a-9169-8acfb8baaa19,L1,Profile
916cbb50-7d22-4c0a-9169-8acfb8baaa19,L1,Profile
916cbb50-7d22-4c0a-9169-8acfb8baaa19,L1,Profile
916cbb50-7d22-4c0a-9169-8acfb8baaa19,L1,Profile
916cbb50-7d22-4c0a-9169-8acfb8baaa19,L1,Profile
916cbb50-7d22-4c0a-9169-8acfb8baaa19,L1,Profile
916cbb50-7d22-4c0a-9169-8acfb8baaa19,L1,Profile
916cbb50-7d22-4c0a-9169-8acfb8baaa19,L1,Profile
916cbb50-7d22-4c0a-9169-8acfb8baaa19,L1,Profile
916cbb50-7d22-4c0a-9169-8acfb8baaa19,L1,Profile
916cbb50-7d22-4c0a-9169-8acfb8baaa19,L1,Profile
916cbb50-7d22-4c0a-9169-8acfb8baaa19,L1,Profile
916cbb50-7d22-4c0a-9169-8acfb8baaa19,L1,Profile
916cbb50-7d22-4c0a-9169-8acfb8baaa19,L1,Profile
916cbb50-7d22-4c0a-9169-8acfb8baaa19,L1,Profile
916cbb50-7d22-4c0a-9169-8acfb8baaa19,L1,Profile
916cbb50-7d22-4c0a-9169-8acfb8baaa19,L1,Profile
916cbb50-7d22-4c0a-9169-8acfb8baaa19,L1,Profile
916cbb50-7d22-4c0a-9169-8acfb8baaa19,L1,Profile
916cbb50-7d22-4c0a-9169-8acfb8baaa19,L1,Profile
916cbb50-7d22-4c0a-9169-8acfb8baaa19,L1,Profile
916cbb50-7d22-4c0a-9169-8acfb8baaa19,L1,Profile
916cbb50-7d22-4c0a-9169-8acfb8baaa19,L1,Profile
916cbb50-7d22-4c0a-9169-8acfb8baaa19,L1,Profile
916cbb50-7d22-4c0a-9169-8acfb8baaa19,L1,Profile
916cbb50-7d22-4c0a-9169-8acfb8baaa19,L1,Profile
916cbb50-7d22-4c0a-9169-8acfb8baaa19,L1,Profile
916cbb50-7d22-4c0a-9169-8acfb8baaa19,L1,Profile
916cbb50-7d22-4c0a-9169-8acfb8baaa19,L1,Profile
916cbb50-7d22-4c0a-9169-8acfb8baaa19,L1,Profile
916cbb50-7d22-4c0a-9169-8acfb8baaa19,L1,Profile
916cbb50-7d22-4c0a-9169-8acfb8baaa19,L1,Profile
916cbb50-7d22-4c0a-9169-8acfb8baaa19,L1,Profile
916cbb50-7d22-4c0a-9169-8acfb8baaa19,L1,Profile
916cbb50-7d22-4c0a-9169-8acfb8baaa19,L1,Profile
916cbb50-7d22-4c0a-9169-8acfb8baaa19,L1,Profile
916cbb50-7d22-4c0a-9169-8acfb8baaa19,L1,Profile
916cbb50-7d22-4c0a-9169-8acfb8baaa19,L1,Profile
916cbb50-7d22-4c0a-9169-8acfb8baaa19,L1,Profile
916cbb50-7d22-4c0a-9169-8acfb8baaa19,L1,Profile
916cbb50-7d22-4c0a-9169-8acfb8baaa19,L1,Profile
916cbb50-7d22-4c0a-9169-8acfb8baaa19,L1,Profile
916cbb50-7d22-4c0a-9169-8acfb8baaa19,L1,Profile
916cbb50-7d22-4c0a-9169-8acfb8baaa19,L1,Profile
916cbb50-7d22-4c0a-9169-8acfb8baaa19,L1,Profile
916cbb50-7d22-4c0a-9169-8acfb8baaa19,L1,Profile
916cbb50-7d22-4c0a-9169-8acfb8baaa19,L1,Profile
916cbb50-7d22-4c0a-9169-8acfb8baaa19,L1,Profile
916cbb50-7d22-4c0a-9169-8acfb8baaa19,L1,Profile
916cbb50-7d22-4c0a-9169-8acfb8baaa19,L1,Profile
916cbb50-7d22-4c0a-9169-8acfb8baaa19,L1,Profile
916cbb50-7d22-4c0a-9169-8acfb8baaa19,L1,Profile
916cbb50-7d22-4c0a-9169-8acfb8baaa19,L1,Profile
916cbb50-7d22-4c0a-9169-8acfb8baaa19,L1,Profile
916cbb50-7d22-4c0a-9169-8acfb8baaa19,L1,Profile
916cbb50-7d22-4c0a-9169-8acfb8baaa19,L1,Profile
916cbb50-7d22-4c0a-9169-8acfb8baaa19,L1,Profile
916cbb50-7d22-4c0a-9169-8acfb8baaa19,L1,Profile
916cbb50-7d22-4c0a-9169-8acfb8baaa19,L1,Profile
916cbb50-7d22-4c0a-9169-8acfb8baaa19,L1,Profile
916cbb50-7d22-4c0a-9169-8acfb8baaa19,L1,Profile
916cbb50-7d22-4c0a-9169-8acfb8baaa19,L1,Profile
916cbb50-7d22-4c0a-9169-8acfb8baaa19,L1,Profile
916cbb50-7d22-4c0a-9169-8acfb8baaa19,L1,Profile
916cbb50-7d22-4c0a-9169-8acfb8baaa19,L1,Profile
916cbb50-7d22-4c0a-9169-8acfb8baaa19,L1,Profile
916cbb50-7d22-4c0a-9169-8acfb8baaa19,L1,Profile
916cbb50-7d22-4c0a-9169-8acfb8baaa19,L1,Profile
916cbb50-7d22-4c0a-9169-8acfb8baaa19,L1,Profile
916cbb50-7d22-4c0a-9169-8acfb8baaa19,L1,Profile
916cbb50-7d22-4c0a-9169-8acfb8baaa19,L1,Profile
916cbb50-7d22-4c0a-9169-8acfb8baaa19,L1,Profile
916cbb50-7d22-4c0a-9169-8acfb8baaa19,L1,Profile
916cbb50-7d22-4c0a-9169-8acfb8baaa19,L1,Profile
916cbb50-7d22-4c0a-9169-8acfb8baaa19,L1,Profile
916cbb50-7d22-4c0a-9169-8acfb8baaa19,L1,Profile
916cbb50-7d22-4c0a-9169-8acfb8baaa19,L1,Profile
916cbb50-7d22-4c0a-9169-8acfb8baaa19,L1,Profile
916cbb50-7d22-4c0a-9169-8acfb8baaa19,L1,Profile
916cbb50-7d22-4c0a-9169-8acfb8baaa19,L1,Profile
916cbb50-7d22-4c0a-9169-8acfb8baaa19,L1,Profile
916cbb50-7d22-4c0a-9169-8acfb8baaa19,L1,Profile
916cbb50-7d22-4c0a-9169-8acfb8baaa19,L1,Profile
916cbb50-7d22-4c0a-9169-8acfb8baaa19,L1,Profile
916cbb50-7d22-4c0a-9169-8acfb8baaa19,L1,Profile
916cbb50-7d22-4c0a-9169-8acfb8baaa19,L1,Profile
916cbb50-7d22-4c0a-9169-8acfb8baaa19,L1,Profile
916cbb50-7d22-4c0a-9169-8acfb8baaa19,L1,Profile
916cbb50-7d22-4c0a-9169-8acfb8baaa19,L1,Profile
916cbb50-7d22-4c0a-9169-8acfb8baaa19,L1,Profile
916cbb50-7d22-4c0a-9169-8acfb8baaa19,L1,Profile
916cbb50-7d22-4c0a-9169-8acfb8baaa19,L1,Profile
916cbb50-7d22-4c0a-9169-8acfb8baaa19,L1,Profile
916cbb50-7d22-4c0a-9169-8acfb8baaa19,L1,Profile
916cbb50-7d22-4c0a-9169-8acfb8baaa19,L1,Profile
916cbb50-7d22-4c0a-9169-8acfb8baaa19,L1,Profile
916cbb50-7d22-4c0a-9169-8acfb8baaa19,L1,Profile
916cbb50-7d22-4c0a-9169-8acfb8baaa19,L1,Profile
916cbb50-7d22-4c0a-9169-8acfb8baaa19,L1,Profile
916cbb50-7d22-4c0a-9169-8acfb8baaa19,L1,Profile
916cbb50-7d22-4c0a-9169-8acfb8baaa19,L1,Profile
916cbb50-7d22-4c0a-9169-8acfb8baaa19,L1,Profile
916cbb50-7d22-4c0a-9169-8acfb8baaa19,L1,Profile
916cbb50-7d22-4c0a-9169-8acfb8baaa19,L1,Profile
916cbb50-7d22-4c0a-9169-8acfb8baaa19,L1,Profile
916cbb50-7d22-4c0a-9169-8acfb8baaa19,L1,Profile
916cbb50-7d22-4c0a-9169-8acfb8baaa19,L1,Profile
916cbb50-7d22-4c0a-9169-8acfb8baaa19,L1,Profile
916cbb50-7d22-4c0a-9169-8acfb8baaa19,L1,Profile
916cbb50-7d22-4c0a-9169-8acfb8baaa19,L1,Profile
916cbb50-7d22-4c0a-9169-8acfb8baaa19,L1,Profile
916cbb50-7d22-4c0a-9169-8acfb8baaa19,L1,Profile
916cbb50-7d22-4c0a-9169-8acfb8baaa19,L1,Profile
916cbb50-7d22-4c0a-9169-8acfb8baaa19,L1,Profile
916cbb50-7d22-4c0a-9169-8acfb8baaa19,L1,Profile
916cbb50-7d22-4c0a-9169-8acfb8baaa19,L1,Profile
916cbb50-7d22-4c0a-9169-8acfb8baaa19,L1,Profile
916cbb50-7d22-4c0a-9169-8acfb8baaa19,L1,Profile
916cbb50-7d22-4c0a-9169-8acfb8baaa19,L1,Profile
916cbb50-7d22-4c0a-9169-8acfb8baaa19,L1,Profile
916cbb50-7d22-4c0a-9169-8acfb8baaa19,L1,Profile
916cbb50-7d22-4c0a-9169-8acfb8baaa19,L1,Profile
916cbb50-7d22-4c0a-9169-8acfb8baaa19,L1,Profile
916cbb50-7d22-4c0a-9169-8acfb8baaa19,L1,Profile
916cbb50-7d22-4c0a-9169-8acfb8baaa19,L1,Profile
916cbb50-7d22-4c0a-9169-8acfb8baaa19,L1,Profile
916cbb50-7d22-4c0a-9169-8acfb8baaa19,L1,Profile
916cbb50-7d22-4c0a-9169-8acfb8baaa19,L1,Profile
916cbb50-7d22-4c0a-9169-8acfb8baaa19,L1,Profile
916cbb50-7d22-4c0a-9169-8acfb8baaa19,L1,Profile
916cbb50-7d22-4c0a-9169-8acfb8baaa19,L1,Profile
916cbb50-7d22-4c0a-9169-8acfb8baaa19,L1,Profile
916cbb50-7d22-4c0a-9169-8acfb8baaa19,L1,Profile
916cbb50-7d22-4c0a-9169-8acfb8baaa19,L1,Profile
916cbb50-7d22-4c0a-9169-8acfb8baaa19,L1,Profile
916cbb50-7d22-4c0a-9169-8acfb8baaa19,L1,Profile
916cbb50-7d22-4c0a-9169-8acfb8baaa19,L1,Profile
916cbb50-7d22-4c0a-9169-8acfb8baaa19,L1,Profile
916cbb50-7d22-4c0a-9169-8acfb8baaa19,L1,Profile
916cbb50-7d22-4c0a-9169-8acfb8baaa19,L1,Profile
916cbb50-7d22-4c0a-9169-8acfb8baaa19,L1,Profile
916cbb50-7d22-4c0a-9169-8acfb8baaa19,L1,Profile
916cbb50-7d22-4c0a-9169-8acfb8baaa19,L1,Profile
916cbb50-7d22-4c0a-9169-8acfb8baaa19,L1,Profile
916cbb50-7d22-4c0a-9169-8acfb8baaa19,L1,Profile
916cbb50-7d22-4c0a-9169-8acfb8baaa19,L1,Profile
916cbb50-7d22-4c0a-9169-8acfb8baaa19,L1,Profile
916cbb50-7d22-4c0a-9169-8acfb8baaa19,L1,Profile
916cbb50-7d22-4c0a-9169-8acfb8baaa19,L1,Profile
916cbb50-7d22-4c0a-9169-8acfb8baaa19,L1,Profile
916cbb50-7d22-4c0a-9169-8acfb8baaa19,L1,Profile
916cbb50-7d22-4c0a-9169-8acfb8baaa19,L1,Profile
916cbb50-7d22-4c0a-9169-8acfb8baaa19,L1,Profile
916cbb50-7d22-4c0a-9169-8acfb8baaa19,L1,Profile
916cbb50-7d22-4c0a-9169-8acfb8baaa19,L1,Profile
916cbb50-7d22-4c0a-9169-8acfb8baaa19,L1,Profile
916cbb50-7d22-4c0a-9169-8acfb8baaa19,L1,Profile
916cbb50-7d22-4c0a-9169-8acfb8baaa19,L1,Profile
916cbb50-7d22-4c0a-9169-8acfb8baaa19,L1,Profile
916cbb50-7d22-4c0a-9169-8acfb8baaa19,L1,Profile
916cbb50-7d22-4c0a-9169-8acfb8baaa19,L1,Profile
916cbb50-7d22-4c0a-9169-8acfb8baaa19,L1,Profile
916cbb50-7d22-4c0a-9169-8acfb8baaa19,L1,Profile
916cbb50-7d22-4c0a-9169-8acfb8baaa19,L1,Profile
916cbb50-7d22-4c0a-9169-8acfb8baaa19,L1,Profile
916cbb50-7d22-4c0a-9169-8acfb8baaa19,L1,Profile
916cbb50-7d22-4c0a-9169-8acfb8baaa19,L1,Profile
916cbb50-7d22-4c0a-9169-8acfb8baaa19,L1,Profile
916cbb50-7d22-4c0a-9169-8acfb8baaa19,L1,Profile
916cbb50-7d22-4c0a-9169-8acfb8baaa19,L1,Profile
916cbb50-7d22-4c0a-9169-8acfb8baaa19,L1,Profile
916cbb50-7d22-4c0a-9169-8acfb8baaa19,L1,Profile
916cbb50-7d22-4c0a-9169-8acfb8baaa19,L1,Profile
916cbb50-7d22-4c0a-9169-8acfb8baaa19,L1,Profile
916cbb50-7d22-4c0a-9169-8acfb8baaa19,L1,Profile
916cbb50-7d22-4c0a-9169-8acfb8baaa19,L1,Profile
916cbb50-7d22-4c0a-9169-8acfb8baaa19,L1,Profile
916cbb50-7d22-4c0a-9169-8acfb8baaa19,L1,Profile
916cbb50-7d22-4c0a-9169-8acfb8baaa19,L1,Profile
916cbb50-7d22-4c0a-9169-8acfb8baaa19,L1,Profile
916cbb50-7d22-4c0a-9169-8acfb8baaa19,L1,Profile
916cbb50-7d22-4c0a-9169-8acfb8baaa19,L1,Profile
916cbb50-7d22-4c0a-9169-8acfb8baaa19,L1,Profile
916cbb50-7d22-4c0a-9169-8acfb8baaa19,L1,Profile
916cbb50-7d22-4c0a-9169-8acfb8baaa19,L1,Profile
916cbb50-7d22-4c0a-9169-8acfb8baaa19,L1,Profile
916cbb50-7d22-4c0a-9169-8acfb8baaa19,L1,Profile
916cbb50-7d22-4c0a-9169-8acfb8baaa19,L1,Profile
916cbb50-7d22-4c0a-9169-8acfb8baaa19,L1,Profile
916cbb50-7d22-4c0a-9169-8acfb8baaa19,L1,Profile
916cbb50-7d22-4c0a-9169-8acfb8baaa19,L1,Profile
916cbb50-7d22-4c0a-9169-8acfb8baaa19,L1,Profile
916cbb50-7d22-4c0a-9169-8acfb8baaa19,L1,Profile
916cbb50-7d22-4c0a-9169-8acfb8baaa19,L1,Profile
916cbb50-7d22-4c0a-9169-8acfb8baaa19,L1,Profile
916cbb50-7d22-4c0a-9169-8acfb8baaa19,L1,Profile
916cbb50-7d22-4c0a-9169-8acfb8baaa19,L1,Profile
916cbb50-7d22-4c0a-9169-8acfb8baaa19,L1,Profile
916cbb50-7d22-4c0a-9169-8acfb8baaa19,L1,Profile
916cbb50-7d22-4c0a-9169-8acfb8baaa19,L1,Profile
916cbb50-7d22-4c0a-9169-8acfb8baaa19,L1,Profile
916cbb50-7d22-4c0a-9169-8acfb8baaa19,L1,Profile
916cbb50-7d22-4c0a-9169-8acfb8baaa19,L1,Profile
916cbb50-7d22-4c0a-9169-8acfb8baaa19,L1,Profile
916cbb50-7d22-4c0a-9169-8acfb8baaa19,L1,Profile
916cbb50-7d22-4c0a-9169-8acfb8baaa19,L1,Profile
916cbb50-7d22-4c0a-9169-8acfb8baaa19,L1,Profile
916cbb50-7d22-4c0a-9169-8acfb8baaa19,L1,Profile
916cbb50-7d22-4c0a-9169-8acfb8baaa19,L1,Profile
916cbb50-7d22-4c0a-9169-8acfb8baaa19,L1,Profile
916cbb50-7d22-4c0a-9169-8acfb8baaa19,L1,Profile
916cbb50-7d22-4c0a-9169-8acfb8baaa19,L1,Profile
916cbb50-7d22-4c0a-9169-8acfb8baaa19,L1,Profile
916cbb50-7d22-4c0a-9169-8acfb8baaa19,L1,Profile
916cbb50-7d22-4c0a-9169-8acfb8baaa19,L1,Profile
916cbb50-7d22-4c0a-9169-8acfb8baaa19,L1,Profile
916cbb50-7d22-4c0a-9169-8acfb8baaa19,L1,Profile
916cbb50-7d22-4c0a-9169-8acfb8baaa19,L1,Profile
916cbb50-7d22-4c0a-9169-8acfb8baaa19,L1,Profile
916cbb50-7d22-4c0a-9169-8acfb8baaa19,L1,Profile
916cbb50-7d22-4c0a-9169-8acfb8baaa19,L1,Profile
916cbb50-7d22-4c0a-9169-8acfb8baaa19,L1,Profile
916cbb50-7d22-4c0a-9169-8acfb8baaa19,L1,Profile
916cbb50-7d22-4c0a-9169-8acfb8baaa19,L1,Profile
916cbb50-7d22-4c0a-9169-8acfb8baaa19,L1,Profile
916cbb50-7d22-4c0a-9169-8acfb8baaa19,L1,Profile
916cbb50-7d22-4c0a-9169-8acfb8baaa19,L1,Profile
916cbb50-7d22-4c0a-9169-8acfb8baaa19,L1,Profile
916cbb50-7d22-4c0a-9169-8acfb8baaa19,L1,Profile
916cbb50-7d22-4c0a-9169-8acfb8baaa19,L1,Profile
916cbb50-7d22-4c0a-9169-8acfb8baaa19,L1,Profile
916cbb50-7d22-4c0a-9169-8acfb8baaa19,L1,Profile
916cbb50-7d22-4c0a-9169-8acfb8baaa19,L1,Profile
916cbb50-7d22-4c0a-9169-8acfb8baaa19,L1,Profile
916cbb50-7d22-4c0a-9169-8acfb8baaa19,L1,Profile
916cbb50-7d22-4c0a-9169-8acfb8baaa19,L1,Profile
916cbb50-7d22-4c0a-9169-8acfb8baaa19,L1,Profile
916cbb50-7d22-4c0a-9169-8acfb8baaa19,L1,Profile
916cbb50-7d22-4c0a-9169-8acfb8baaa19,L1,Profile
916cbb50-7d22-4c0a-9169-8acfb8baaa19,L1,Profile
916cbb50-7d22-4c0a-9169-8acfb8baaa19,L1,Profile
916cbb50-7d22-4c0a-9169-8acfb8baaa19,L1,Profile
916cbb50-7d22-4c0a-9169-8acfb8baaa19,L1,Profile
916cbb50-7d22-4c0a-9169-8acfb8baaa19,L1,Profile
916cbb50-7d22-4c0a-9169-8acfb8baaa19,L1,Profile
916cbb50-7d22-4c0a-9169-8acfb8baaa19,L1,Profile
916cbb50-7d22-4c0a-9169-8acfb8baaa19,L1,Profile
916cbb50-7d22-4c0a-9169-8acfb8baaa19,L1,Profile
916cbb50-7d22-4c0a-9169-8acfb8baaa19,L1,Profile
916cbb50-7d22-4c0a-9169-8acfb8baaa19,L1,Profile
916cbb50-7d22-4c0a-9169-8acfb8baaa19,L1,Profile
916cbb50-7d22-4c0a-9169-8acfb8baaa19,L1,Profile
916cbb50-7d22-4c0a-9169-8acfb8baaa19,L1,Profile
916cbb50-7d22-4c0a-9169-8acfb8baaa19,L1,Profile
916cbb50-7d22-4c0a-9169-8acfb8baaa19,L1,Profile
916cbb50-7d22-4c0a-9169-8acfb8baaa19,L1,Profile
916cbb50-7d22-4c0a-9169-8acfb8baaa19,L1,Profile
916cbb50-7d22-4c0a-9169-8acfb8baaa19,L1,Profile
916cbb50-7d22-4c0a-9169-8acfb8baaa19,L1,Profile
916cbb50-7d22-4c0a-9169-8acfb8baaa19,L1,Profile
916cbb50-7d22-4c0a-9169-8acfb8baaa19,L1,Profile
916cbb50-7d22-4c0a-9169-8acfb8baaa19,L1,Profile
916cbb50-7d22-4c0a-9169-8acfb8baaa19,L1,Profile
916cbb50-7d22-4c0a-9169-8acfb8baaa19,L1,Profile
916cbb50-7d22-4c0a-9169-8acfb8baaa19,L1,Profile
916cbb50-7d22-4c0a-9169-8acfb8baaa19,L1,Profile
916cbb50-7d22-4c0a-9169-8acfb8baaa19,L1,Profile
916cbb50-7d22-4c0a-9169-8acfb8baaa19,L1,Profile
916cbb50-7d22-4c0a-9169-8acfb8baaa19,L1,Profile
916cbb50-7d22-4c0a-9169-8acfb8baaa19,L1,Profile
916cbb50-7d22-4c0a-9169-8acfb8baaa19,L1,Profile
916cbb50-7d22-4c0a-9169-8acfb8baaa19,L1,Profile
916cbb50-7d22-4c0a-9169-8acfb8baaa19,L1,Profile
916cbb50-7d22-4c0a-9169-8acfb8baaa19,L1,Profile
916cbb50-7d22-4c0a-9169-8acfb8baaa19,L1,Profile
916cbb50-7d22-4c0a-9169-8acfb8baaa19,L1,Profile
916cbb50-7d22-4c0a-9169-8acfb8baaa19,L1,Profile
916cbb50-7d22-4c0a-9169-8acfb8baaa19,L1,Profile
916cbb50-7d22-4c0a-9169-8acfb8baaa19,L1,Profile
916cbb50-7d22-4c0a-9169-8acfb8baaa19,L1,Profile
916cbb50-7d22-4c0a-9169-8acfb8baaa19,L1,Profile
916cbb50-7d22-4c0a-9169-8acfb8baaa19,L1,Profile
916cbb50-7d22-4c0a-9169-8acfb8baaa19,L1,Profile
916cbb50-7d22-4c0a-9169-8acfb8baaa19,L1,Profile
916cbb50-7d22-4c0a-9169-8acfb8baaa19,L1,Profile
916cbb50-7d22-4c0a-9169-8acfb8baaa19,L1,Profile
916cbb50-7d22-4c0a-9169-8acfb8baaa19,L1,Profile
916cbb50-7d22-4c0a-9169-8acfb8baaa19,L1,Profile
916cbb50-7d22-4c0a-9169-8acfb8baaa19,L1,Profile
916cbb50-7d22-4c0a-9169-8acfb8baaa19,L1,Profile
916cbb50-7d22-4c0a-9169-8acfb8baaa19,L1,Profile
916cbb50-7d22-4c0a-9169-8acfb8baaa19,L1,Profile
916cbb50-7d22-4c0a-9169-8acfb8baaa19,L1,Profile
916cbb50-7d22-4c0a-9169-8acfb8baaa19,L1,Profile
916cbb50-7d22-4c0a-9169-8acfb8baaa19,L1,Profile
916cbb50-7d22-4c0a-9169-8acfb8baaa19,L1,Profile
916cbb50-7d22-4c0a-9169-8acfb8baaa19,L1,Profile
916cbb50-7d22-4c0a-9169-8acfb8baaa19,L1,Profile
916cbb50-7d22-4c0a-9169-8acfb8baaa19,L1,Profile
916cbb50-7d22-4c0a-9169-8acfb8baaa19,L1,Profile
916cbb50-7d22-4c0a-9169-8acfb8baaa19,L1,Profile
916cbb50-7d22-4c0a-9169-8acfb8baaa19,L1,Profile
916cbb50-7d22-4c0a-9169-8acfb8baaa19,L1,Profile
916cbb50-7d22-4c0a-9169-8acfb8baaa19,L1,Profile
916cbb50-7d22-4c0a-9169-8acfb8baaa19,L1,Profile
916cbb50-7d22-4c0a-9169-8acfb8baaa19,L1,Profile
916cbb50-7d22-4c0a-9169-8acfb8baaa19,L1,Profile
916cbb50-7d22-4c0a-9169-8acfb8baaa19,L1,Profile
916cbb50-7d22-4c0a-9169-8acfb8baaa19,L1,Profile
916cbb50-7d22-4c0a-9169-8acfb8baaa19,L1,Profile
916cbb50-7d22-4c0a-9169-8acfb8baaa19,L1,Profile
916cbb50-7d22-4c0a-9169-8acfb8baaa19,L1,Profile
916cbb50-7d22-4c0a-9169-8acfb8baaa19,L1,Profile
916cbb50-7d22-4c0a-9169-8acfb8baaa19,L1,Profile
916cbb50-7d22-4c0a-9169-8acfb8baaa19,L1,Profile
916cbb50-7d22-4c0a-9169-8acfb8baaa19,L1,Profile
916cbb50-7d22-4c0a-9169-8acfb8baaa19,L1,Profile
916cbb50-7d22-4c0a-9169-8acfb8baaa19,L1,Profile
916cbb50-7d22-4c0a-9169-8acfb8baaa19,L1,Profile
916cbb50-7d22-4c0a-9169-8acfb8baaa19,L1,Profile
916cbb50-7d22-4c0a-9169-8acfb8baaa19,L1,Profile
916cbb50-7d22-4c0a-9169-8acfb8baaa19,L1,Profile
916cbb50-7d22-4c0a-9169-8acfb8baaa19,L1,Profile
916cbb50-7d22-4c0a-9169-8acfb8baaa19,L1,Profile
916cbb50-7d22-4c0a-9169-8acfb8baaa19,L1,Profile
916cbb50-7d22-4c0a-9169-8acfb8baaa19,L1,Profile
916cbb50-7d22-4c0a-9169-8acfb8baaa19,L1,Profile
916cbb50-7d22-4c0a-9169-8acfb8baaa19,L1,Profile
916cbb50-7d22-4c0a-9169-8acfb8baaa19,L1,Profile
916cbb50-7d22-4c0a-9169-8acfb8baaa19,L1,Profile
916cbb50-7d22-4c0a-9169-8acfb8baaa19,L1,Profile
916cbb50-7d22-4c0a-9169-8acfb8baaa19,L1,Profile
916cbb50-7d22-4c0a-9169-8acfb8baaa19,L1,Profile
916cbb50-7d22-4c0a-9169-8acfb8baaa19,L1,Profile
916cbb50-7d22-4c0a-9169-8acfb8baaa19,L1,Profile
916cbb50-7d22-4c0a-9169-8acfb8baaa19,L1,Profile
916cbb50-7d22-4c0a-9169-8acfb8baaa19,L1,Profile
916cbb50-7d22-4c0a-9169-8acfb8baaa19,L1,Profile
